380961,26613
380961,412208
380961,78539
380961,3087615
191242,186623
1060702,94774
141222,90259
141222,380961
141222,116144
280514,1505445
280514,8783560
280514,3165690
280514,2423942
94774,90259
94774,696508
572000,651415
572000,195167
572000,654945
2988840,117730
2988840,510230
2988840,12890
2168783,534
2168783,2168726
1528223,72537
121335,121241
121241,121526
121241,121335
121241,954170
121241,1835814
152601,59913
152601,90259
152601,716700
152601,8780760
152601,232214
152601,1835814
3403,7907844
3403,563276
3403,11230838
540303,1463370
540303,8121005
540303,2121789
540303,7496
653243,198990
653243,1046691
653243,113956
653243,90259
653243,36905
23803,202580
23803,2785043
23803,15874
23803,917231
5947543,8892331
5947543,9367641
5947543,8770978
3322855,4692663
3322855,1505445
3322855,3343324
40415,1353273
40415,2831267
40415,1087255
3087615,1329059
3087615,16466
3087615,10694568
1897575,9129009
1897575,4255044
1897575,9789323
99955,1223733
99955,1283307
99955,2963505
99955,1225945
2168761,2168726
1502641,92173
1502641,654945
1502641,195167
714181,451909
714181,451939
714181,1050186
7295061,3887
5833061,37213
789581,682931
789581,152879
16383,15574
16383,5773
16383,16890
1876863,3821398
1876863,2339844
1876863,2848344
1876863,1349110
2785043,23803
2785043,1515658
2175663,427702
2175663,420786
194943,6565450
194943,1353273
2437823,441521
2437823,70779
2437823,98209
4042323,8357908
4042323,71143
4042323,4680740
4042323,4039526
2977503,117730
1606583,185669
1606583,14699
1606583,186347
4692663,443723
1087255,6528612
1087255,16013
1087255,654945
6850955,7790603
6850955,1191839
6850955,4020974
4040675,4039995
4040675,2342701
4040675,2457982
2619775,117730
2619775,2311
451075,63060
451075,119265
451075,995017
451075,485970
451075,185828
4677915,4677516
22861,1210805
22861,32695
22861,90259
22861,405819
22861,66111
285421,1087255
285421,185365
285421,3429627
285421,1463261
1159761,404792
1159761,956971
1159761,399586
1159761,2697406
800481,1420300
800481,3327055
1701441,90259
1701441,121335
1701441,29299
145201,8797606
145201,90259
145201,8800257
774681,564350
774681,9151874
416161,1015734
416161,77446
416161,9356941
387021,8862479
387021,4278001
387021,732857
387021,4276916
14441,13120
14441,614816
14441,90259
14441,151713
115081,8689001
115081,3330113
115081,46827
115081,402826
2342701,6257400
2342701,733898
2342701,5726193
1897661,272737
1897661,417252
1897661,140551
1897661,487815
186361,412462
186361,194943
186361,9480229
186361,3389261
644521,90259
644521,251983
644521,13024
787281,213136
787281,722050
787281,508887
2341,1495337
2341,2779003
2341,195167
2341,4009390
1151541,195167
1151541,4137351
441521,120835
441521,78945
441521,1043230
24501,654063
1452961,1060105
1452961,1755442
1452961,194943
7790603,1591036
7790603,7798033
7790603,3377763
7790603,4020700
7790603,4515956
427383,90323
427383,654290
427383,1835814
427383,272737
443723,683630
443723,3227859
443723,4690380
262123,262160
262123,8763510
262123,8286525
233643,233783
233643,8839792
233643,218127
294603,7214963
294603,293077
294603,3332872
294603,5768158
6737803,739147
6737803,1660317
6737803,1829866
6737803,94703
685643,3372559
685643,595058
685643,1489404
685643,121335
685643,924554
3319163,9159287
3319163,4518160
3319163,1328902
411343,4934901
411343,4935713
411343,1221572
411343,4936419
1191063,670438
1191063,77960
1191063,919496
1191063,79914
99075,92584
99075,1444808
99075,1840544
99075,241559
4050075,4659515
4050075,954170
4050075,4060200
4050075,3422048
7293095,8790545
7293095,8816836
7293095,4680580
7293095,7293694
7293095,8955710
181535,2062791
181535,595058
181535,13950
181535,8791443
4039995,4040618
4039995,4040650
43835,194943
43835,665755
43835,195167
64435,134980
64435,2355727
64435,24338
64435,765982
736615,12852
736615,52828
736615,287916
26515,253101
26515,202580
26515,13266
26515,3165690
1690101,165134
4278001,387021
1463261,47164
1463261,3402
1463261,119478
1463261,3151370
1493801,1492397
1493801,81092
4934901,411343
1042321,83779
1042321,3223036
5056841,682931
5368821,5367855
1105001,1048171
1105001,4631469
1105001,376822
1105001,51985
5475141,3402
5475141,2136
5475141,262837
5483701,4402927
2767441,2963505
2767441,3219631
2767441,8764421
5951741,238793
5951741,8096430
6701901,4869155
6701901,3221988
6701901,6806579
6701901,1368032
6570481,18515
7761041,8804356
7761041,9009376
253101,70036
253101,26515
253101,3718
3474181,72413
3474181,161349
3474181,3629236
3474181,194943
3474181,199122
66341,6537029
4179461,5994113
4179461,2764744
175421,3821398
175421,2655438
175421,148737
1889541,4652
1489821,37213
1489821,195167
1489821,16013
1489821,262837
3389261,234046
3389261,47344
3389261,71968
3389261,3417
3389261,16013
94703,6610101
94703,496206
94703,3402
94703,119446
337583,194943
337583,1349110
337583,269788
654063,24501
654063,2247775
654063,3402
654063,76652
2277763,7790603
2277763,294603
2277763,3235261
3480103,3319163
3480103,558519
3480103,3480067
1908323,120076
1908323,4082263
1908323,5675681
1908323,1143112
671223,119446
671223,195167
671223,68532
671223,6640
5901383,4437485
7214963,294603
6513143,203356
251983,256373
251983,689699
251983,22666
251983,16013
3225003,951427
3225003,4014648
1956183,1949834
1956183,1815835
1053383,107900
1053383,673657
1053383,22820
1053383,8121005
1433683,604602
1433683,284688
1433683,259306
1433683,3589428
1433683,61728
2430063,18097
2430063,1019187
2317603,603181
1198083,72537
1198083,1392572
4154443,72413
4154443,4154428
4154443,1192786
4154443,3676358
4154443,68961
2779003,1208690
2779003,6930781
2779003,2152929
1612803,9218828
1612803,12852
1612803,4525963
662543,234046
662543,1381805
662543,2339
662543,3417
662543,635810
3782763,7496
1197183,7790603
233783,233643
233783,5994113
233783,145224
93503,2811600
93503,456022
93503,37213
93503,269788
7803783,4020974
984483,689994
6851463,1074072
6851463,6841952
3377763,7798573
3377763,6747228
3377763,9275933
90323,379322
90323,729898
90323,424531
4659515,4631469
3936935,1151541
3936935,15744
153415,262890
153415,18154
153415,3402
153415,194943
487815,8079
487815,27040
487815,2169409
487815,45687
947395,6231
947395,3010366
947395,1834169
947395,3402
1538115,62115
1538115,849540
3402455,5497636
3402455,3402621
3402455,3402277
4123995,4123968
4123995,4123828
4123995,119446
4123995,1778952
2672635,124646
2672635,1125328
1186675,1753035
1186675,1349110
3327055,1889547
3327055,984233
3327055,3316812
1834415,4210097
1834415,452534
571155,1019187
571155,227644
571155,783394
120835,654945
120835,187754
120835,70772
111415,1382722
111415,194943
32695,54576
32695,402689
1011995,3589428
1011995,91696
1011995,150519
1011995,256373
467401,37753
467401,8764399
467401,8987807
186901,2395587
186901,1391627
186901,1444808
629661,914319
629661,195167
629661,1502641
629661,572000
850241,39365
850241,20256
850241,8764421
736541,2963505
736541,69324
736541,924732
736541,8762941
840661,793295
840661,7060653
840661,2830148
1704601,244112
2529241,1019510
2529241,2529324
5675681,2669605
5675681,931453
35281,6716367
35281,46805
35281,579450
35281,402826
4113281,1020266
4113281,4683359
4113281,2635113
4113281,4152392
6930781,4078409
6930781,119477
6930781,16270
6930781,2339
6930781,11126
3235261,1491077
3235261,672107
3235261,71968
3235261,10754570
3235261,1829866
3235261,13950
5586401,613990
5586401,3386589
5586401,662532
5586401,621297
6919761,3308752
6919761,8472641
6919761,6617768
3387521,1755442
3387521,53767
2021021,3622201
2021021,55567
2021021,665507
2021021,112179
41001,211564
41001,530407
41001,8909747
68961,42890
68961,1502641
68961,1850197
68961,1087255
216481,2831267
216481,6565450
603181,8764421
603181,251598
69961,7185649
69961,218127
69961,221427
2172481,2878948
2172481,4042323
2172481,9340226
4681,5385
4681,1178826
4681,402826
4681,8327835
3402621,9885158
3402621,3404123
3402621,39365
3402621,3405011
3402621,8995898
4680461,8770017
4680461,4680651
4680461,9086210
4680461,4680493
69441,2516527
69441,8872438
69441,90259
69441,8827034
705861,1731088
705861,9137197
150663,2527001
54603,4042323
54603,1202051
54603,92325
2905263,1455664
2905263,195167
2905263,53767
2905263,429236
455843,185365
455843,2290584
455843,13950
455843,1208690
1381663,1355429
1381663,257986
1381663,734759
2120043,9640425
2120043,2720009
5762583,52828
5762583,8767493
5762583,39365
4976703,8827134
4976703,215690
4976703,8849239
4976703,4456501
4082263,9826329
4082263,4082553
4082263,582837
4082263,4864149
4082263,4082649
658443,973299
658443,15874
658443,231160
2323,1353273
2323,444485
2323,6707390
1377203,572000
1377203,195167
1377203,1161997
4525963,43558
4525963,7790603
4525963,3356265
283103,415743
283103,90259
283103,13950
283103,568615
208063,1835814
208063,1519116
1294063,11298578
1294063,2802426
1294063,258507
589923,194943
589923,195167
589923,654945
589923,16013
589923,570567
40883,5725342
40883,41049
40883,9453270
238243,5893681
238243,4860062
238243,16466
238243,195167
645143,59913
645143,90259
149923,29424
149923,140417
149923,424018
3400923,729937
3400923,4042323
4583,1208690
4583,185365
4583,53767
207883,16466
207883,456439
207883,4828075
207883,1629452
683623,683630
683623,127932
2790043,4343588
2790043,3587627
2790043,5900844
421943,694931
421943,8778825
421943,90259
421943,207120
1666523,3353405
1666523,16216
1666523,1516475
1666523,7375
379383,90323
379383,3595092
379383,897036
379383,3073318
61443,3153584
61443,3153065
61443,214931
61443,8765288
4158575,951060
4158575,1956044
4158575,6528612
4158575,77446
1815835,1178826
1815835,7814415
1815835,1071982
151855,8848629
151855,641363
151855,59913
18515,3384159
18515,2561177
640755,1553605
640755,971533
640755,39365
5367855,946742
5367855,8765680
5367855,8813954
7623415,7626640
7623415,7626855
7623415,8826241
4191935,9649499
4191935,9914905
46115,1087255
46115,1353273
46115,185365
47575,1353273
47575,5332066
47575,2831267
47575,185365
562535,90259
562535,8767688
132335,1087255
132335,3384159
132335,1353273
132335,2831267
132335,6565450
4112135,3426236
4112135,4406572
4112135,2399648
287255,45642
287255,227612
287255,1958009
287255,571031
1340935,7591208
1340935,221020
1340935,106805
1340935,11299402
2247775,2831267
2247775,1755442
2247775,660017
1208935,16216
1208935,666109
4597555,3821398
4597555,6608089
4597555,6919761
71555,2831267
71555,1087255
1739255,1495514
1739255,60426
1739255,99625
1739255,3410084
45975,195167
45975,4082580
45975,1087255
45975,572000
958855,233692
958855,881717
958855,69009
933615,972762
933615,422701
933615,7547931
933615,974617
39895,914319
39895,8789176
39895,10932745
2339695,422515
2339695,711066
2339695,1835814
2339695,272737
2339695,2339718
379675,5577477
379675,1958009
379675,90259
4869155,3469391
4869155,6701561
4869155,3033588
4869155,6609499
4869155,4226295
4869155,20256
62115,1443757
62115,90259
62115,195167
62115,402826
1206455,25953
1206455,90259
1206455,1329059
1753035,1299946
1753035,9527425
1753035,4875227
67035,2831267
67035,402012
67035,1087255
1299801,7790603
1299801,740554
1299801,2136
1299801,2339
1052681,77968
1052681,244112
1052681,1052941
1052681,60956
4138861,2056174
4138861,422508
3933501,1381805
3933501,1148993
3933501,7259044
1187821,117112
1187821,1187020
238041,1294191
238041,533261
238041,142192
238041,1739255
238041,1289915
3415141,10183
3415141,3415031
4329061,3364
4329061,44064
4329061,1382722
2527301,2834021
2527301,150663
2527301,117730
2238281,3010366
2238281,1007092
2238281,512095
2347821,252262
4011401,1970686
4011401,66373
128601,79289
298301,297831
298301,28461
298301,2339
298301,3365711
3350321,1424
3350321,1535077
3350321,1194699
3350321,3349504
3350321,241998
3060561,3417
3060561,69009
3060561,195167
3622201,2341
3622201,39365
3622201,8765288
3622201,8767492
5458201,374854
5458201,432929
5458201,72412
5893681,238243
1050141,64435
1050141,63991
1050141,377097
1322781,5988442
1322781,984233
1322781,978901
1322781,4142552
1322781,1753035
1819721,1819594
422701,34194
422701,933615
1499361,262837
1499361,654287
1499361,432371
1499361,444123
1499361,1499370
1499361,217659
4456501,4122807
3387261,2169240
3387261,195167
3387261,3278172
8472641,8766847
535341,45642
535341,39365
535341,90259
892941,639496
892941,3123402
2527001,150663
1391561,293438
1391561,66333
1391561,45687
1391561,852205
2825321,4994641
2825321,2474484
2825321,1706368
35381,147658
35381,1206455
35381,644379
35381,785612
1211561,690353
1211561,1128617
7288661,7288522
999361,6231
999361,18154
999361,194943
66201,66373
66201,66007
7824601,118422
483581,1421570
483581,898282
483581,90259
483581,4939704
4192721,25659
4192721,217798
4192721,196241
222241,1050186
222241,513679
222241,144649
994903,506679
994903,1386627
994903,505923
662703,240156
662703,3417
662703,226967
299323,297447
299323,3365711
166243,451664
166243,873602
166243,148737
166243,411131
19743,99075
19743,241768
19743,107712
19743,78869
262503,195167
262503,2456976
262503,262123
262503,71968
1522863,72537
1522863,218509
1522863,2539467
550123,100197
550123,2464396
550123,655975
550123,1951014
550123,2463723
550123,40432
1206663,197306
1206663,522834
1206663,556177
7270523,13952
7270523,3333492
7270523,31896
1280963,17467
1280963,697477
1280963,2493
2336743,739758
2336743,95863
4438063,2325187
2608423,5901023
2608423,1143112
2608423,15744
2608423,248468
2608423,913362
3432083,3000066
2497003,76652
2497003,994515
2497003,2339
7471363,3429484
3404123,2136
3404123,4382455
3404123,4682130
54403,1528439
54403,194024
641363,151855
641363,2893135
7253923,56077
7253923,54262
7253923,404810
4476623,153379
4476623,439142
4476623,932733
4476623,46115
67223,1082965
67223,1348154
67223,1084494
5481523,628841
5481523,49620
5481523,5481008
5481523,1879920
4192743,3402
4192743,91789
4192743,444842
8467143,1830745
8467143,7062606
415743,7496
415743,423599
415743,99955
415743,415724
445123,263878
445123,4294812
445123,6231
445123,4417858
445123,2767362
2002463,238776
2002463,470394
5922283,5914783
1390683,23234
1390683,1180211
1390683,118242
1390683,15647
3505603,3505045
3505603,3504878
8248323,3309498
1765623,796285
1765623,394653
1765623,267289
1765623,669171
3393983,3393663
3393983,1381805
1657183,3402
1657183,4699833
1657183,53983
1657183,3401603
1534003,1455821
1534003,18515
1534003,401403
1534003,402067
1534003,72537
4228643,1068032
4228643,395353
8265475,447791
2960715,932733
2960715,3629236
6643535,1535077
1944475,188176
1944475,4142552
4828075,1381805
4828075,1938572
4828075,1147472
4688015,4566019
4688015,5535018
4688015,5903650
7597575,5988142
7597575,3121262
1148295,32405
1148295,287784
163075,1379372
2101695,407894
7375,3385034
7375,422945
7375,654945
7375,195167
1190895,12928
1190895,1332536
1190895,1332038
1190895,13950
1190895,2497003
450535,3887
450535,16013
450535,15656
450535,1197456
1710795,1343268
1710795,120050
422515,1610113
422515,79343
422515,715824
3402495,7790603
3402495,4129648
3402495,18097
3402495,1142893
3402495,4018
4121835,1140346
2386995,2386875
2386995,25288
5121815,1349110
5121815,391136
5808255,8079
1516475,2339
1516475,262837
1516475,54576
1516475,1666523
5374215,5372766
5374215,715610
268455,89068
268455,658668
268455,1293440
268455,194821
651415,8837758
7626855,7623415
5438235,4669667
5438235,6923266
5438235,18101
5438235,1769451
113555,113528
113555,985560
113555,8376012
2122975,406218
2122975,2701051
2122975,214324
2122975,97173
2308855,7280601
2308855,1381663
2308855,70253
2308855,256955
2308855,5724107
2308855,2314413
7814415,3400923
683655,2070276
683655,683623
683655,503501
683655,3022743
793295,55436
793295,1874920
4007675,521377
4007675,4121758
8327835,4681
1290555,45484
1290555,89068
1290555,923779
1290555,576780
3373495,979719
119995,119826
119995,120050
1567215,1567209
1567215,4979270
7131895,8472687
7131895,25938
132075,8607
132075,8783337
568615,283103
568615,149182
568615,94955
568615,740554
4226295,432567
4226295,46232
4226295,1156508
2065455,89706
347075,105897
6536235,4123828
6536235,3231571
954075,101856
954075,4848375
954075,4848322
1020075,718460
1020075,89068
1020075,1456397
25695,11929
25695,644394
25695,54576
17875,5716314
17875,174930
17875,195167
17875,235795
1311341,13950
1311341,626654
2135341,3406573
2135341,264408
2135341,399586
2851801,1817759
2851801,1377612
2851801,1331251
2851801,8770017
151981,8767688
151981,426605
151981,218558
516881,20256
516881,10961405
516881,39365
516881,10961390
7279981,9142107
7279981,2487830
7279981,10768555
7279981,3491895
41,69
41,681868
41,645
41,671304
41,1885002
400861,8945697
400861,729898
400861,8826116
400861,59913
400861,729657
503501,10988236
503501,6700930
503501,7102316
503501,7510086
149641,529468
149641,1047597
1528821,1735242
1528821,11039451
1528821,4323611
92861,1353273
92861,1087255
29281,9791619
29281,1019629
29281,3121478
29281,9480338
3441,185365
3441,1313233
3441,1087255
3441,4324558
2260061,4067226
2260061,2456541
2260061,790772
1331141,39365
1331141,1331073
1331141,1332805
1331141,1331283
1778921,10635827
1778921,1559749
1778921,1829866
1778921,239526
113261,241559
113261,113159
113261,227522
113261,937531
70701,983579
70701,9579036
70701,2560954
998701,998547
998701,2098989
998701,30327
19141,1559358
19141,101856
19141,125520
19141,242642
3594741,5993506
3594741,4372838
3594741,4724788
3594741,7840353
3594741,4724824
194821,1087255
194821,6707390
194821,4186764
3292161,2325187
3292161,549899
3292161,3922324
3292161,99104
1668761,733809
1668761,9044385
1668761,8822466
1142561,3405011
1142561,8995898
1142561,4695578
1052941,88303
1052941,195167
1052941,39919
116621,5865239
116621,29862
116621,998392
898101,239450
898101,69
898101,90259
1988061,184569
1988061,12852
389841,113956
389841,1170714
389841,90259
389841,653682
5851841,3174444
628841,3384159
628841,2363940
186661,641363
186661,1493801
186661,59913
125221,9822768
125221,273356
125221,922658
125221,9046231
125221,19887
107301,109311
107301,109743
107301,8806232
2813201,29424
2813201,90259
2813201,4022062
2813201,3374587
2813201,3566798
25081,4252358
25081,4252597
25081,2236509
25081,421560
25081,139248
25081,388590
3493781,4693216
3493781,8777650
3493781,2907744
533261,992153
533261,8765658
533261,8998419
3421141,8764421
3421141,39365
3421141,2459125
3421141,4938122
3421141,7777582
1455821,53767
1455821,1161997
661101,195899
661101,931996
661101,2151100
643481,221469
643481,158814
643481,90259
18101,1095638
18101,8267989
18101,3396437
117961,2561177
117961,53767
117961,4192743
4994641,2825321
4994641,4792457
4994641,2151100
4994641,7604737
4724201,4042323
4724201,195926
4724201,4798754
4724201,2391926
2483041,2702152
2483041,90259
2483041,29424
2483041,10302412
28461,95105
28461,2082800
28461,13950
646441,3088956
646441,448865
646441,11085880
646441,1893109
1122401,1567352
196241,53767
196241,1353273
196241,185365
1354441,1329059
1354441,4318190
1354441,2885870
1354441,6632491
1354441,2767000
7442961,1202547
1784481,4129010
1784481,8766797
1784481,3287304
1784481,4128051
1784481,8773911
1310143,9106417
1310143,1328462
1310143,1718
1310143,9106416
1750943,21624
1750943,1750971
1750943,8800669
22603,6548546
22603,10942894
22603,8773911
22603,7479596
401403,2996020
401403,15874
401403,8917699
79343,12928
79343,9312026
79343,2151907
79343,140385
746183,3918904
746183,9333130
746183,3919009
940543,8491247
940543,90259
940543,5807486
940543,1693197
261943,8768087
261943,2151100
261943,39365
261943,2341
261943,568001
2897783,6801259
2897783,4225572
2897783,2897781
5901023,1512835
5901023,4864149
441663,9329281
441663,925418
441663,5894646
4530083,129097
4530083,8945387
3022743,4107180
3022743,5717323
3022743,8037640
3022743,9175467
152923,925418
152923,57284
953063,195167
953063,7279272
953063,6686208
953063,429236
1332703,2339
1332703,213358
1332703,1239600
1332703,1190895
481503,9501426
481503,2306
481503,2783978
481503,2343554
481503,3662435
481503,158814
913203,4474872
913203,8973030
913203,194943
4867643,260596
4867643,9081078
4867643,6700930
4867643,8957563
3393663,3393983
3393663,3393958
3393663,3393909
3393663,9562346
3393663,1656316
239543,11134738
239543,5842267
239543,599750
10183,10593157
10183,3663304
6537463,7091952
6537463,6811466
6537463,9001837
6537463,7099478
6537463,10612393
547343,1497785
547343,1697425
547343,8279330
65283,4008972
65283,691914
65283,3165690
65283,33234
65283,5715769
469303,9981392
469303,39241
469303,3899036
4021143,1767226
4021143,401121
4021143,3117184
4021143,9672
584823,3693517
584823,572000
584823,195167
584823,6565450
195923,2831267
195923,185365
195923,2363940
195923,3297547
195923,53767
7425223,71671
7425223,1423117
7425223,116817
24963,1143379
24963,1143448
24963,5398459
2517023,4043402
2517023,646502
2517023,194943
2517023,4230206
748223,101856
748223,41429
748223,285761
748223,535771
95863,2336743
95863,2336804
95863,1483440
95863,8952489
90603,3990503
90603,239126
90603,29862
505923,9643209
505923,20256
1070843,2151100
1070843,1070889
1070843,9038425
1070843,8768055
624983,10775511
624983,195167
5914783,5936249
5914783,5925678
5914783,8769533
5914783,90259
796663,4860062
796663,572000
796663,2831267
1540203,8739455
1540203,101856
1540203,8765658
1540203,1629388
14423,52828
14423,5331020
14423,90259
2371203,4224902
2371203,733898
3401603,10552962
3401603,4152392
3401603,8948175
3401603,10387146
4136463,2115299
192803,140385
1680563,3407859
1680563,90259
1680563,3143605
1680563,768884
1680563,3229884
2463723,550123
430043,8783337
430043,1797971
430043,1803861
53983,3387261
53983,1512092
53983,195167
1947743,67890
1947743,4227389
1947743,2112620
482463,9384969
482463,402012
2893135,4659515
2893135,8767492
2893135,641363
2893135,8779601
31355,6871200
31355,5925413
31355,4408385
31355,195167
994515,2497003
994515,37213
994515,2723737
985815,1064703
985815,6963
985815,397157
985815,1202547
709175,1835814
709175,1965024
709175,8765288
709175,1623900
20755,90259
20755,139248
20755,136568
20755,8767492
1914255,6929300
1914255,2388715
1914255,8770017
1914255,8780824
682095,1504737
682095,4441745
655975,6610101
655975,2339
655975,91300
505475,39365
505475,768884
505475,932104
505475,8780941
4948075,1219150
4948075,7895217
4948075,391471
4948075,1783912
4948075,20256
647995,647992
647995,1349110
85755,422686
85755,26085
85755,8767493
85755,8855355
85755,4575521
3404635,1629576
3404635,2951585
2333575,187365
245255,8778433
245255,999068
245255,8851699
4382455,7879531
4382455,3404367
4382455,3404417
505415,8042291
505415,2697848
505415,10005273
1696115,8764421
1696115,39365
1696115,8042291
1696115,90259
1696115,8781454
256955,1087255
256955,618733
256955,457715
2386875,3306768
2386875,1186643
2386875,2386995
2386875,4042323
3404555,4864672
3404555,4864704
3404555,3402592
3404555,4695578
694875,4077205
694875,1318626
694875,2629396
694875,160645
4848375,1074072
4848375,954075
1737335,1060852
1737335,9259191
1737335,1737354
1737335,1737352
94955,377007
94955,924116
94955,2284836
94955,185365
517415,1835814
517415,8767776
517415,15889
517415,8767493
48915,1192557
48915,1087255
291175,3564287
291175,1755442
291175,457715
1328995,1329059
1328995,1083225
1328995,4124170
235795,574435
235795,8783337
235795,651043
235795,6922384
235795,1329059
512095,8775075
512095,8769533
512095,8777526
512095,8778433
907135,4520111
907135,11203055
907135,4571534
907135,9180434
676115,8296609
676115,8345069
676115,1944145
444555,1087255
444555,53767
444555,2561177
3900235,3482657
3900235,4212754
3900235,6535348
155895,1393386
155895,480330
155895,66732
155895,155850
2706595,2324026
2706595,4066115
146415,90259
146415,422686
146415,190623
146415,2702152
3093207,63624
7542407,2308127
1737207,2721552
1737207,5993506
1737207,4012851
1737207,8764421
423407,256003
423407,34194
423407,187814
423407,145201
8646807,8648577
8646807,1157812
8646807,1327925
8646807,8763415
8646807,81868
108607,107301
108607,23074
108607,108348
108607,700227
6820807,6535793
6820807,6535782
288407,3887
288407,39895
288407,2339
288407,982276
4140418,112179
4140418,3095839
4140418,561727
4140418,2056174
986818,93713
986818,986264
986818,470941
986818,3574
299224,1154783
299224,297447
299224,297992
299224,87522
243824,624719
243824,113956
243824,2137454
1965024,1964865
1965024,6829527
1965024,13952
1965024,6645991
2843424,1517280
2843424,142428
21624,20826
21624,43558
21624,1336634
3431425,3000066
1584625,1953513
1584625,16890
1584625,1612803
1584625,601343
1332625,2339
1332625,7790603
1332625,1190895
1697425,165134
1697425,3009416
1697425,40415
2622425,267289
2622425,40474
2622425,998755
1217027,695374
1217027,493184
1217027,371304
1217027,40415
1217027,886322
452027,53983
452027,3278172
452027,195167
452027,47344
1426227,69009
1426227,71968
6554427,154292
6554427,606588
6690427,8301774
6690427,1665608
6690427,1329175
6690427,556138
6690427,2516892
203827,203820
203827,1149248
203827,5728864
203827,2635003
5384228,5383992
2432228,192803
2432228,175567
1950828,573848
1950828,4631469
5348228,5742638
2595828,169514
2595828,839782
611228,654945
611228,16013
611228,194943
611228,3387521
384828,3070693
384828,29728
384828,11569
384828,98407
384828,856258
628228,195167
628228,194943
628228,2811600
628228,2426894
1020437,834562
3396437,117958
3396437,1291486
3396437,25442
3396437,18101
6152437,5994113
130437,1020167
130437,45687
130437,79289
21647,198990
21647,2072346
21647,350548
4397847,4397906
4397847,1333644
547247,40474
2831047,2438363
4152447,1858841
4152447,1292980
4152447,3400923
4152447,186361
3955247,2694018
8491247,6623784
487447,1826611
487447,5501078
487447,8872887
487447,8764421
1086447,2482876
1086447,40415
155850,8768033
155850,2703230
155850,8775121
155850,155929
467050,20256
467050,8824335
248050,247910
5374250,5372766
2268650,717036
5062052,873602
8347452,217659
71858,195167
71858,92173
1485658,3340111
1485658,3396295
1485658,484999
1455664,456022
1455664,69009
1580864,16013
1580864,456022
1580864,269788
1580864,47344
5890864,91789
5890864,3402
5890864,119478
682464,700454
682464,26849
7690870,5987894
7690870,7690512
7690870,7787724
1659470,4943577
1659470,869881
1222473,471173
1222473,154292
1222473,3402
1488073,577713
1488073,847318
1488073,398206
3904473,213358
3904473,47164
3904473,232153
552873,3402
552873,6528612
1090073,60426
1090073,9044853
1090073,1456842
1331073,1190895
1331073,998326
3121478,29281
5925678,2041453
5925678,5914783
1930478,913362
1930478,379300
1930478,89068
1930478,53468
1930478,269788
24878,26613
24878,109299
24878,5773
1581278,621804
1581278,3417
1581278,16619
1581278,619296
1581278,71968
1071078,3402
1071078,621804
1071078,284687
1071078,2323
167679,1343268
167679,148737
167679,117112
750079,482306
6736879,3026368
909079,2700893
909079,5484800
909079,1140718
909079,149475
535879,4369330
535879,2339
535879,630439
535879,1140718
47479,620062
47479,6231
47479,2136
47479,6640
2115299,4135362
2115299,4042323
2115299,8809340
535699,535557
2205099,1450
2205099,6491
2205099,3577245
2205099,1230511
2111499,2059646
2111499,5500826
2111499,187774
549899,198990
549899,566985
549899,8786121
549899,992153
1702300,126153
4259300,70414
91300,651447
91300,197423
91300,655780
91300,565863
1029300,681670
1029300,429236
1029300,1230106
186100,2607955
186100,149408
186100,152354
186100,641757
1902901,85690
6610101,8594275
6610101,94703
6610101,655975
32501,23194
32501,376500
5898501,6535793
5898501,1368838
5898501,6905445
2674501,189477
2674501,125352
2674501,23074
2674501,385294
16501,899103
16501,195167
35909,29564
35909,90259
35909,83720
409909,8787
7690909,4908817
7690909,7690251
7690909,5988356
4677909,4677516
4677909,4518843
2236509,127305
2236509,70253
2236509,25081
7051909,89068
3393909,3393663
4044718,5523661
4044718,1619442
4044718,4977928
4044718,199122
4695118,3296389
4695118,2435392
4563918,420180
151522,39365
151522,90259
151522,39241
4954522,47164
4954522,796663
4954522,462753
1380722,151456
1380722,216037
1380722,404744
4669122,5421029
4669122,6863622
4669122,3365969
4669122,1907605
4866522,4142006
4866522,3316097
4382122,2239311
4382122,1889708
4382122,79647
4382122,621804
4382122,1530324
4938122,3356247
4938122,411343
1590922,47350
1590922,19836
1483123,16464
1483123,643402
1483123,1162175
1483123,695046
1483123,389945
1483123,422626
5717323,3174444
5717323,3022743
5585323,22159
5585323,18426
3310123,1352284
3310123,3307591
249730,1658693
249730,153379
249730,635810
249730,1379372
281530,620062
281530,294603
281530,39895
2257330,1984110
2257330,32405
2257330,1310344
480330,1438320
480330,155895
480330,2058495
480330,42735
1706530,918125
1706530,89442
6700930,1298152
6700930,71968
6700930,444613
4047730,3358496
3861130,1540447
3861130,269886
3861130,1208609
3861130,2646424
3372532,685643
4666132,3365634
7519732,18426
3249732,1150777
3249732,407048
3249732,217798
3249732,1846453
3249732,3887
2960532,932733
2960532,419311
2960532,444250
84540,45031
84540,45039
84540,547572
6850740,200408
6850740,6841952
6850740,117602
6850740,6919761
428140,3316285
428140,20755
428140,4978944
428140,3342945
690340,568303
690340,423599
690340,1068579
690340,99955
2259740,4387911
2259740,16270
2259740,2259681
1431140,1266710
1431140,4745363
1431140,3367773
1431140,425450
7319341,7744
4726541,7493600
4726541,778976
4726541,1450
3151541,216044
2456541,228219
2456541,2260061
2456541,1743887
2166342,107790
2166342,6618431
1414742,2764636
1414742,18154
1414742,269788
1414742,129136
4418742,133986
13142,1148993
13142,1706368
13142,1147472
13142,1149873
2423942,3345359
2423942,2445658
2423942,3498816
3345542,667431
3345542,196241
3345542,2781547
3345542,55124
2721552,7942795
2721552,3402
2721552,2842559
2721552,907135
66152,66007
8348152,56077
1737352,1737335
2254952,2254946
2254952,1629776
2265952,1220602
7091952,6825797
7091952,16325
3393958,3393663
953558,148878
991358,195167
991358,54476
991358,781009
991358,3417
991358,284688
218558,21392
218558,201607
218558,144649
3357363,3290156
8361163,2321337
8361163,16464
266963,71968
266963,194943
6833163,3202311
4687563,1788601
4687563,1970686
4687563,4352767
4799563,3901520
621963,3305762
621963,29904
4650363,4631469
4650363,1952328
6963,1087255
6963,444485
6963,46805
6963,53767
467963,13626
467963,684550
467963,19836
467963,78847
2056963,8096430
2056963,30820
2056963,1663167
2056963,536850
619367,654945
619367,3387521
619367,195167
442767,658928
442767,251511
1081767,56382
1081767,537417
4793167,3174444
4793167,2958708
65367,119446
65367,125353
65367,3887
3404367,981983
3404367,4382455
3404367,207909
3404367,4677516
4049374,2921719
4049374,432567
4049374,3438712
17774,4629589
17774,1656168
17774,4122561
17774,195167
2089374,2694018
2089374,897992
2089374,3646454
2089374,1575504
96574,2811600
5101974,1349110
1173574,47162
1173574,397157
1173574,16890
1173574,16496
1173574,46521
157774,451939
157774,451909
157774,156176
4277974,3190431
4277974,387021
614181,79914
614181,1706368
2070981,1953513
2070981,11997
2070981,17467
2070981,195786
2070981,16619
2897781,8825190
2897781,2897783
2897781,52828
5437781,1422764
5437781,5421029
121781,527226
121781,4453307
121781,9284675
121781,1807549
34987,63337
34987,70779
34987,412350
1216995,795007
1216995,712412
1216995,114149
1216995,1216864
1216995,2377291
3435195,619142
3435195,40474
3435195,3368744
3435195,3435175
2345795,154856
1017195,23135
1017195,14565
1017195,127900
1017195,600533
1017195,64435
3151595,216044
418199,4613183
418199,148157
418199,419833
418199,417761
1659199,2070276
1659199,869881
1659199,1659269
1659199,6821570
1128799,550093
1128799,449047
1128799,658876
717999,17467
717999,109871
717999,424140
717999,16890
717999,1616116
717999,561280
243999,61680
243999,2331922
107999,107301
107999,128883
25614,61392
25614,1493801
642420,485497
642420,1662341
642420,641895
642420,1178906
30820,8787588
30820,2056963
30820,407326
1189621,63870
767621,8764421
767621,5904549
767621,136568
767621,10003461
40821,1055034
40821,8811310
1374421,53767
1374421,72033
1374421,572000
1374421,195167
2370825,2290273
2370825,2370882
2370825,787055
2370825,90259
142428,430788
142428,916390
142428,14880
142428,12852
3484428,85294
3484428,18020
3484428,86620
1919628,1864802
1919628,7637
1919628,1239600
1919628,207909
510828,239726
510828,3276267
78847,240271
78847,90259
78847,412268
78847,61039
78847,187830
78847,467963
729647,67318
729647,499574
127653,16216
127653,450535
127653,2897252
127653,1679666
897256,8968097
897256,8545383
897256,1332536
2358056,1629776
2358056,1202467
2358056,1019187
216056,2837949
216056,2837768
216056,90259
216056,2837930
2096062,281090
2096062,280514
2096062,2477853
620062,3384159
620062,53767
620062,195167
1582462,781009
1582462,53983
1582462,651688
1582462,1381805
1582462,252830
91268,629
91268,78945
91268,90259
91268,655953
91268,59096
1640068,1178906
1640068,1926355
1640068,2482597
81271,228076
81271,273356
81271,8765658
424878,88515
424878,1835814
424878,642495
424878,659430
4449678,1535562
4449678,39365
4449678,2888858
4449678,598934
585678,1543252
585678,1796299
630878,6909717
630878,7493899
630878,1383005
630878,8740029
20482,8911807
20482,6928840
20482,1376802
20482,681670
4066104,4013874
4066104,4066115
4066104,5904549
371304,2488417
371304,1217027
371304,10013551
928514,14880
928514,18178
928514,644988
46521,402826
46521,5890864
46521,1173574
46521,3387261
46521,429236
2172921,4310031
2172921,6570217
2172921,1553869
7787724,7690870
7787724,558321
7787724,7690512
7787724,4152412
4369330,535879
4369330,4369389
415730,39365
415730,52828
415730,751825
415730,1369443
415730,95105
4558530,698539
218530,9084465
218530,598934
218530,3067107
3367730,3221640
3367730,10988663
3367730,10988646
3367730,1570985
5820537,2187976
5820537,760
5820537,5822423
63337,59913
63337,34987
63337,198990
2321337,16216
2321337,7375
2321337,8361163
2321337,195167
3348540,4696725
3348540,3348066
3348540,9149289
1983740,8772300
1983740,9829268
1983740,401393
3274540,202442
3274540,1019629
3274540,8786255
836947,1433024
836947,602098
836947,9036604
4176147,10290648
4176147,76293
4176147,31462
4404560,9142107
4404560,7402125
4404560,212391
4404560,1455696
4372164,258507
4372164,3335897
4372164,8773831
4372164,8764922
4372164,4349150
490564,6632549
490564,2702152
490564,7419944
490564,1329059
490564,9876201
975364,1590922
975364,4042323
975364,90259
975364,8797606
975364,2183472
700167,8780760
700167,8878438
700167,535341
205767,2265952
205767,1019451
741767,125453
741767,1835814
563367,2151404
563367,3926235
563367,10322704
563367,8868190
1068579,715967
1068579,2044100
1068579,8766782
1068579,690340
2813379,3278172
2813379,3417
2813379,47164
655780,61636
655780,412258
655780,91300
1292980,16466
1292980,195167
1292980,621051
1292980,3384159
1292980,53767
1194580,722377
1194580,4042323
1329780,205354
1329780,1329703
3930191,1438320
3930191,10168114
3930191,2078794
15391,925418
15391,2508524
15391,2504345
15391,57284
91802,2561177
91802,1087255
91802,53767
91802,2831267
91802,2363940
567002,151206
567002,1629776
2280603,1329059
2280603,6893786
2280603,4243803
2280603,13950
1083403,2713716
1083403,2713848
1083403,2713743
4065003,1948485
4065003,1950205
4065003,897423
4065003,4065032
2635003,203827
5383805,53327
1329005,1329059
1329005,4703187
1329005,3378518
1329005,6820914
398206,11257130
398206,11257189
398206,4117486
39006,28337
39006,264191
39006,1143621
39006,90259
655415,54476
655415,2441411
655415,3120975
655415,269788
655415,16013
1349415,1349041
126621,1525433
126621,2378763
126621,2244374
4530621,129097
4530621,4379553
4530621,611415
402224,1095638
402224,13950
402224,8766814
1606224,10935252
1606224,5469639
1606224,11228953
1445024,4228645
1445024,1203871
1445024,8536
1445024,78388
151424,90259
151424,2804863
151424,1768648
151424,7708470
151424,9667867
3477841,473838
3477841,2284729
2137844,71067
129044,1369969
129044,8915003
129044,9134919
5709844,10561527
5709844,1147548
2137454,166861
2137454,455843
2137454,4696473
571854,2843117
571854,97507
571854,1088863
571854,603282
919854,1021178
919854,244944
919854,403697
1083054,1094253
1083054,8767475
1083054,52828
1083054,1494905
695454,2341
695454,654290
695454,90259
4143454,2067274
4143454,8767492
4143454,5993506
4143454,39365
4143454,401393
1279463,2618283
1279463,95845
1279463,921142
1279463,35400
1279463,1208128
1279463,1623900
376663,59913
376663,714181
376663,535341
565863,149330
565863,667832
565863,4193097
565863,7051
549463,8766797
549463,9617077
4698263,5489394
4698263,572000
71863,2321219
71863,195167
71863,53767
71863,4441745
2397063,4126841
2397063,3379298
2397063,1149365
2397063,625914
2397063,4013874
2151863,3507269
2151863,8948795
2151863,5890864
2647468,578865
2647468,4513442
780668,421166
780668,997534
780668,1196412
43468,5000152
43468,536793
43468,734891
43468,1146666
1536670,645
1536670,2399509
5187070,99613
5187070,208184
5187070,2187828
5187070,2077881
5187070,1411
5187070,99625
1960670,928370
1960670,8846554
1960670,4042323
1960670,8768033
2384274,2869576
2384274,9386716
1021074,9295873
1021074,9955168
565474,6893786
565474,4630503
565474,2416305
239074,194943
239074,919628
239074,29862
32274,90259
32274,1689668
879074,29424
879074,12852
879074,18178
879074,1359006
515874,9021377
515874,8816362
515874,158814
2179476,300511
4379076,1198083
4379076,8893535
4379076,39365
913876,9929
913876,567932
913876,39365
913876,13950
982276,10464225
982276,4196049
982276,5716817
982276,288407
3402280,11139640
3402280,8272540
3402280,2274152
72280,3384159
72280,53767
72280,2831267
72280,6565450
77085,216481
77085,77034
3492685,284688
3492685,121193
3492685,69009
3492685,117992
3492685,47164
1220285,1735242
1220285,582463
1220285,7604737
1715498,2529324
1715498,1490744
698,3138594
698,224285
2001501,1502641
2001501,3387261
2001501,195167
2001501,621051
2001501,429236
893901,388590
893901,90259
1575504,2089364
1575504,2963505
1575504,1493801
1575504,8779491
3319104,1753564
3319104,3321555
3319104,2953078
3319104,4323808
29904,618733
29904,621051
29904,195167
29904,618544
727904,727943
727904,946742
727904,90259
2958708,5904549
2958708,6838520
2958708,3995357
2958708,3908774
68308,125110
68308,411157
68308,411139
449108,113555
449108,2963505
449108,8778433
449108,26048
21516,1332536
21516,8720715
21516,1643574
21516,4966222
909116,657135
909116,8815214
909116,8972934
1401521,9567427
1401521,2525979
1401521,9567108
187921,956168
187921,5385
535921,8893320
535921,8763510
535921,411157
535921,39365
4039526,4042419
4039526,4042323
4039526,408818
998326,3067972
998326,4196049
998326,286560
998326,3390317
282726,8825535
282726,1061699
282726,671304
282726,7010593
2343526,52828
2343526,8775267
2343526,649261
2343526,1161099
4371526,4901498
4371526,1020167
3141134,401393
3141134,226994
3141134,1960098
3141134,572000
658734,121335
658734,8859506
658734,8765658
658734,8770017
3154334,1387605
3154334,3154508
3154334,3154471
3154334,789771
1163534,90259
1163534,121335
1163534,1163755
1163534,1164359
4446735,2400934
4446735,3491561
4446735,772343
889135,116294
889135,402826
889135,1488219
889135,921385
2080337,3384159
2080337,1870756
2171137,10988805
2171137,520782
2171137,6557366
2171137,956168
108348,108607
108348,1423359
108348,98447
108348,221427
1113949,5968764
1113949,1146666
1113949,90259
1113949,2423942
1807549,121781
3238761,10895164
3238761,7814415
3238761,946684
3238761,7451689
914361,7604459
914361,4177169
914361,995207
914361,5019196
696369,1835814
696369,1948073
696369,637088
696369,1899612
1609569,1382473
1609569,284688
1609569,4114793
867575,2702152
867575,8765167
867575,125136
17175,560382
17175,560463
17175,702954
3435175,1045770
3435175,734207
3435175,3435195
3435175,3219612
3435175,39365
1329175,1329059
1329175,6690427
1329175,134381
33975,1087255
33975,3297547
33975,444485
33975,53767
695997,8768921
695997,8951286
695997,256496
695997,409153
420798,1305247
420798,9105590
2058398,4279462
2058398,6643280
2058398,2004952
2058398,8421180
1854400,3390923
1854400,406984
6763200,251580
401603,681670
401603,1389120
401603,535771
401603,567932
401603,285761
4672803,3911247
4672803,10001
256003,140385
256003,573051
3405603,16203
3405603,3405142
6608006,3088507
6608006,662543
5716817,982276
5247225,1349110
1042436,1293434
1042436,16013
1042436,195167
1571236,536844
1571236,855777
1571236,95863
19236,1958009
19236,571931
19236,1022209
2347237,951427
3409640,2472449
3409640,3494141
3409640,4194988
3409640,4018
6928840,2671212
6928840,2474484
4673643,4672824
7428843,1715498
3030449,194821
3030449,207889
4196049,456022
4196049,1382473
4196049,262837
4196049,269788
1202464,7496
1202464,259424
4395267,89404
4395267,125113
4395267,4144360
3188882,1423964
3188882,17467
603282,684550
603282,119446
603282,573529
603282,70704
3671282,7496
3671282,96853
3671282,534
3671282,94160
42497,1178906
42497,41646
1012101,16270
1012101,678137
1012101,287784
1012101,78362
3348901,1200124
3348901,16013
3348901,28882
3348901,37213
4630503,1805261
4630503,127653
4857703,9193918
4857703,65367
4857703,8561327
4857703,3402455
4857703,1444372
1329703,1329780
1329703,2137432
1329703,9113575
3191303,741066
1000926,8765317
1000926,9003893
1000926,5829497
698539,741735
698539,4558434
698539,160185
1569739,28984
7076141,6617738
7076141,6811122
3938556,194943
3938556,886322
3938556,3116438
6871366,33391
4838566,189477
1696170,659655
1696170,165134
1696170,1668184
1696170,2635003
14570,1083054
14570,917940
1045770,3402
1045770,16013
1045770,284688
35370,2396885
35370,34492
1277774,109871
1277774,81379
1920980,3393163
1920980,4018
1920980,97173
1920980,86612
88990,34101
88990,565734
88990,840349
88990,471418
2053790,585678
2053790,982276
2053790,1017728
2053790,226967
8596201,1606224
2778617,575584
3140217,62051
3140217,5895993
6583417,212830
491417,54603
8549022,1323275
2871422,677906
2871422,46115
4065032,3402
4065032,4065003
4065032,6811
4065032,91802
7780232,5715445
1239448,60900
1239448,1382388
1239448,61048
1239448,13575
2713848,1907605
2713848,1083403
3609850,7496
3609850,1663167
3609850,4792942
3609850,1140346
4176250,16252
4176250,1487434
4176250,946325
4176250,654498
4176250,4018
2953078,650571
2953078,1851759
4412278,119478
4412278,47575
4412278,1436848
4412278,2339
4412278,71863
4959487,1249658
4959487,44057
4959487,46115
4959487,55511
7293094,7292441
589894,654945
589894,69009
589894,1781123
992298,992155
7585098,4404560
2416305,119478
2416305,2811600
2416305,654945
2416305,3402
992320,195983
992320,667767
992320,3378486
992320,15744
1070726,196861
1070726,447620
1070726,1070684
1321126,2888510
1321126,1319571
1321126,8352555
1321126,565044
1445926,1445915
4400327,1202400
4400327,438134
1329131,6537029
1329131,5716314
3116346,4672
3116346,406570
3116346,12801
3491561,11039263
3491561,4007441
3491561,11039327
3491561,4446735
3491561,296116
2378763,387743
2378763,1927430
2526769,1124438
2526769,1288141
4177169,4176466
13183,381349
13183,8872128
13183,1958009
13183,2419892
13183,125891
794794,1171361
794794,794062
2078794,2056630
2078794,605419
2078794,1132985
1305196,37213
1305196,3087615
1305196,5884496
1305196,5716314
41996,4009390
41996,5574011
41996,41646
2131598,1889708
2131598,407048
2131598,1114610
1619614,34852
4695614,3404731
25214,39515
25214,18761
25214,637220
25214,23194
264423,3403
264423,213358
264423,3402
264423,5478982
1762824,451933
1762824,3594474
1762824,1161316
3490841,4505384
3490841,3490770
3490841,2086863
111641,111627
111641,4166414
3935641,412393
2998041,1629776
2998041,4163709
2998041,714489
646046,1382388
646046,512176
646046,562535
2074052,6747505
2074052,8434234
2074052,11247444
2897252,284688
2897252,127653
2897252,3342059
892452,2928850
892452,892380
892452,284012
892452,144830
2116484,2116419
1083684,39895
1083684,293438
1083684,17389
1083684,1437055
7950094,2457982
85294,1148993
85294,5714424
85294,4629589
1455696,195167
1455696,92173
1455696,3387521
256496,35806
256496,387179
256496,692244
1114897,7496
1114897,51985
4453297,3365793
4453297,8767492
4453297,10110715
4453297,10110733
3030898,1818004
3030898,207889
3030898,3034773
602098,7520880
602098,2661003
602098,836947
2814914,899103
546914,107712
546914,4726001
546914,882728
1322,71968
1322,654945
1322,16013
5884528,3123341
5884528,5812799
5884528,5884517
5454932,1422764
510932,39365
510932,20256
510932,8764421
3479745,620062
3479745,3479541
3479745,621804
454145,454029
454145,858187
6319752,5994113
6753359,121193
285368,241768
285368,1980128
285368,468
285368,24146
6720571,133331
5884571,5812799
1419771,1629776
1419771,636805
1419771,3356265
1578972,697106
1578972,262837
2279772,281386
858187,2042905
858187,90259
858187,8764421
858187,6508394
858187,208184
726987,198993
726987,113358
574187,253327
574187,69441
4323808,94160
4323808,621666
4323808,4296435
4323808,667431
4022215,4248292
4022215,1191839
617422,617419
617422,47350
617422,1916111
617422,1069434
4275023,938957
4275023,38401
4275023,3071686
4080623,1147472
4080623,43129
4080623,1706368
4080623,3711985
3333454,667564
3333454,1484619
3333454,5987897
3333454,2771303
7075071,3898402
7075071,1656476
7075071,6535808
106278,106344
106278,1014656
106278,419833
106278,1385601
1580692,1580690
83892,1806481
83892,4020536
83892,196061
83892,47250
4995892,274212
1982303,16013
1982303,3402
1982303,195167
1982303,121193
1063903,1071506
1063903,693340
1063903,3402
8572716,2134773
59925,59913
59925,63636
59925,90259
59925,98447
59925,101856
4696725,3348540
8339138,1208557
2659138,214324
2659138,7327760
2659138,549463
1662341,42900
1662341,237634
5347942,1450
5347942,3323232
5347942,228263
5347942,195563
7604752,1220285
4147154,2207107
4147154,4147130
50354,741066
50354,49241
50354,140980
7692754,3356247
4001554,3274540
2370354,4458957
2370354,3602046
2370354,7623415
214366,693790
214366,535341
214366,1050186
439166,30008
439166,22009
439166,1953513
8646366,3305762
201566,449047
201566,644404
1207968,1070722
4387172,4387119
8706372,186361
134381,1026453
134381,1328995
134381,3087615
134381,545199
2920783,645019
2920783,499574
4703187,1706611
4703187,782600
4703187,6599398
4703187,1332383
4703187,3275796
654392,113956
654392,5659
654392,5968764
654392,80586
998392,963047
998392,6834610
998392,2474484
617592,99625
617592,1807338
617592,186138
198396,1380624
198396,376913
5019196,175567
5019196,16031
46396,53767
46396,6565450
46396,3341859
2323207,1764731
2323207,127764
2323207,15889
2323207,90259
64022,60679
64022,19836
64022,451939
16026,1497785
16026,8737383
16026,2263894
16026,429236
16026,1680554
4177627,4177586
4177627,3428159
4177627,3407111
16031,2831267
7529636,1042347
1161636,1865489
1161636,720382
1161636,1052681
1161636,85839
2681660,3280256
2681660,992153
1214460,90259
1214460,34178
1214460,101856
1214460,9516217
17661,288616
17661,8550785
17661,4698689
17661,8551686
196861,70656
196861,8909309
196861,3517609
3851261,8779491
3851261,8789176
3851261,6514319
500936,39365
500936,368016
500936,8764421
500936,20256
5376144,994332
5376144,1313597
865750,6604539
81750,9520733
81750,205680
81750,81586
81750,20194
81750,2399367
81750,244313
721793,1220602
721793,693950
721793,640022
721793,3922324
86612,739258
86612,5408655
86612,96648
653037,387824
653037,1288618
653037,1013598
653037,9100108
653037,56910
565044,127932
565044,8549022
565044,8420327
565044,615902
565044,10045523
4248292,5843999
4248292,7943475
2637094,2702152
2637094,288368
2637094,90259
1123494,39365
1123494,90259
1123494,1458998
483507,5962876
483507,646502
483507,9109127
483507,8809340
483507,9391808
4065919,3332982
1470730,3128993
1470730,1148581
1470730,251233
80335,2649711
80335,2649746
80335,266748
80335,2047668
80335,26085
206738,32571
206738,3143231
206738,185365
1073951,195167
1073951,11266531
1073951,8686910
1073951,8815093
7640357,7668167
7640357,4169888
195563,4868634
195563,53767
86771,8797737
86771,86781
86771,8766523
86771,86810
86771,8765103
5537976,2086857
3352420,1238253
3352420,8779491
3352420,8840977
3352420,8768921
1323644,947395
1323644,1610499
1323644,1605076
5501244,10129058
5501244,4455910
5371667,5371674
5371667,10237570
568472,377630
568472,84813
568472,389007
568472,377366
568472,780713
568472,8785985
867678,1953723
867678,1953807
867678,330724
867678,739147
126883,101856
126883,2559204
3360500,121335
3360500,3360526
7758915,1748354
712525,1638685
712525,2920221
712525,5773
480525,4534343
480525,618544
115746,560382
115746,560463
115746,9380585
115746,8797606
67758,4169888
67758,8107764
67758,4330274
67758,5513035
1501358,1568954
1501358,1851676
1501358,2796119
1501358,10349084
986180,986236
986180,52828
986180,8777960
29386,4977248
29386,10284325
29386,8765658
242186,13950
242186,5499853
242186,195167
242186,1502641
22998,90259
22998,3236323
22998,8764421
22998,9840799
22998,9840683
2291798,2894691
2291798,1608651
2291798,1590922
253421,29176
253421,2205099
253421,4891954
727021,1035013
727021,8815249
509434,1741815
509434,8763538
509434,15889
509434,54312
887085,131212
887085,8781454
887085,8984640
887085,584155
887085,10505934
408693,101856
408693,2507983
408693,1835814
408693,137808
1520705,9299090
1520705,455190
1520705,1531321
3114310,79137
947923,9159287
947923,4080623
947923,9002009
947923,948630
573529,913602
573529,90259
573529,101856
573529,2808495
573529,9669191
493566,684451
493566,97507
493566,730651
493566,90259
5527172,1762744
5527172,1898209
4955979,9628383
4955979,4827029
4955979,7043572
4955979,39365
23179,1032865
23179,90259
23179,10373
23179,9185845
23179,9185828
600803,1666571
600803,600818
600803,2974148
600803,8910763
600803,90259
1383203,35981
1383203,2920221
5469625,8726029
5469625,10388682
5469625,9021943
5469625,565567
5469625,5469639
28042,101856
28042,10373
28042,39365
28042,155474
445643,714348
445643,1175361
445643,220239
445643,198990
448843,4007675
448843,1838256
448843,103285
448843,39365
8439256,52828
8439256,8765167
8439256,11186563
271275,8781454
271275,8913613
271275,651043
271275,280938
68075,93503
68075,90259
68075,8286525
3594475,2058179
3594475,3145771
3594475,8820222
594505,6590022
594505,5002883
594505,618733
594505,8769572
594505,10592552
4167305,9888725
4167305,7606599
4167305,614430
4167305,3043337
1709705,929605
1709705,8781172
1709705,9971411
1709705,1431140
4700105,4861192
4700105,5723998
3136912,9840155
3136912,285761
3136912,8765658
3136912,7585072
8002558,7675927
8002558,7214453
8002558,7988151
600959,537998
600959,1835814
600959,600997
600959,84291
600959,601068
1535371,2368536
1535371,9853157
1535371,1290555
1535371,2066528
650571,8765658
650571,8913092
650571,282037
650571,9036438
1706586,1208986
1706586,4124170
1706586,1083225
744986,6750245
744986,207120
744986,8298527
744986,572000
693790,1835814
693790,189810
693790,1176092
693790,63636
1449010,971533
1449010,7375
1114610,113827
1114610,2131598
6708223,10202179
6708223,11220037
6708223,39365
119477,3919009
119477,1087255
119477,1353273
119477,4324558
53881,8604068
53881,2561177
697106,455190
697106,9021330
697106,8773911
697106,8773897
1325906,7530361
1325906,228076
1325906,6792640
1325906,620759
1325906,217894
1071506,275430
1071506,1682353
1071506,5943886
1071506,10535966
330724,122649
330724,1349110
330724,696517
330724,105897
564324,559166
564324,8974368
564324,565863
5031526,5031563
5031526,2702152
5031526,10316168
1569155,1366431
1569155,1345444
1569155,194943
1569155,2366308
1569155,2125440
98759,2662830
98759,63573
98759,2707688
559577,1835814
559577,8780760
559577,90259
559577,8765317
559577,8766797
68377,407326
68377,1493801
68377,90259
465182,4042323
465182,10347780
465182,39365
465182,3903833
617187,1964895
617187,186348
617187,8401592
617187,733905
617187,617169
3428400,3995357
3428400,5904549
3428400,4930989
1591610,9242997
1591610,239726
1591610,637088
1591610,2622833
558018,113956
558018,565863
558018,4042323
3905230,3905667
3905230,8890288
3905230,4799528
3905230,1177529
49241,8765320
49241,90259
49241,1835814
49241,8784378
49241,694931
7814048,3400923
262048,620759
262048,5747577
5535657,3066203
5535657,10410289
5535657,3009257
5535657,10410309
4076476,9871301
4076476,6788680
4076476,1210805
4076476,39365
647711,8785974
647711,18020
647711,45642
647711,272737
647711,1835814
7071760,1818321
7071760,1818001
7071760,8373532
7071760,8373526
7071760,1645766
7327760,10779187
7327760,9111193
7327760,2257334
7327760,10779182
7327760,1830601
3342174,3342234
3342174,3342182
3342174,2702152
3342174,3342195
34974,95845
34974,919628
34974,90259
34974,3145684
34974,2142866
34974,567932
7286176,405118
7286176,12459
20584,4042323
20584,2396219
20584,1298161
20584,20256
4505384,3490841
3212598,2510991
3212598,72709
1809399,8777970
1809399,2619497
1809399,7089794
1809399,615962
644604,90259
644604,80586
644604,9082439
644604,8764421
644604,937344
644604,8766797
3036643,129642
3036643,1191839
3036643,37213
2095858,1195002
2095858,2169338
2095858,1880112
142264,9134603
142264,121335
142264,8766797
12666,133839
12666,85622
12666,404744
379096,125891
379096,18020
379096,90259
379096,121335
2796699,405457
2796699,556177
727907,1835814
727907,3168483
727907,90259
615925,8765103
615925,8812527
615925,8779491
615925,615962
615925,1342942
615925,113555
1177525,1177529
1177525,1561038
1177525,424617
1177525,9074785
252731,10471044
252731,8780941
252731,2705734
252731,10136652
252731,2430171
17531,8765658
17531,8769494
17531,8769572
1807931,1808006
1807931,1808023
1807931,1807943
249546,9894761
249546,11139827
249546,1556206
2363153,54476
2363153,4684286
1132753,1088700
1132753,2963505
1132753,121335
7748765,7735530
7748765,7735436
614430,153668
614430,432660
614430,4167305
4208036,2457982
4208036,471488
7676872,4169888
7676872,7647017
7676872,7918247
7676872,8000160
188963,1614723
188963,12928
188963,8766797
188963,39365
153798,111967
153798,273356
681804,1518994
681804,1628997
681804,1781123
681804,1329165
3923424,4987638
3923424,53468
3923424,71665
3923424,71733
240256,1701441
240256,2940534
240256,32274
240256,61317
13091,1509878
13091,1949834
13091,1190895
67543,70704
67543,91300
67543,70837
4144344,3365711
7536345,125113
1965165,1965141
1635597,98062
1635597,675536
1635597,617015
1635597,90259
1635597,15889
1594012,1017728
1594012,7900486
403612,403760
403612,3402
2285216,1119434
2285216,1014656
2285216,125141
2422831,439376
2422831,451664
2422831,5400853
2422831,699030
3386060,17389
3386060,47350
13266,81644
13266,695875
13266,5829852
13266,428933
19672,1203313
19672,17467
19672,412133
2646901,39365
2646901,8764421
2646901,9207877
2646901,9551964
1299713,1192159
3360526,3360500
122177,1430320
122177,2292511
122177,2878948
122177,90259
989386,85784
989386,38993
989386,1180159
989386,855616
119028,72537
119028,69009
119028,195167
570254,111415
570254,1332536
8301462,195220
2474310,632988
1232742,536650
503142,4221041
503142,2969499
503142,7611190
503142,9744906
7530361,8453
2099967,710890
2099967,424531
10373,1937200
10373,1230511
10373,705698
10373,455843
16794,45687
16794,695438
16794,1043213
16794,15574
1139996,1378634
1139996,296116
4525668,43558
2400902,5416573
2400902,1132985
2400902,2400901
634555,2880969
634555,91789
634555,452415
8420327,2474515
4986729,902740
6590022,111800
6590022,594505
6590022,8096430
3396426,564964
3396426,48915
3396426,2768051
87670,152879
87670,441663
87670,4876126
87670,87300
3572483,53468
3572483,534
3572483,1450
3572483,3402
1703694,352051
1703694,72413
1703694,47164
1703694,4194988
3393300,220870
3393300,4699833
3393300,3393163
785309,1185005
785309,70036
785309,631723
65337,148867
65337,150365
65337,150228
3396541,2768051
5562959,5398817
2513376,4142886
2513376,148477
2513376,125113
3342182,3342174
3342182,388086
705418,451909
3351818,3407072
3351818,1942279
3351818,455843
3351818,4122974
1233424,1232977
1233424,1128756
263858,2452954
263858,227522
263858,1735242
263858,54447
263858,121157
7207858,1629776
7207858,71484
7207858,6811
107075,106634
107075,1450
107075,18097
107075,119446
87875,575849
87875,453945
87875,165134
6788680,4076476
1390315,19258
1390315,89068
1390315,367032
1390315,3402
187127,39365
187127,4838330
3335934,3335444
1547152,5702202
1547152,875157
491153,455843
491153,54603
491153,2206856
491153,1083277
4215957,49908
4215957,3979634
4215957,38436
3399980,455843
3399980,117602
3399980,898222
3399980,97173
232035,147662
232035,231966
3608038,468179
3608038,468212
3608038,2273962
414481,245608
414481,1000801
414481,1229140
414481,3295841
7140882,7140881
1201690,181928
8395290,206159
8395290,606588
1371330,148846
1371330,152730
558531,1191839
558531,455843
558531,4699833
801732,3377763
801732,1311341
801732,148345
801732,4956379
801732,797152
7089794,7089269
7659448,7922856
7659448,1675696
7659448,7214759
7659448,5993851
7659448,7651893
7285069,107038
5985884,485008
2619497,1809399
1509100,7375
1509100,2137454
1509100,16216
5416304,4697834
5416304,454218
5416304,47344
5416304,256681
405118,116294
405118,4030375
405118,8778928
1387535,4575756
1387535,46115
6200335,3617029
6200335,7918247
6200335,4330274
6200335,7923547
6200335,7958824
5675570,5497885
5675570,4169888
3147636,64753
3147636,3402
3147636,16252
3147636,46381
4126841,581606
533247,38401
533247,217798
533247,14573
533247,55567
4578049,4578048
4578049,6618431
4578049,950816
8539663,3228247
8539663,8764409
8539663,4595636
8539663,1020127
4274099,701363
88518,473838
88518,2945554
88518,858368
88518,233709
1342942,1336634
1342942,11749
1342942,4605906
1342942,3403
6923755,1430090
6923755,6919761
6923755,52835
3471017,3504154
3471017,2894545
1083844,551023
5621444,7594
5621444,447806
2507844,690278
2507844,2502357
1208705,455563
1208705,5421029
2123921,741272
2123921,3402
2123921,269788
2123921,262837
4501530,452283
4501530,44058
4501530,67035
2336,94590
2336,195167
1042347,1314582
1042347,11012226
1042347,1509376
1042347,444485
559166,455533
559166,557571
559166,3356605
559166,564186
7797626,118422
7797626,18097
7797626,7790603
485626,1124114
485626,8767492
485626,39365
485626,90259
485626,2187828
568842,149182
568842,26849
568842,696710
1688880,137223
1688880,3364
1688880,5717818
1663298,410504
1663298,141222
1663298,27477
1500122,269788
1500122,2188959
1500122,71968
2386539,8768033
2386539,2079000
2386539,2386759
2386539,9514077
2386539,1029887
4799396,3920672
4799396,4661605
4799396,3174444
4943396,2894530
4943396,7893802
2892212,447427
2630,7431958
2630,473414
2630,147858
697054,10221019
697054,10221016
697054,408837
697054,2646909
7263482,1178319
41144,596966
41144,133784
41144,1204456
41144,621804
41144,5740620
1314758,1916111
1314758,2058855
1314758,15744
3490758,3490770
617169,617057
617169,146004
617169,617187
617169,1612368
617169,4025874
63573,451939
63573,63683
8418792,1064130
7129214,1064492
220423,201738
220423,694918
841239,2341
841239,90259
5378847,2471340
1417258,2042905
1417258,1225884
1417258,9368847
7814088,3400923
7814088,5988137
6930932,4212614
6930932,6930927
940678,919581
940678,1181873
940678,1171361
6767894,49908
6767894,5515362
6767894,1867656
665524,6576459
665524,241768
665524,24659
665524,16013
4828744,711273
303951,637422
303951,9065284
3321562,4694415
3321562,3594469
3321562,3296389
3321562,1505933
3321562,94160
3212765,1474743
3212765,72709
3212765,606588
3327997,1536678
3327997,547572
