138644,141222
138644,2778492
138644,136897
138644,645019
3141827,852438
1058347,117730
1058347,510230
1058347,12890
7900486,5865977
852438,2168783
852438,52828
852438,121335
852438,90259
645019,59913
645019,8766797
645019,116144
116144,144649
116144,149182
116144,451939
116144,99955
4255044,1897575
29424,995017
29424,23676
29424,598234
29424,23803
217784,34050
217784,40415
426605,718460
426605,451939
426605,23803
39365,11092492
39365,5913112
39365,11092452
39365,11092583
39365,8830418
39365,8993781
1505445,621666
1505445,3322855
1505445,4323138
3518825,510230
3518825,245477
3518825,12890
1576647,5502557
1576647,4109139
1576647,561727
1576647,5773
1576647,4631469
1518987,184207
1518987,385285
1518987,385294
1518987,72537
53767,92173
53767,3387521
53767,195167
289807,16013
289807,376500
90259,70779
90259,7496
90259,119446
376904,1835814
376904,803284
376904,137808
376904,1236439
3174444,579450
3174444,5847387
3174444,10530218
214324,1019629
214324,2894691
214324,13024
385285,1031474
385285,4051149
385285,3245485
385285,1518987
385285,9843974
621666,6747376
621666,16216
621666,1505445
621666,195167
1235886,376904
1235886,8762941
1235886,706345
1235886,12689
1235886,193998
1235886,18178
119446,1329059
119446,671304
2168726,8882383
2168726,2168783
2168726,90259
2168726,2168761
184207,907898
184207,9155949
184207,4179417
184207,7295061
184207,385130
561727,4140756
561727,495394
195167,53767
195167,185365
195167,1353273
4323138,8765712
4323138,5918
4323138,39365
32058,9319635
32058,1535562
78539,46827
78539,262160
78539,903880
78539,5387826
70779,79066
70779,13650
70779,8872438
451939,8780760
451939,2003146
451939,718491
451939,714181
451939,205729
513679,8785997
513679,39365
513679,4042323
513679,158814
2339,1850197
2339,444485
1191839,3480088
1191839,3332872
1191839,13950
14699,1606583
14699,3165690
14699,1715379
4109139,9882464
4109139,1020266
4109139,1220659
4109139,901508
4109139,3362327
671304,534
671304,667832
671304,187814
671304,383874
629944,7496
629944,91155
629944,32405
629944,4018
3384764,195167
3384764,194943
3384764,16013
13024,214324
13024,1062836
13024,513679
13024,60679
3343324,443723
3343324,196816
3343324,3322855
3343324,234046
7907844,3403
7907844,1753610
803284,232214
803284,376904
803284,645019
803284,797152
737364,513679
737364,534
737364,4952
737364,7496
737364,92307
1115164,90259
1115164,39365
1115164,8783560
1115164,2341
8588284,6737803
2608864,248468
444485,47344
444485,654945
444485,71968
444485,269788
232905,262233
232905,3589428
232905,179076
232905,244958
232905,774681
3245485,385294
3245485,385285
106805,4018
106805,3020900
106805,7259044
106805,399586
106805,106634
8121005,52828
8121005,8762970
8121005,8844480
185365,16013
185365,195167
185365,69009
185365,241768
1225945,203356
1225945,99955
1225945,5914783
1225945,5400853
140385,696876
140385,696986
28526,197306
28526,3830
28526,99075
28526,26613
121526,418594
121526,286165
121526,696517
5387826,78539
1020266,45690
79066,70779
79066,684550
2003146,451939
2117046,565734
2117046,1769451
2117046,5710400
3481466,2397298
3481466,673657
3481466,4323138
3481466,7790603
16466,92173
16466,16013
16466,195167
3557666,2312145
3557666,245477
3557666,7293095
2712846,1572668
2712846,556177
1283307,1171777
1283307,685643
1283307,25659
1213787,1950370
1213787,3174444
1213787,1202400
1213787,575983
5502567,5502557
2831267,6528612
2831267,2441411
2831267,654945
1704367,18732
1704367,561727
1704367,17389
3362327,4109139
3362327,606646
46827,6231
46827,68532
46827,46643
46827,115081
119067,411343
119067,995017
119067,1677554
5847387,18097
5847387,3174444
1908487,1033013
31818,72537
31818,563276
212758,5738435
212758,4114793
212758,284688
212758,597042
18178,876299
18178,1701441
18178,860692
193998,165134
193998,92173
5918,411343
5918,3830
5918,6640
535058,1349110
535058,71968
535058,3402
546058,5773
546058,35976
546058,605754
546058,546052
907898,262892
907898,281690
907898,1616116
907898,736615
619479,7252039
619479,92173
619479,264408
619479,195167
1329059,3087615
1329059,1628997
1329059,1885835
1329059,5716314
1329059,5884496
2238339,512102
2238339,2802203
2238339,3402
2238339,1452959
1546239,1295713
1546239,645147
1546239,427383
1546239,63680
782459,285421
782459,14714
782459,696517
782459,20432
1715379,685643
1715379,181535
1715379,14699
1220659,930412
1220659,4109139
1220659,606646
12604,90259
12604,101856
12604,8766754
194024,62154
194024,1433683
194024,1493801
194024,33234
2764744,4179461
2764744,4179417
2848344,59913
2848344,84291
2848344,1040624
2848344,39365
650744,3252547
650744,1507186
650744,1018333
650744,1951077
7259044,1017590
7259044,6906510
7259044,8808018
47344,3384159
47344,6692227
47344,1926810
47344,53767
2339844,8812810
2339844,5250318
2339844,2712076
2339844,8788848
119265,8767493
119265,2341
119265,8809220
613245,2767441
613245,420682
613245,194943
654945,2831267
654945,1087255
654945,444485
654945,1926810
286165,2906905
286165,8767492
286165,121335
286165,8785974
286165,8780760
286165,590225
258845,2086082
258845,1188322
258845,199566
258845,8765658
32405,1087255
32405,2831267
30145,1493801
30145,1382622
30145,1489821
2312145,4494378
2312145,8820995
2312145,2527317
2312145,3557666
283025,919628
283025,723476
283025,1562587
13525,13616
13525,13650
13525,39365
399586,106805
399586,53767
399586,1087255
399586,32571
234046,195167
234046,3389261
234046,53767
234046,429236
1050186,718880
1050186,90259
1050186,8780760
1050186,714181
5910606,5910693
5910606,1198083
5910606,2400139
5910606,5910630
39146,53767
39146,1149365
39146,1502641
696986,8797606
696986,1034640
696986,1835814
696986,140385
606646,259620
606646,606610
606646,2445105
606646,414354
489586,8797606
489586,2020415
489586,1165199
489586,9362179
231466,1493801
231466,405819
420786,1956183
420786,8766797
420786,78945
420786,2175663
951427,3225003
951427,536868
951427,195167
951427,70174
1613127,1612803
1613127,665507
79647,1502641
79647,3384159
79647,185365
92307,2894691
92307,456439
92307,300626
3480067,3480103
3480067,9194637
3480067,3480139
4669667,6893786
4669667,6923266
4669667,9081078
4669667,4130167
22427,116294
22427,246489
22427,189751
22427,198990
186347,9558132
186347,2501488
186347,3346512
186347,1639024
186347,263328
284687,5475141
284687,4684680
284687,32571
284687,6902699
4875227,1494022
45687,1019090
45687,45642
45687,1020040
45687,525412
45687,2894691
4402927,5483701
4402927,5483518
4402927,2461098
4402927,5483448
955727,1383005
955727,1851676
955727,5474370
955727,5398459
955727,1499051
606607,3362327
606607,3426236
606607,1220659
645147,63680
645147,59913
645147,90259
21507,203397
21507,8769494
21507,5401342
21507,198990
3887,2831267
3887,2363940
3887,6565450
253507,8766797
253507,5968764
253507,233734
253507,2766394
1019187,5889080
1019187,2430063
1019187,2430171
1019187,2430100
1013598,429285
1013598,8790428
1013598,97655
1013598,56880
1013598,90259
2655438,1606583
2655438,175421
1124238,579450
1124238,1834415
1124238,4144376
3116438,9083061
3116438,718880
3116438,8773880
3116438,1750971
3116438,155474
1515658,7593027
1515658,6608525
1515658,1908323
244958,78945
244958,2396031
244958,262160
244958,232905
119478,654945
119478,10605041
119478,2811600
4018,53767
4018,32571
4018,2831267
4018,106805
1470818,1166371
1470818,244112
1470818,427594
1470818,516833
1470818,241178
1470818,3038193
1054578,90259
1054578,272737
1054578,137808
2397298,39365
2397298,9909709
2397298,2878948
2397298,3481964
6806579,1829866
6806579,1848189
25659,3439277
25659,185365
25659,3907919
25659,4186764
83779,1042321
83779,6735492
83779,1042808
83779,13950
7252039,2399509
7252039,619479
644739,8776287
644739,8786121
644739,9316979
876299,90259
876299,1835814
876299,29424
60679,59913
60679,179976
60679,3042072
8079,53767
8079,10509053
8079,1149365
8079,10509276
8079,2614460
152879,788609
152879,188116
152879,144649
152879,789486
152879,121335
5968764,467401
5968764,1815479
5968764,119439
1040624,152568
1040624,72537
8465024,216481
8465024,196476
1721384,3116438
1721384,639413
1721384,232214
2894884,1048171
4381124,2655438
1956044,4158575
1956044,651688
1956044,619296
1956044,669171
1639024,1638790
1639024,186347
1639024,49908
3481964,1074072
3481964,6841952
3481964,4150842
3481964,1629776
3481964,2397298
1535584,1535373
4186764,25659
4186764,194821
4186764,292425
4186764,18154
1840544,245153
1840544,99075
1840544,85644
1840544,23297
6602244,4191935
6602244,6806579
6602244,6928022
674964,667832
3410084,4114793
3410084,1739255
3410084,47164
3410084,284688
3410084,2764513
5386564,37562
5386564,203356
5386564,887407
1351324,195167
1351324,2811600
4408385,1499506
4408385,3278172
4408385,16013
4408385,269788
22185,16890
22185,376558
22185,3049950
22185,113326
8286525,83950
8286525,674199
2958105,98209
78945,70779
78945,684550
78945,70704
132005,269788
132005,3417
132005,119478
1210805,583912
1210805,120076
2906905,2603693
26085,7496
26085,17467
26085,1616116
26085,37213
26085,16890
6608525,2339
6608525,15744
6608525,1515658
6608525,3402
6608525,32405
429285,92173
429285,195167
429285,3278172
429285,6528612
429285,654945
581565,15744
581565,26849
581565,399586
136625,1013598
136625,654945
136625,3278172
2309185,3121262
2309185,70253
2309185,1381663
2309185,4867107
1383005,16013
1383005,18154
1383005,3402
1383005,269788
2950305,1020167
2950305,98209
2950305,70862
3034805,207889
3034805,3493
293745,5988442
293745,189286
293745,696517
8560265,7121085
1690045,3428159
1690045,165134
1060105,534
1060105,185669
1060105,616089
954205,3887
954205,721034
367925,105897
3153065,1753035
3153065,61443
590225,286165
590225,72537
590225,63776
92325,465948
92325,45687
92325,207889
92325,92205
92325,562535
1149365,399586
1149365,238898
1149365,1197456
1149365,1147472
706345,64435
706345,644739
706345,19836
2963505,736541
1858005,385294
1858005,3477048
1858005,696876
1858005,1358938
2445105,2346536
2445105,3487
2445105,37589
6923266,2635213
6923266,10605134
6923266,10660412
5332066,262890
5332066,5332031
2697406,11223429
2697406,129097
2697406,1559749
2697406,1159761
1178826,83465
1178826,4681
1178826,174982
1178826,89706
8694126,8694062
6893786,2672782
6893786,3719797
6893786,6765187
6893786,2280606
789486,1025117
789486,45687
789486,152879
789486,60679
1829866,3087615
1829866,1628997
1829866,18154
1627166,27040
1627166,889277
1627166,19836
402826,165134
402826,3830
402826,68532
6293126,5994113
1507186,195167
1507186,194943
1507186,456022
1507186,47344
999406,6231
2152546,2152533
92266,519509
92266,20194
4210226,119478
4210226,53468
4210226,216829
4210226,46232
4210226,47350
4210226,44057
2802426,3229011
2802426,268239
2802426,301985
2802426,1294063
5993506,6841952
5993506,3400923
5993506,5988442
77446,194943
77446,654945
77446,69009
77446,1382722
4677926,4677516
551626,8357660
551626,451664
551626,376500
199566,2339
199566,76652
300626,554842
300626,191264
300626,151855
300626,23258
300626,187949
3429627,5047593
3429627,132335
3429627,290154
3429627,285421
3429627,4421225
1638607,2245865
1638607,889497
1638607,91071
1638607,2831267
2485887,115081
2485887,89404
4013547,4012070
5324767,1349110
115927,238243
115927,70936
115927,718460
739147,4123771
739147,2280648
739147,4123828
739147,119446
4130167,1090484
644827,562535
644827,451909
644827,376904
3942747,5987848
3942747,4123632
3942747,60679
3942747,1227605
3942747,3719797
508887,8799543
508887,8916074
508887,938333
148147,1050186
148147,1206455
148147,694931
148147,63680
218127,69961
218127,218124
218127,21357
218127,345725
218127,233646
6692227,7279836
6692227,207883
6692227,72169
6692227,47344
114747,6645991
114747,208063
114747,1320241
114747,114740
114747,15009
3252547,650744
665507,2021021
665507,1355345
665507,1315556
665507,5708166
7593027,1515658
272387,25659
272387,626186
272387,154292
272387,4431512
4081467,5400853
4081467,3358565
4081467,3219247
1562587,283025
1562587,125686
1562587,684550
3587627,5470692
3587627,4684286
3587627,2790043
3587627,1517280
3200627,3049950
3487,2831267
3487,1087255
3487,6618412
3487,5332066
3487,6565450
2355727,5994113
2355727,64435
4040618,4039995
6505698,203356
6505698,89068
510338,54603
510338,721034
2358378,695381
2358378,67035
2358378,132335
2358378,3485092
2358378,3573850
733898,2371203
733898,213358
733898,4409765
733898,262837
733898,3417
210758,29770
210758,121193
210758,726245
210758,597042
5768158,7790603
5768158,1629776
5768158,4970821
925418,441663
925418,186347
925418,94955
925418,45484
670438,8763510
670438,1019090
670438,932104
3355178,1980728
3355178,399586
3355178,444250
3355178,2136
4494378,12890
5483518,4402927
2461098,69009
2461098,619296
2461098,4402927
4080098,2905263
4080098,984233
4080098,2445658
241178,7115220
241178,242642
241178,1470950
655178,24501
655178,1705325
655178,4113281
2362378,2362309
595058,195527
595058,16591
595058,421648
5250318,1349110
111498,645049
111498,1382722
111498,575214
111498,110466
1861699,17389
1861699,7790603
1861699,1178319
1861699,1340935
3028299,207889
456439,20027
456439,130219
456439,14737
456439,402689
456439,79647
914319,39895
914319,2339
914319,255142
914319,912648
953919,721034
5398459,955727
5398459,292862
113159,99075
113159,23297
3372559,685643
3341859,153379
3341859,194943
3341859,76652
3341859,1148993
3492939,3403
3492939,2323
3492939,2339
3030619,6533845
3030619,207889
3030619,2474515
3030619,2888510
4936419,411343
1654479,621804
1654479,3402
1654479,739758
3907919,25659
3907919,1178906
3907919,1662429
2321219,3417
2321219,119478
2321219,16013
2321219,18154
3384159,47344
3384159,54476
3384159,262837
29299,535457
29299,346560
29299,2043992
405819,32516
405819,54576
405819,22832
405819,259024
3480139,558519
3480139,2041453
3480139,3319163
3480139,3480067
1656719,556177
1656719,1917091
3227859,4450029
3227859,1393204
3227859,13911
4950679,3087615
4950679,269788
4950679,6825768
620759,3278172
620759,3391746
620759,1443960
620759,195167
1165199,94412
1165199,1165156
1165199,693950
6902699,284687
1668279,507890
1668279,621666
631164,13950
631164,39365
631164,571172
35344,59096
35344,723476
35344,90259
35344,95845
3429484,2646752
3429484,10932046
143704,8881999
143704,163075
143704,567830
451664,788709
451664,1481565
451664,2422359
451664,166243
451664,2422396
85644,374666
85644,90259
85644,85756
85644,1840544
47164,185365
47164,2831267
47164,6565450
47164,1087255
1818004,8776187
1818004,8783560
1818004,4722042
70704,100116
70704,8433197
70704,2881178
70704,28337
40704,4476623
40704,1584298
40704,40738
40704,41049
1227544,3402455
1227544,4941731
1227544,1470950
1424,2363940
1424,1192557
1424,53767
7425264,201880
7425264,39365
7425264,4517098
7425264,2878948
227644,571172
227644,227612
227644,571155
22464,99625
22464,263328
22464,8765658
621804,2386995
621804,53767
621804,3885905
986824,986264
986824,661420
986824,3365711
564964,4441745
564964,429236
564964,5474370
15744,1208690
15744,6609909
15744,2290584
15744,4082580
568724,2070593
568724,25769
568724,8785974
568724,1835814
1393204,3227859
1393204,2862612
3922324,8773831
3922324,4072917
1090484,3316153
1090484,4130145
401244,59913
401244,8766797
401244,9095004
401244,90259
45484,7479596
45484,402012
45484,8765658
1205244,7576680
1205244,3474181
5987824,4043402
5987824,547178
5987824,4124170
662504,2417531
662504,13950
259024,3359034
259024,255388
259024,1085417
259024,130305
259024,405819
932104,1769451
932104,932008
932104,2764513
89404,654063
89404,3663304
89404,11157294
89404,2604660
145224,683442
145224,9415812
145224,7058570
191264,39365
191264,90259
191264,8791812
1227605,5843972
1227605,3942747
1227605,4124170
292425,1171916
292425,4186764
292425,4441745
918665,39365
918665,2062791
918665,2062929
918665,3798549
444225,4793610
444225,4960492
444225,3237222
444225,3315073
3430485,3430562
3430485,3403341
4406805,1750971
4406805,4103664
4406805,3111017
4406805,2312478
345725,8816097
345725,7010593
345725,90259
345725,218127
1705325,655178
1705325,1502641
1705325,621051
1705325,429236
992925,8800539
992925,922480
1381805,4080737
1381805,3393983
4105625,3390677
4105625,6829326
4105625,39365
4105625,298301
4105625,10654752
4409765,195167
4409765,16216
4409765,7375
4409765,5950744
83465,86230
83465,70174
83465,1178826
54545,106805
54545,7273225
54545,1149365
54545,4082580
5459705,8766994
5459705,5463232
5459705,8765317
5459705,5463258
5459705,8762970
5459705,8769370
999325,9003039
999325,9002991
999325,39365
3001645,1329059
3001645,194943
3001645,11184241
3356265,9275933
130305,619296
130305,241768
130305,288368
2168645,409996
2168645,10139617
4989225,3505900
4989225,605599
4989225,8834111
3358565,1971391
3358565,9469446
1907605,525412
1907605,1048448
1907605,4889688
6533845,5435642
6533845,5710389
6533845,10577077
6533845,6533890
51985,661242
51985,53767
51985,262160
51985,7287180
946705,2323811
946705,2324337
946705,950051
946705,2324026
946705,2323315
5670585,5662790
5670585,7790603
5670585,7623415
92205,92385
92205,8767493
92205,290205
92205,8800257
4140025,3492708
4140025,6917380
4140025,384657
4140025,4504932
4437485,1061699
4437485,52828
6816985,11204077
6816985,439290
6816985,8838437
7121085,2963505
7121085,8560265
7121085,8764399
7121085,9566805
726245,12928
726245,198990
726245,90259
726245,8907854
726245,8799543
1329165,1160220
1329165,1559749
20305,20432
20305,90259
20305,2188507
59105,551626
59105,1768120
59105,113956
59105,584597
1355345,468586
1355345,865486
1355345,741893
1355345,19836
2245865,2244800
2245865,1202400
4421225,4421246
4421225,8764922
4410745,7377177
4410745,4684680
4410745,4802897
2341045,646502
2341045,620759
2341045,250452
626265,678261
626265,677504
626265,90259
626265,39365
695946,439290
695946,101856
7062606,2885870
7062606,4318190
7062606,5744308
7062606,8467143
7062606,6624379
496206,94703
496206,3143225
496206,90259
496206,2419165
496206,8766814
11126,1353273
11126,1208690
11126,185365
4684286,3587627
4684286,195167
4684286,134217
4684286,71968
429226,3384754
429226,3384159
5708166,1777745
5708166,1178698
748046,4382122
748046,1908323
748046,4082580
748046,4868373
189286,39365
189286,1835814
189286,293745
125686,90259
125686,93503
1369086,185365
1369086,1610499
1369086,10032379
3391746,4222410
3391746,3402495
3391746,620759
89706,9381029
89706,481507
89706,1178826
89706,2065455
1178906,3907919
1178906,4510642
124646,9454054
124646,8765103
124646,2678060
124646,1056337
124646,8774765
5462586,8777526
5462586,20256
447806,10672375
447806,195167
447806,5351589
447806,10509276
108946,79066
108946,115927
108946,153590
1253946,175471
1253946,121335
1253946,59147
1253946,760
129466,77960
129466,1437527
129466,5819
129466,79289
1392566,3347006
1392566,1392572
1392566,535754
1392566,1197045
233646,198990
233646,8839792
233646,218127
233646,377931
110466,77772
110466,111415
113326,1875889
113326,8785974
113326,780325
113326,1835814
947466,947325
947466,999361
947466,947395
3315046,3315073
3315046,3594891
3315046,3503379
3315046,3482657
490206,90259
490206,8764421
490206,8763510
3229506,3229508
3229506,8765041
3229506,90259
282606,282037
282606,5910693
282606,8765658
3010366,947395
3010366,552217
3010366,2238281
2280606,6635530
2280606,13950
1499506,4408385
1499506,400047
1499506,194943
1054607,1196412
1054607,1228809
1054607,272737
34607,1629388
34607,79066
34607,13650
34607,113956
3167807,8783560
3167807,6923406
887407,5386564
887407,8764421
887407,1648078
887407,10365104
3219247,10098944
3219247,4369924
3219247,4369884
8607,1498805
8607,131492
8607,232153
8607,99104
8607,621804
6765187,6893786
6765187,649649
6765187,6502925
8472687,9081072
8472687,7131895
1889547,3327055
1889547,804630
443687,621051
443687,3387261
4867107,1629783
4867107,2309185
4867107,6744851
4867107,7821104
4867107,6573216
4867107,4650088
83707,84486
83707,39365
83707,84540
83707,85145
83707,2274152
226967,1161997
226967,444485
226967,53767
226967,4860062
1020167,4042323
1020167,4000297
1462347,151713
195527,444485
195527,2831267
195527,595058
195527,1502641
4664527,2764532
1164887,39365
1164887,9003114
1164887,215690
20027,606786
20027,101856
20027,243018
20027,198990
2826827,925418
2826827,2963505
2826827,2504345
2826827,2508524
2826827,8834111
3487867,4799528
3487867,5727505
3487867,1287813
379807,90259
379807,4567392
379807,1577450
4370847,39365
4370847,4372838
1881527,765982
1881527,8764421
1881527,3913782
1881527,3287304
14427,67223
14427,9007750
14427,4895242
14427,3117514
14427,3382068
2325187,4198246
2325187,4438063
2325187,2062791
1119827,99625
1119827,1222174
1119827,780325
1119827,1081440
3821398,4620478
3821398,7022445
3821398,8789176
3504878,1747780
3504878,495394
3504878,3505603
3504878,3505650
739758,536854
739758,4527437
739758,2336743
12678,8862406
12678,5708166
12678,198990
217798,6565450
217798,2363940
217798,1353273
217798,2831267
238898,3590364
238898,3590454
238898,29862
238898,9967326
422858,925418
422858,8780998
422858,45642
422858,8777119
735398,1329059
735398,2062791
735398,3165690
3952658,5903650
3952658,8778265
3952658,116294
3952658,8780824
34158,90259
34158,59913
34158,919628
241998,259620
241998,1485253
241998,3386394
241998,16216
1358938,1858005
1358938,1835814
1358938,9339857
1358938,8772817
1178698,5707810
1178698,4042323
1178698,5708455
1178698,4980072
1178698,94907
23258,221469
23258,59913
23258,8848629
23258,2174174
2878378,681670
2878378,1329059
2878378,1559749
2878378,6601603
2878378,1209951
3676358,5762159
3676358,1368106
3676358,5692770
3676358,4526962
3676358,39365
116558,619479
116558,7804439
116558,10471044
6555378,1329059
6555378,4946168
6555378,8608036
6555378,2642456
6555378,932104
114838,208041
114838,114812
114838,1835814
114838,8829499
729898,1201481
729898,2401667
729898,90323
525518,8597477
525518,8841986
525518,8868540
525518,9022727
525518,121526
3718,253101
3718,28337
2445658,4799528
2445658,8775267
2445658,3323837
2445658,1420300
1368838,5715533
1368838,6816538
1368838,6811322
43558,444485
43558,1196412
43558,185365
4566019,4688015
4566019,7391195
4566019,2098989
3413999,8776923
3413999,8872887
3413999,5481523
290419,8765658
290419,7798573
290419,8988419
290419,13950
16619,2321511
16619,2884985
16619,1161997
689699,721906
689699,251983
689699,4678682
689699,9169148
689699,1835814
152139,8765288
152139,2396031
152139,1310487
3033659,4566019
3033659,4803789
3033659,4504932
3033659,4504920
674199,1383005
674199,9010110
674199,11071507
674199,1190102
119439,32571
119439,660017
119439,2980894
1194699,71968
1194699,79647
1194699,2136
1194699,1128617
71559,2831267
71559,1087255
71559,2561177
1224279,2523250
1224279,200426
1224279,925418
1224279,2963505
558519,8765712
558519,3480103
558519,8899050
558519,9207594
558519,8767492
558519,4518160
1815479,20256
1815479,39365
268239,195167
268239,2802426
268239,4701676
545199,401393
545199,7030119
545199,2497003
545199,13950
545199,3064296
571879,59096
571879,614049
571879,2950305
571879,12928
4687259,3587627
4687259,20256
4687259,5911639
4687259,8763510
202179,8618
3428159,1020266
3428159,8802555
3428159,13950
3428159,7187482
1445619,718880
1445619,1445728
1445619,218640
1445619,8773880
1447799,1519634
1447799,2646752
1447799,8888328
1447799,39365
1447799,572000
295379,510652
630439,227522
630439,16466
630439,3407989
644539,8765041
644539,52828
644539,1915886
644539,1916409
644539,1915644
150519,1011995
150519,1419100
24659,80586
24659,9023046
24659,207120
654939,989710
654939,24501
654939,670438
654939,1190895
4339,1206663
4339,12928
4339,3415141
4339,90259
4339,1368400
4339,8765975
97279,101856
97279,115927
97279,12928
1870719,8770017
1870719,8765167
1870719,4659515
1870719,8766690
740104,16013
740104,69009
740104,92173
1915644,644539
7821104,2457982
7821104,4867107
2508524,186347
1967124,2518334
1967124,3948694
1967124,257844
1967124,44506
1967124,3403
1746744,693950
3590364,655157
3590364,238898
1023204,1311341
1023204,3117289
1023204,651688
7814224,3400923
1563284,1165247
1563284,740554
986264,8770017
986264,90259
986264,8898488
986264,8765658
6731864,397157
6731864,1381805
6731864,16147
6731864,196241
25724,2426894
25724,69009
3663304,534
3663304,429194
3663304,7496
57284,169514
57284,152923
3153584,61443
7288744,7288522
443564,1202547
443564,389841
443564,45436
69324,694931
69324,3188791
69324,69554
8754404,8357660
2906924,2603693
259924,4948075
259924,147658
2529324,963056
2529324,197997
2529324,262733
211564,645019
211564,40997
211564,1124800
211564,1988061
211564,598234
677504,626265
29564,232214
29564,287508
29564,15770
29564,4960
1071084,1349110
1071084,1070843
1071084,5421029
1071084,297831
99104,8607
3287304,45484
3287304,218509
3287304,1784481
3287304,12890
4369924,3219247
1485124,2185299
1485124,3204407
1485124,1346940
1485124,90276
4369884,3219247
568784,851454
568784,735836
568784,149182
2290584,3278172
2290584,1769451
2290584,455843
2716564,456022
2716564,269788
2716564,18154
5900844,2790043
4020544,3365969
4020544,3365634
4020544,4046390
4020544,3365711
1133704,3402
1133704,89068
1133704,5383992
7814524,3400923
1447264,898693
1447264,2323
1447264,4022920
99625,1739255
99625,3204407
99625,932733
771085,766351
2504345,186347
7273225,25442
7273225,444716
7273225,65187
3885905,3402
3885905,621804
7022445,2041453
2636365,4046390
2636365,381956
1197045,218509
1197045,1025117
1197045,286165
2773025,119478
2773025,2764636
2773025,47344
406545,11929
406545,54576
1777745,9840155
1777745,2358069
1777745,4042323
95725,739758
95725,1663167
290205,70864
290205,1209106
866925,9109412
866925,9109542
866925,54999
1497785,195227
1497785,195167
1497785,69009
3552825,7496
3552825,245477
3552825,534
3552825,16013
1083225,29770
1083225,165134
4011665,4011620
412525,8766797
412525,29564
4130145,1202400
4130145,1090484
85145,83707
1498805,1057271
1498805,8607
1498805,2537608
92385,37865
92385,92205
2669605,4672
2669605,3487
2669605,404377
921385,1323276
921385,2632270
921385,631164
95845,21857
95845,14890
95845,1588713
6928025,6928022
262045,54476
262045,18154
262045,654945
262045,119478
262045,269788
5727505,5727447
4970325,3010366
947325,8555989
947325,112226
947325,4362084
947325,947466
6502925,2247775
6502925,6537029
6502925,4669667
6502925,6617739
46805,125577
46805,1382473
1196285,1025117
5385,269788
5385,1230511
5385,16013
2300385,70253
2300385,3435233
2300385,72709
2300385,516881
2300385,134618
7538905,2949800
1433365,526259
1433365,1456397
1533925,72537
1533925,15322
1574925,37213
1574925,1476492
1574925,917531
1553605,206039
1553605,1048171
1553605,3403
1239785,535351
2894765,3290156
2894765,1780242
2894765,1048171
2884985,16619
2884985,64406
2884985,12486
4441745,1382473
4441745,18154
4441745,3417
4441745,119478
780325,780713
780325,1835814
780325,781647
780325,954170
780325,525412
1140586,421529
1140586,3389087
1140586,3417
1140586,1914255
962466,3204190
962466,888311
962466,2517023
4421246,4421225
4809486,1456397
4809486,292862
4809486,699030
2417566,1866871
2417566,662504
2417566,1227544
425486,70036
425486,705861
5686,71968
5686,654945
5686,148253
5686,269788
721906,689699
721906,3026368
721906,29281
721906,92861
865486,1947743
865486,194943
891006,827644
891006,890677
891006,35591
80586,15656
80586,1290964
80586,150050
80586,3830
4021966,4021143
4523766,43558
5476526,2474484
5476526,1381805
5476526,622760
60426,840773
60426,194943
60426,69009
422686,198993
422686,85755
422686,198984
422686,85785
194946,25585
194946,3402
194946,47344
194946,2482876
2324026,946705
2324026,2706595
4942366,1227544
4942366,682095
448006,7144326
448006,657877
448006,261943
448006,499806
448006,94755
115846,8766797
115846,139248
115846,8785974
1915886,644539
2686186,1380620
2686186,3341688
2686186,3348610
2686186,2686009
2686186,4042887
1516606,40415
1516606,407048
1516606,432371
1516606,25659
1231966,455843
1231966,1230511
1231966,705698
1231966,1937200
374666,1541072
374666,85644
374666,1147472
374666,374646
468586,83720
468586,1947250
468586,267753
210626,41001
210626,210982
954946,694145
954946,954914
954946,1696115
1624486,65283
1624486,19836
257986,69009
257986,71968
257986,125221
84486,7496
84486,176542
84486,161090
565626,918125
565626,619296
565626,188646
200426,181665
200426,2260061
200426,16591
200426,1392572
377366,781322
377366,783320
377366,376558
377366,453945
6765226,1665178
6765226,1665608
6765226,1778921
253506,331073
253506,245805
253506,1220926
6829326,4105625
3003886,117112
3003886,872325
3347006,1392566
1299946,3049950
1299946,1753035
1299946,63680
4198246,2325187
4198246,262837
4198246,3402
335706,105897
6923406,6919761
1828506,676616
1828506,5044960
3144027,6537029
3144027,6863805
3144027,3087615
3144027,4628280
55567,2831267
55567,1353273
55567,6565450
55567,2363940
7927107,7926869
4141147,2056174
1391627,98209
1391627,430780
1391627,186901
1391627,186708
1391627,19820
2174867,1654864
2174867,213358
4020907,49908
4020907,1424
4020907,1381805
4020907,230447
530407,40951
530407,41001
530407,1358047
1584287,116092
1584287,23074
1584287,2934104
94907,69009
94907,3402
94907,47344
94907,932733
221427,8766797
221427,198990
221427,90259
1202547,398134
1202547,7442961
1202547,3176232
1202547,985815
1310487,534
1310487,262452
1310487,1310143
1310487,651688
570567,111690
570567,9119918
570567,1781847
570567,8845451
570567,9371966
7239707,3428159
682587,998105
682587,723476
682587,443696
3332067,267705
3332067,2474427
3332067,37416
3332067,2323
2401667,729898
8747167,1441070
219567,26849
219567,5689
219567,5042922
219567,219098
219567,3912126
258507,4421365
258507,1656168
258507,565734
6814367,444250
6814367,3403
6814367,16201
6814367,2339
6814367,2432762
1577167,619632
1577167,709175
1577167,702688
3911247,4681991
3911247,10394982
3911247,1291740
3911247,3390317
1235707,125577
1235707,117112
6833467,3202311
6833467,1720
40847,2371203
40847,1204456
481507,7496
481507,3948694
481507,797152
2395587,186901
868127,3220558
868127,8928234
868127,202179
1540447,290308
1540447,421648
4230367,47344
4230367,2842559
4230367,269788
4230367,18154
4230367,262837
4230367,456022
5496727,2435392
4501907,1168089
2169587,2169527
2169587,2169409
5055727,2668449
54447,195167
54447,72537
54447,53983
54447,92173
54447,3387521
2653047,1124800
6716367,195527
6716367,18154
6716367,3402
1854007,3402
1854007,234046
1879027,5889402
1879027,8809340
1879027,1504402
898647,1570161
898647,1425650
898647,10762004
898647,1904231
2188507,20748
2188507,7496
2188507,4583
2188507,243065
400047,69009
400047,194943
400047,1499506
219758,2339
219758,3404635
4372838,1980728
4372838,184837
4372838,1020167
4372838,4121758
837098,70036
837098,705861
837098,797152
837098,192497
955138,483581
955138,2493
955138,955052
226278,198990
226278,3230993
226278,90259
226278,8766797
1559358,131882
1559358,19141
1559358,116289
1559358,26849
3054698,4143129
3054698,8765695
3054698,3111017
3054698,4659515
3054698,8771358
3907798,1662429
3907798,44064
2888858,853672
4208778,2396031
4208778,1571389
4208778,90259
4208778,39365
251598,54545
251598,737118
251598,250987
251598,1026833
251598,5421029
113358,551626
113358,242642
113358,937520
113358,101797
113358,113159
113358,19887
6642778,1535077
2131878,93060
2131878,187754
408818,654945
408818,195167
408818,16013
737118,251598
737118,737179
737118,8765288
3008538,11997
3356198,3039347
126398,210982
126398,415274
126398,644982
8618758,6765140
3510198,2604965
8754418,8357660
1852418,91789
1852418,18154
1852418,1503968
64298,2244762
64298,70036
64298,64435
3469798,3151370
2312478,682931
2312478,70253
2312478,1381663
6618338,6537029
2339718,2339695
2339718,185828
4324558,1581161
4324558,1706368
4324558,3402
4324558,32405
4620478,3821398
1219538,61486
1219538,1219522
1219538,1988061
3505738,3504878
6816538,4628280
6816538,234046
6816538,1368838
3073318,379383
8618,221469
4014458,4864149
4014458,5951741
4014458,8802555
7756818,46562
3571498,1467760
3571498,175020
424018,34194
424018,151981
35178,35281
35178,14890
4252358,25081
40738,3916951
40738,44072
40738,1206006
40738,3897159
1878378,3445030
1878378,5006581
1878378,94703
1878378,10338914
243018,3335951
243018,148878
243018,20027
2881178,70704
4517098,39365
4517098,7425264
4517098,558519
547178,3087615
547178,1628997
547178,47164
547178,217659
1648078,887407
1648078,904313
1648078,8096430
1648078,598471
1584298,211169
1584298,597042
442678,69009
442678,1706368
442678,3402
1323798,1192149
5463258,5459705
213358,1208690
213358,185365
213358,106805
3136919,897992
3136919,1844150
3136919,190177
555139,697252
555139,297831
555139,61728
555139,556157
129379,8809340
129379,572000
1188599,1187020
1188599,1188748
984459,621804
984459,2342701
984459,25288
37159,13950
37159,8765317
37159,90259
2422359,451664
2101719,407894
54999,654945
54999,194943
54999,94590
54999,195167
54999,4009390
5819,257838
5819,195167
5819,13950
1631339,45525
1631339,45402
1631339,45029
7813839,3400923
2911779,645019
1173299,697622
1173299,1336634
1173299,16890
1173299,984233
1173299,188393
130219,129097
973299,933615
973299,658443
973299,4409765
973299,7292441
4226079,20256
4226079,267753
4226079,9607781
4226079,91071
6609499,15744
6609499,4869155
8443779,1952328
4161079,907135
4161079,622760
4161079,259580
4161079,800481
4161079,117829
734759,3897159
734759,3364
734759,282382
734759,420756
734759,420180
7804439,116558
1317059,2078325
1317059,54476
6624379,235795
6624379,2687706
6624379,7062606
6624379,6618449
1920899,191585
605599,292862
605599,6749111
605599,605509
605599,619632
605599,4989225
605599,20108
744019,3402
744019,28461
3234319,3898578
3234319,3595597
3234319,43129
241559,23074
241559,451939
241559,5773
382079,644300
382079,571038
382079,287255
112179,2021021
112179,53672
112179,1391561
613859,1783557
613859,404810
613859,101820
2641459,37486
2641459,2697731
2641459,2769484
2706959,5068
2706959,29770
2706959,61385
2706959,62177
3330559,259989
5911639,4687259
5911639,1517280
300979,1258844
300979,1790400
300979,1464838
300979,26445
1061699,195227
1061699,40415
1061699,1671454
5865239,3174444
5865239,207909
5865239,186380
5865239,116621
569359,37213
7030119,545199
1610499,456022
1610499,54476
1610499,3407072
5497659,5497636
3503379,3503199
3503379,3315042
517524,8767492
517524,4853029
715824,1602455
715824,140385
715824,5011036
715824,8772773
474724,3094229
474724,5831683
474724,4566019
697944,115927
697944,3357363
697944,101856
4362084,2116420
4362084,10660412
4362084,8773831
16464,1850197
16464,1483123
16464,1313233
2934104,9847526
2934104,9847509
2934104,8790735
2934104,1600099
70864,289729
70864,248050
70864,107999
2474484,8911807
2474484,10296930
2474484,6928840
2474484,10197847
2474484,8769572
6702024,4172848
6702024,2526649
6702024,39365
667564,4944991
667564,10259206
667564,1164573
536844,8787588
536844,407326
536844,717999
1063324,39365
1063324,2843424
1063324,90259
1063324,9081360
1290964,536868
1290964,80586
4152424,2717103
4152424,2200402
4152424,9409273
4152424,8850384
2002804,693968
2002804,451939
287784,2870368
287784,8766814
287784,283296
287784,8866157
3349504,3349760
3349504,3350321
3349504,5487965
78684,408152
78684,563302
78684,9870029
78684,4957545
3388124,1547261
3388124,931804
3388124,11285896
3388124,1323112
3388124,228321
152504,10873602
427564,8765712
427564,228189
427564,3088832
427564,3166295
427564,5410065
596784,5979930
596784,8765320
596784,8766797
596784,8822466
63624,9772262
63624,1187877
8693024,1958175
198984,63680
198984,317596
198984,422686
198984,645267
6623784,8765041
6623784,8767492
6623784,7086082
6623784,547420
6623784,17774
665444,948289
665444,7185649
665444,7263482
665444,1967124
665444,2704114
2769484,7456261
2769484,62154
408124,1230106
408124,552217
3463944,4853029
3463944,8765658
3463944,417177
3463944,3449392
1654864,646502
1654864,54999
1654864,1490806
1654864,1143362
1654864,9424809
4939704,37168
44064,1087255
44064,1353273
44064,2363940
827644,155474
827644,891006
827644,909079
827644,1703748
55124,3345542
55124,2560954
55124,195167
216044,3151528
216044,3151541
216044,3151595
3364,592356
3364,1087255
3364,2561177
432324,9354224
432324,1577450
432324,4567392
432324,90259
125544,9747449
125544,402012
125544,186348
125544,101856
25284,299708
25284,299572
25284,113956
25284,299589
377905,377931
377905,8859358
377905,90259
377905,88515
6863805,39365
6863805,545199
6863805,18020
492865,9159287
492865,9064640
492865,621963
267705,1087255
267705,3085536
267705,185365
112165,1462929
112165,5813865
61385,61953
61385,62154
61385,61794
730985,730992
730985,8764421
730985,39365
730985,20256
26445,1288152
26445,300979
26445,8779491
422945,194943
422945,186348
422945,7375
1784285,2831047
1784285,8765526
191585,293416
191585,90259
191585,3351223
191585,3364750
191585,1892582
14565,2484993
14565,12928
14565,221427
14565,1017195
14565,412674
14565,90259
566985,151206
1865065,505475
1865065,7496
1865065,1115164
4857325,4792457
4857325,2825321
4857325,8769572
6701525,2280657
6701525,10606079
6701525,6632549
6701525,2112189
224285,194943
224285,195167
181665,8821811
181665,732857
181665,439290
25585,285351
25585,90259
25585,694931
3342945,116294
3342945,20256
3342945,720382
3342945,16216
3342945,666109
3342945,428140
209685,195167
209685,653771
209685,273356
1830745,1714856
1830745,2885870
1830745,11218062
1830745,7062606
149505,1378510
149505,1378634
149505,1378773
149505,928370
3505045,9814406
3505045,9295832
245805,1021178
245805,244944
245805,85768
694145,9381492
694145,8411724
694145,8816097
694145,2018550
4421365,4421409
4421365,4421453
4421365,4421404
4421365,4421377
4023345,1341550
4023345,218134
4023345,239726
2604965,8931487
2604965,381948
872325,3003886
872325,9740538
872325,8764421
45525,2107276
45525,121335
45525,179976
45525,1631339
45525,2117035
561845,2614460
561845,4947695
561845,5351678
561845,2632199
561845,2117046
561845,9321792
150165,4074736
150165,90259
150165,471973
150165,94634
150165,26085
85785,8769494
85785,4251339
85785,1902369
852205,1391445
852205,1391561
852205,90259
1082965,625914
1082965,8848629
1082965,671304
550365,139248
550365,144649
534965,583983
534965,1223675
534965,4696009
534965,125212
3996305,8777526
3996305,20256
3996305,8765041
3996305,90259
3996305,3996316
37865,1328586
37865,4844382
37865,92385
918125,1706530
918125,1508908
918125,537192
918125,1573443
189465,4042323
189465,90259
189465,1622703
189465,1297311
189465,1621622
2894545,4343588
2894545,3407072
2894545,10386991
2078325,4416117
2078325,3564287
2078325,16466
2078325,53767
998105,194943
998105,269788
998105,1222607
998105,59313
60285,8786590
60285,60426
60285,8776596
383886,1720842
383886,121335
1960486,1438320
1960486,8767493
1960486,8765317
2175946,427702
2175946,694153
18426,5585323
18426,7519549
18426,7519732
2687706,6936813
2687706,1329059
452126,13643
452126,401393
452126,452134
452126,90259
112226,85756
112226,947395
112226,101856
112226,223817
1858746,685774
1858746,1558261
1858746,32405
5372766,8814669
5372766,9018941
5372766,9062139
1970686,8970174
1970686,4687563
1970686,4011401
61486,1516475
61486,1590693
12486,1087255
12486,1444808
12486,402826
4570346,2702152
4570346,4238277
4570346,8900482
44506,4042323
44506,9472072
239526,195167
1016986,8771327
1016986,8764421
1016986,90259
1016986,9014051
93366,116294
93366,43948
93366,93503
239366,239450
239366,1421570
374646,7375
374646,7177310
374646,374721
374646,8858704
37486,1201847
37486,62154
37486,2641434
37486,61794
37486,2641459
499806,8767492
499806,8764399
499806,565626
499806,8836613
499806,39365
626186,2238339
626186,1047597
626186,2710688
626186,1755442
400506,1577450
400506,9209421
400506,1577302
400506,380011
930826,5884496
119826,119895
119826,2702152
119826,8810419
119826,789486
3627026,39365
3627026,8767492
3627026,90259
133986,568108
133986,4418703
133986,4418641
133986,567932
1206006,10453955
1206006,8777119
1206006,1687891
1206006,216365
1206006,90259
2254946,638153
2254946,4020148
2254946,979826
2254946,2254952
2254946,2702152
3912126,10534549
3912126,8794296
3912126,2762811
3912126,1098371
3912126,9099981
64406,2333713
64406,61039
64406,713591
64406,1765403
1209106,495394
1209106,456439
1209106,8809340
7144326,2168783
7144326,2137432
7144326,448006
7144326,946742
447606,7295061
447606,9040257
447606,9039900
447606,9039451
447606,9040287
447606,9040127
4869546,748046
962806,1444372
962806,2341692
962806,561474
962806,3067972
962806,6725971
4894126,4963255
4894126,4963312
4894126,376875
4894126,4963265
1220926,403697
1220926,119020
1220926,253506
1220926,245345
779826,782496
779826,2560612
779826,1835814
779826,924554
779826,116092
3000066,3432083
3000066,215690
3000066,3431425
3000066,3373495
188646,984296
188646,8594275
188646,59913
197306,645166
197306,9083337
197306,1637420
197306,913602
197306,473692
197306,3508308
1140346,495394
1140346,195899
1140346,4123512
453966,384975
453966,8786525
453966,1706368
453966,672617
251746,129379
251746,3402
234106,704961
234106,62232
234106,241505
182986,5454119
182986,7430591
182986,2393882
182986,5993506
35987,101856
35987,8766797
35987,8773230
35987,41429
17467,80586
17467,107999
17467,1053383
17467,3184862
17467,8783337
1386627,2783978
1386627,2183863
1386627,36066
1386627,10228406
1386627,994903
195227,1497785
195227,1331273
195227,10353860
195227,2069920
663747,581616
663747,1444387
663747,221469
663747,1231014
663747,1441762
2458047,468273
2458047,2894676
2458047,661088
2327,8043476
2327,8043703
2327,8008175
3039347,4013874
3039347,3356170
175567,2432228
175567,282037
175567,3019314
175567,140385
175567,1431140
2474427,1735845
2474427,6533980
2474427,1957202
297447,39365
297447,299224
297447,8855102
297447,5847387
297447,298611
2539467,1196285
2539467,2119401
2539467,39365
2539467,5374250
19887,99075
19887,125221
697507,8766797
697507,101856
16147,1502641
16147,3384159
16147,2831267
16147,645415
1519787,39365
1519787,8928597
1519787,2131968
1519787,72537
98407,13650
98407,384657
98407,13950
98407,39365
1358047,8950177
1358047,31462
1358047,62232
4122807,3905667
4122807,4456501
4122807,8773831
4980447,8767492
4980447,8767493
4980447,8894415
4980447,1064388
1663167,8787588
1663167,109743
1663167,8878438
37747,6783811
37747,3276267
37747,9434669
15647,90259
15647,426605
15647,8766797
15647,1390683
66007,66152
66007,66201
66007,8789176
66007,66341
46467,1642477
46467,2082800
4124467,739147
4124467,5843972
4124467,4124170
115687,210433
115687,12852
115687,2371275
115687,8766797
115687,598234
2786747,90259
2786747,1438320
2786747,2786770
65187,1087255
65187,2831267
4221927,2341
4221927,8764922
4221927,928851
4221927,39365
253327,25695
253327,582703
8787,409982
8787,90259
8787,409909
8787,8868651
5727447,1082124
5727447,5468602
5727447,3049084
5727447,5728133
5727447,9879956
2169527,3005294
2169527,1066054
2169527,8800539
230447,5475141
230447,185365
230447,1926810
294667,2997194
294667,527009
294667,68532
432567,992153
432567,68990
432567,10074070
1619207,1206663
1619207,90259
1619207,8765975
149907,59913
149907,90259
1165247,1563284
1165247,4349150
5971307,1899071
3204407,1485124
3204407,99625
3204407,1219189
3204407,3220885
1375907,177350
1375907,407048
1375907,1737207
1375907,17389
1375907,401356
4699087,4669122
4699087,71968
4699087,439290
4699087,8814602
98447,25605
98447,54576
98447,5773
98447,20432
98447,20664
98447,98426
1781847,869773
1781847,194943
1781847,18154
1781847,570567
1781847,3402
95287,8802273
95287,90259
95287,1386927
95287,1218819
4042887,39365
4042887,3474171
4042887,10134701
4042887,2686186
473787,8767492
473787,4803789
473787,8773831
473787,4456501
8739638,8739633
3309498,7883134
3309498,675172
3309498,3374775
3309498,1020266
3309498,5993506
1807338,133094
1807338,121781
705698,8773230
705698,117066
705698,286129
705698,2806714
1123658,1048295
1123658,3023472
1123658,8766797
406218,90259
406218,87213
406218,32501
406218,2122975
23858,523193
23858,101856
3898578,9981085
3898578,3898694
3898578,780380
4121758,5990454
4121758,2702152
4121758,1332625
4121758,3117248
571038,205784
571038,121335
571038,642495
2076058,292862
2076058,5348296
2076058,4670504
219098,16216
219098,194943
5987938,8767493
5987938,4072389
5987938,11072230
5987938,5990454
25938,7411854
25938,52828
25938,9099981
25938,6882726
25938,6618385
473838,2166342
473838,81292
473838,4150068
1332038,25659
1332038,4126760
1332038,4123828
1332038,1190895
1332038,76652
28958,113555
28958,3572993
28958,569359
148838,10855021
148838,8792071
148838,567830
513878,3898021
513878,20256
513878,39365
5535018,49908
5535018,949964
1464838,300979
1464838,8768921
1464838,8802987
134618,2363940
134618,1087255
134618,53767
148878,537683
148878,8780760
148878,953558
951058,90259
951058,8762941
951058,8798409
376558,8780824
3220558,48050
3220558,808785
3220558,56382
3220558,868127
3220558,3487
3220558,38436
3220558,4018
1665178,4243803
1665178,6540014
1665178,1329059
147658,4418742
147658,90259
147658,640254
1323258,578865
1323258,38239
1323258,8694062
1323258,2339
257838,694931
257838,575849
257838,194024
257838,190319
257838,54576
4417858,8768055
4417858,946742
4417858,4417917
4417858,10103226
470698,10287510
470698,4979900
470698,2151907
3119,418199
3119,273356
3119,10857191
206159,682464
206159,1495514
206159,195167
206159,1290997
206039,1554365
206039,1553869
979719,2274152
979719,3327620
979719,1332536
918039,8766905
918039,90259
918039,39365
918039,220688
644379,1668279
644379,1668194
644379,4689457
644379,101856
737179,262837
737179,737118
737179,37213
506679,2284836
506679,6520866
2461699,1199238
2461699,4059947
729659,729912
729659,9136188
729659,571172
729659,188116
5060779,296580
5060779,57284
5060779,5060933
8657299,2089374
8657299,8762970
8657299,4077986
8657299,675573
217659,8347452
217659,195167
217659,3085536
217659,1755442
217659,2831267
38239,2290584
38239,8042291
38239,7112451
38239,5968764
38239,288407
90279,690340
90279,52828
90279,4816588
1736139,3417
1736139,3402
3345359,2423942
3345359,1490806
3345359,5968764
3345359,1567215
1528439,1366920
1528439,16466
620719,3384159
620719,195167
620719,3402455
620719,429236
681819,5856998
681819,1329059
681819,4243803
681819,1848189
1329099,6536672
1329099,4124170
1329099,402840
1329099,1329059
2185299,1485124
2185299,6507544
4999799,456671
4999799,386234
4999799,8762941
4999799,8780824
379539,571031
379539,8774260
379539,231160
379539,9535790
115699,381349
115699,897136
115699,1286413
4119139,7174002
4119139,4119206
4119139,8790545
4119139,4119196
33099,61794
33099,61953
33099,62154
33099,1646842
6922279,6923848
6922279,6608089
6922279,6919761
4065419,297831
4065419,1910296
4065419,1616864
4065419,4065616
4065419,4065712
4065419,3332992
3359019,9881964
3359019,4349150
3359019,3359034
3359019,3287304
559339,201880
559339,2878948
559339,190511
153379,2336743
153379,1781693
153379,6602023
3503199,9926354
3503199,9068121
3503199,3503411
3503199,649354
3897159,5820287
3897159,11060508
3897159,1233445
4239119,2325187
4239119,2323
4239119,207909
4239119,33948
85999,2831267
85999,618733
85999,5516488
85999,1781693
8756879,297308
923779,1290555
923779,1290549
157539,6152437
157539,77772
401959,2395587
401959,2124803
401959,189610
2842559,4230367
2842559,2721552
2842559,3066495
2842559,3386983
6617739,6930932
6617739,6502925
6617739,6617768
6617739,10588159
526259,9157384
526259,53867
526259,64164
423599,568615
423599,90259
423599,415743
423599,121335
423599,164849
195899,16013
195899,43129
195899,1806481
195899,195167
3229934,4050075
144934,194943
144934,267753
144934,20256
8424134,2331922
4193934,5951609
4193934,3417
4193934,119478
4193934,619395
4193934,16013
598934,7761041
598934,3899482
598934,4449678
598934,1740345
598934,598236
642534,235856
642534,2940013
642534,89068
642534,741767
4838534,949964
4838534,127778
4838534,511942
4838534,5799167
645166,2339
645166,106587
645166,7496
7273366,5949888
7273366,18097
125966,379258
125966,1214395
421166,780668
421166,45484
421166,645143
1199566,4699833
1199566,165134
1199566,1638685
6915966,2106748
6915966,3364
6915966,54006
6915966,72413
1164573,1163534
1164573,667564
139973,136897
139973,939817
4689373,4689280
675573,675312
3406573,3406596
3406573,5453250
1378773,700859
1378773,1841587
1378773,37562
1378773,149505
520782,2171137
520782,8472687
520782,7496
520782,3358378
1892582,447791
1892582,232153
1892582,3358910
1892582,1942279
7777582,5715445
5542382,217244
5542382,1274976
5542382,491341
409982,1381805
409982,8787
409982,5799167
4844382,37865
547782,1706368
547782,630809
547782,404810
547782,3498816
3386983,407048
3386983,2472449
3386983,1847860
583983,8765658
583983,10447663
583983,29564
583983,221469
583983,976854
5481983,5481931
563583,1336512
563583,3226475
563583,873389
1625583,1209106
1625583,1430212
1625583,19836
1706383,3417
1706383,47344
1706383,2106748
3402592,5500260
3402592,3404555
3402592,3402277
81392,40474
81392,18154
81392,194943
81392,43835
47592,195167
47592,1249658
47592,2169240
47592,654945
47592,422945
4212992,1876978
4212992,47575
4212992,2838665
4212992,2767362
647992,647995
647992,2963505
647992,8764421
3332992,2474484
3332992,297831
3332992,4065419
619602,195167
619602,1850197
619602,429236
619602,10609546
2242002,422888
2242002,35909
2242002,2751720
913602,512176
913602,165134
913602,684550
913602,197306
263603,8791186
263603,2111186
263603,1565736
1305603,285421
1305603,1510802
1305603,4670504
1305603,1305344
407603,155474
407603,90259
407603,407326
5621603,2621334
6830009,8890288
6830009,8434234
6830009,11248307
6830009,3905667
630809,535771
630809,8765658
630809,8544325
1038422,4441745
1038422,111415
1038422,1459086
1515222,195167
1515222,4198246
6863622,9031564
6863622,6923266
6863622,10731162
6863622,8944342
490422,18178
490422,12852
490422,90259
2340823,7177310
2340823,10768893
2340823,3062310
2340823,7375
2340823,4957545
2488033,8948795
2488033,9092857
2488033,1236984
402439,8779491
402439,113555
402439,8768921
525239,439290
525239,59913
525239,710740
525239,789486
34852,3165690
34852,1619614
34852,257838
96052,8773897
7634452,4123750
7634452,5987848
7634452,4123828
2622087,2622026
3646089,39365
3646089,9140707
3646089,8820340
1097292,128830
1097292,6536672
1097292,1329059
684492,2878948
684492,120835
684492,90259
684492,61039
148092,1298055
148092,90259
148092,647709
539692,8791817
539692,706033
539692,222241
539692,232905
539692,1050186
539692,1894028
539692,8780760
2442892,1415379
2442892,1750971
594892,5807239
594892,195899
594892,53060
1142893,5485250
1142893,10392077
1142893,10392067
1142893,1750318
1064493,39365
1064493,8419753
1064493,1133540
2700893,909079
2700893,39365
2700893,8042291
2700893,90259
2700893,8764421
2058495,480330
549698,218558
549698,8766797
549698,90259
102898,1829412
102898,96648
102898,3433073
102898,125966
127305,125110
127305,90259
127305,59913
127305,2453057
127305,101856
3088507,2339
3088507,6608006
3088507,213358
4453307,4453297
683307,2985193
683307,8312656
683307,4322671
683307,429236
683307,2487967
188507,12928
188507,79066
188507,913602
404910,70656
404910,9370411
404910,1543660
1336512,1835814
1336512,18178
1336512,8770017
1336512,84813
1336512,1336516
675312,620759
675312,676775
675312,6528612
1082112,1082189
1082112,116617
1082112,635855
7690512,7690870
7690512,7787662
7690512,7690909
7637317,3438
645717,59913
645717,9838421
645717,9781033
5884517,8402018
5884517,2066528
5884517,8605899
5884517,6899308
5884517,3280256
4452120,3357005
4452120,1148993
4452120,4225572
133331,185365
133331,1850197
133331,1087255
133331,4868373
133331,6720571
402542,9028844
402542,1220926
402542,574435
402542,1455884
402542,8785974
2322942,637088
2322942,9242997
2322942,8767492
4025342,3596024
4025342,1369086
4025342,3407111
601343,10170070
601343,10170080
601343,287649
601343,1975278
7251743,1958175
7251743,581033
11749,6565450
11749,2831267
11749,1208690
11749,5475141
11749,4082580
603749,293622
603749,603814
603749,603836
603749,13950
238549,1386692
238549,29862
238549,2137419
238549,5968764
238549,7373
415749,8779601
415749,1504402
415749,125520
415749,90259
86150,637088
86150,4828856
86150,59913
24550,19254
24550,2236304
24550,12928
24550,90259
4024950,8971610
4024950,620759
4024950,1512092
516150,39365
516150,8764421
516150,20256
1208557,11159804
1208557,8339138
1208557,1848189
53357,6644709
53357,411157
53357,3002140
938957,2423942
938957,194943
938957,111415
148157,8779491
148157,1606583
148157,1834360
3682963,4042323
3682963,9518214
3682963,3390909
3682963,1426227
3682963,5380549
2151763,8948795
2151763,2345795
2151763,2151907
2151763,768884
4745363,1431140
4745363,3503969
4745363,39365
127778,7127464
127778,5007289
127778,10882270
1570578,1835814
1570578,1954071
1570578,707724
1570578,725965
825378,90259
825378,36693
825378,8786121
246578,2092004
246578,2166342
150183,60039
150183,2089274
150183,2838666
150183,9626706
150183,653771
2821383,1507186
2821383,2821465
2821383,3062225
2821383,4957545
107790,8905573
107790,2151907
107790,2166342
484999,90259
484999,9179879
484999,9000022
484999,1042436
484999,39365
2119399,2341
2119399,9407824
2119399,2119401
2119399,8767492
3591009,1293434
3591009,4695891
3591009,1192554
3591009,526828
3591009,621804
2063809,32182
2063809,8785693
2063809,3257150
2063809,1826821
430609,618544
430609,653771
430609,99625
3415409,4703187
3415409,1329059
3415409,4243803
3904610,4963312
3904610,10599969
3904610,9319202
3904610,4913971
2847810,485497
2847810,2086857
2847810,71968
1223810,8778433
1223810,90259
1826611,487447
1826611,2168645
1826611,2169409
1706611,13950
1706611,7107485
160617,9766234
160617,1581315
160617,1011106
160617,8817649
939817,139973
939817,101856
939817,3904462
939817,282037
537417,8031475
537417,5831683
537417,10882842
1312217,535771
1312217,1768638
1312217,90259
1312217,190319
502225,9345452
502225,273356
502225,1686227
502225,1972887
567825,567932
567825,568085
567825,8480271
567825,35370
567825,28337
3095839,5397716
3095839,2647922
2003839,714181
2003839,125520
2003839,2378763
2003839,3262661
3488239,4160066
3488239,3327055
3488239,1420300
3926639,8779491
3926639,39365
3926639,925418
1065439,1063903
1065439,892620
1065439,9934427
45039,1559341
45039,1631339
45039,8765103
45039,84540
45039,1143679
397839,951477
397839,558342
397839,10540539
397839,285761
397839,10540528
163040,439166
163040,1181255
163040,1181272
163040,1181024
4881840,4881864
4881840,4881853
4881840,4881860
4881840,1188700
1507440,4412278
1507440,1143362
1507440,8739455
1507440,285368
7690251,7690939
7690251,7690374
7690251,7787630
7690251,11071571
7690251,7690909
856258,9518810
856258,617213
856258,29176
856258,3348901
856258,2698968
288658,9293172
288658,1187877
288658,1380624
288658,9207795
590658,2263328
590658,1383005
590658,572000
590658,8866157
749058,52828
749058,750079
4178259,8817452
4178259,9159287
4178259,39365
257459,121335
257459,39365
257459,286042
1847860,429236
1847860,2831267
1847860,195167
1847860,457715
697460,2908057
697460,925418
697460,733809
697460,2908039
5500260,5499730
5500260,8995898
5500260,3403833
5500260,9218166
915460,2883751
915460,8881999
7979064,8867777
7979064,9074940
7979064,8834692
7979064,8995430
147875,343233
147875,2830148
841875,8839148
841875,38002
1744275,90259
1744275,760
1744275,2236509
1162675,4212171
149475,1073386
149475,54447
149475,450871
149475,9460226
287875,2290584
287875,1706383
287875,3085536
767484,1177584
767484,10044950
767484,8862417
767484,671304
1352284,9031564
1352284,5983213
1352284,5328858
1352284,8866960
1352284,9079794
1070684,5993506
1070684,1070723
1070684,9038330
36284,283296
36284,655953
36284,913602
36284,903853
1658693,2044735
1658693,2044915
1658693,595058
1658693,7375
3070693,2048774
3070693,293416
3070693,681670
3070693,29862
868693,1292921
868693,29424
868693,1327072
868693,90259
2646293,3424574
2646293,1389297
2646293,5421029
2646293,1474677
5987894,7690939
5987894,5950744
5987894,7690870
5987894,7132574
187894,2218547
187894,9438893
187894,59913
1531894,37168
1531894,72537
55511,4210226
55511,3384159
55511,185365
55511,272387
4387911,1234454
4387911,2259740
4387911,2259751
4387911,10800311
251511,8779601
251511,442767
251511,232905
251511,8875832
7567911,52828
7567911,1391915
7567911,5884660
7567911,1854400
7567911,2702152
2265511,1220602
1327925,4012070
1327925,3290156
1327925,868693
1327925,3174444
16325,1329059
16325,186348
3897925,3897967
3897925,3898213
3897925,4013063
3897925,3898021
1437527,3595092
1437527,9872663
1437527,2815472
1437527,10029790
6829527,7675927
6829527,7640761
6829527,2137419
6829527,8434234
583545,8592925
583545,7076141
583545,9453731
2419145,496206
2419145,781159
2419145,47575
635947,5475141
635947,185365
635947,53767
635947,444485
20347,3428465
20347,671304
20347,2396219
20347,90259
141147,2341
141147,205784
141147,90259
141147,198990
2781547,1329059
2781547,13950
2781547,3345542
2781547,402840
876747,925418
876747,465437
876747,1283307
876747,1049548
1499952,1062462
1499952,3116346
1499952,200239
1499952,1042107
6618353,970072
6618353,1656316
6618353,10696702
6618353,1329131
2607955,2882059
2607955,9064794
2607955,946742
240355,59913
240355,422913
240355,196620
240355,1767443
998755,8765658
998755,2622425
998755,8780824
2236755,4526558
2236755,10797011
2236755,2399509
1389159,30327
1389159,401603
760,421789
760,3948694
760,91696
760,797152
879560,4080623
879560,20256
879560,6835283
4352767,7814415
4352767,4687563
4352767,10355502
4352767,1180034
5799167,4243803
5799167,2894879
3034773,1818001
3034773,3315073
3034773,8971610
3034773,3917036
3034773,1162511
584373,3278172
584373,18154
584373,621666
584373,551768
584373,195167
471173,948630
471173,8875734
471173,2520391
471173,152492
2134773,6745838
2134773,8573207
2134773,8572716
251580,6763200
251580,185365
251580,1383005
251580,572000
251580,425514
1192786,9709842
1192786,5349886
1192786,1516475
1192786,1234454
606786,233964
606786,606771
2949592,619367
2949592,5952275
2949592,94703
2949592,29862
22792,2830148
22792,2477746
8103209,8096430
7690409,7690251
7690409,4908817
7690409,5988356
5822423,5820537
7428828,8121005
7428828,1715498
1025628,1025619
8740029,630878
7355229,2474427
7355229,534
4826445,179992
72050,654945
72050,195167
72050,2811600
5328858,1349110
5328858,1352284
1062462,2273962
1062462,1499952
1062462,448843
1689668,912989
1689668,781322
1689668,32274
17671,951899
17671,17531
17671,195227
6838471,3034257
3154471,3154334
3277,3384159
3277,2831267
3277,185365
3277,53767
3328077,48094
3328077,1536678
1130484,90259
1130484,1623900
1130484,8767493
1130484,4659515
1130484,8772564
3270484,1223810
7943299,5988356
8633699,2697532
105707,151456
105707,3926639
105707,617869
105707,300762
430519,52828
430519,90259
430519,8765167
430519,53092
4110531,7623415
4110531,4109139
2950531,1118432
240931,1132128
240931,1263747
240931,107712
240931,241768
1633733,289562
1633733,125316
1633733,45687
1633733,1632063
2218547,187894
1568954,1706368
1568954,455843
1568954,1783557
4212171,1910615
4212171,1323644
789771,19258
789771,152879
789771,3154334
3145771,867076
3145771,3594475
3145771,1885312
1709772,738441
3332982,4065919
3332982,8768055
3332982,8769540
3332982,2363153
3332982,5380549
1236984,2387451
1236984,492050
3595386,3594469
2035386,195167
2035386,1147472
2035386,1501358
2035386,292862
2035386,284688
1637797,2180145
1637797,1122930
979397,92173
979397,195167
979397,457932
2482597,42900
2482597,296116
1556206,2787641
1556206,16031
1556206,4167305
1556206,1555974
2920221,137808
2920221,203859
2920221,712525
2920221,1383203
8274621,1017728
1333037,195167
1333037,71968
1333037,92173
1333037,269788
2828252,6841952
2828252,1062758
2828252,1915718
2828252,1210607
412258,2800806
412258,9080427
412258,655780
3262661,6701271
3262661,7496
3262661,2003839
412268,1913721
412268,21596
412268,78847
412268,124751
412268,61048
401068,154714
601068,561727
601068,600959
601068,292862
601068,294603
916269,534
916269,564324
916269,558018
4169888,7893372
4169888,7640357
4169888,3903949
4698688,4397906
963488,963424
963488,3428159
7481889,1888853
401093,422913
401093,22998
401093,22792
401093,211154
7293093,7292441
7293093,4890301
76293,4963545
76293,160045
76293,4176147
76293,3886401
641895,42900
641895,642010
641895,155895
2236304,668501
5045904,781009
5045904,1068372
295522,457932
295522,54476
295522,3319163
295522,4021231
480322,1419100
480322,8764421
480322,5993506
480322,90259
562737,562622
6810742,619142
6810742,25442
6810742,447806
6810742,210729
7119543,2131679
7119543,1706586
7119543,11126
772343,2087020
772343,4727905
222743,2339
222743,234046
222743,507890
222743,402369
222743,37213
7780368,5715445
560382,17186
560382,17175
720382,3342945
720382,720375
720382,45436
1169211,740554
1169211,3645219
1169211,2430405
1169211,7496
690811,5808488
690811,9494496
690811,8777526
5574011,10428745
5574011,9428681
5574011,8775121
5574011,10428776
5574011,155929
1635611,6841952
1635611,32723
1635611,81868
3227611,689993
3227611,4795216
879622,797152
8270822,1166736
6725222,386108
6725222,54889
6725222,54006
6725222,47162
6608422,293438
6608422,16270
6608422,2339
6608422,15744
6608422,2340
1894028,449047
1894028,695711
1894028,539692
1894028,451939
7787630,5987867
7787630,5987894
2116430,2116419
5962030,432660
5962030,1706368
4310031,94160
894831,240457
958833,654945
958833,194943
958833,16013
8370833,2456084
6819644,39146
6819644,1149873
6819644,1150292
1231647,3071686
1231647,1230511
1231647,1879027
7600447,4976911
4447,468
4447,36226
1191647,978966
1191647,670438
1305247,420798
2142866,34974
2142866,684469
7708470,3948694
517270,10176692
517270,2283766
1761281,1001269
1761281,985560
1761281,7637
1761281,6148
1367687,399586
1367687,1083191
1367687,238898
1367687,9164
22893,25367
22893,16890
22893,428795
22893,35281
1019699,45687
1019699,19836
1019699,45690
3900499,93713
3900499,5994113
2814899,1679538
2814899,160617
2814899,899103
2814899,121193
129300,40415
129300,530400
129300,264408
129300,1942279
4670903,37213
4670903,2206741
430903,641600
430903,67318
430903,2291798
430903,98209
430903,1607817
7609303,1436848
7609303,444613
7609303,604602
1054903,40821
1054903,461496
1066106,8772564
1066106,1066695
1066106,8769533
1066106,1066587
55727,53983
55727,195167
55727,3278172
55727,92173
55727,654945
149330,7286176
149330,565863
149330,45642
5499730,3404953
5499730,5500260
1291740,4156873
1291740,8768
1291740,3911247
908540,133839
908540,245426
8272540,3402280
3002140,1706611
3002140,207889
3002140,14737
6766947,49908
6766947,1166424
549349,460266
381349,115699
381349,1209106
381349,102875
1037354,207368
702954,1931
702954,451909
1296554,109299
205354,8787306
205354,64022
205354,1329780
205354,8787316
155769,379096
155769,897158
155769,125891
2958969,3402
2958969,18154
8545383,1221224
4628583,4018
4628583,1436848
1570985,898222
1570985,3367730
1570985,697477
5489394,4698263
5489394,68961
5489394,30327
17394,197285
17394,294997
17394,4570749
17394,376912
17394,2704161
17394,17362
3342195,3993763
3342195,3342174
3342195,1325456
7943001,7942795
192601,192773
192601,191906
192601,705861
263814,22464
263814,8121005
263814,947923
1380624,9254951
1380624,198396
1380624,1714328
3488630,395836
948630,7814048
948630,4838329
948630,10745324
7943030,7942795
678242,1575240
678242,1223345
678242,70837
678242,626265
1675842,1130053
1675842,502746
4513442,2647468
4513442,15346
4513442,3309472
4513442,4513448
8352642,8352555
1238253,619602
1238253,769037
1238253,3352420
125453,449337
125453,15926
125453,598234
5499853,2339
5499853,16270
787055,1222607
787055,188176
787055,2637094
2303857,217244
2303857,1535371
2303857,70253
3370257,5987587
3370257,6834347
3370257,2635003
3370257,1171137
1131857,550093
1131857,1836226
203859,568566
203859,34194
203859,1616116
203859,376558
203859,49953
5833481,37213
5833481,594505
5833481,8592013
1704688,5716314
1704688,1706368
1704688,1148993
1704688,4726001
3487100,456022
3487100,262837
3487100,2078325
1391915,40415
1391915,7567911
1391915,194943
1391915,47164
1391915,3402
8720715,54545
5501515,8646807
5501515,3403
5501515,5501244
1057520,18515
1057520,187878
1057520,1057366
1057520,1446006
5043920,781009
1777526,47575
1777526,106587
1777526,2885122
1777526,7790603
3508729,47164
3508729,955727
1177529,1177525
1177529,3905230
1177529,1314163
433534,456022
433534,119478
433534,269788
433534,3402
433534,1230511
997534,780668
411139,68308
1162339,1106595
1162339,34050
1162339,452283
1162339,46115
1162339,71968
8681551,26849
1177558,89068
1177558,852213
4695161,3296389
4695161,71143
1083961,551023
1083961,7594
7640761,7668167
7640761,7923547
7640761,4169958
8045570,4330496
6927975,3396081
676775,7120775
676775,675312
676775,79647
676775,165134
1280775,2493
1280775,86150
8652785,5380180
8652785,516942
8652785,3377193
4795216,3227611
19258,4807829
19258,1390315
19258,71968
19258,665524
3259268,137808
3259268,1725075
3259268,18178
3259268,9424006
1916880,1956057
1916880,3402
4670480,16216
4670480,3061946
4670480,2897932
4670480,1508908
1320082,4222868
1320082,13950
1320082,20256
6491,2205099
6491,3384764
6491,10792903
6491,9878481
6491,979397
1913721,4380731
1913721,78945
1913721,1835814
1913721,1043230
1913721,412268
222525,59913
222525,90259
222525,8780760
4116951,618544
4116951,3155218
4116951,2673525
4116951,495394
4116951,5610728
1358557,29424
1358557,954170
1358557,12852
6612969,3378518
6612969,134381
6612969,7071490
6612969,7091952
216170,783503
216170,59913
216170,90259
216170,116144
1956970,1735242
1956970,1503388
1956970,10771404
1956970,39365
1736197,9294252
1736197,76413
1736197,8374869
1736197,2791813
1736197,562308
645001,8777970
645001,8868540
645001,2341
645001,29176
664239,4042323
664239,2705734
3416241,3416611
3416241,8773831
3416241,4042323
531442,8276717
531442,9125146
531442,1087255
1437055,429236
1437055,195167
1437055,185365
1437055,621051
1014656,256816
1014656,734759
1014656,273356
1014656,2285216
249876,4584205
249876,4042323
249876,613416
1192276,10266816
1192276,3386394
1766676,3093052
1766676,67318
4025908,4026787
4025908,1485124
4025908,10032518
4225928,2702152
4225928,3321562
4225928,946742
4225928,3432315
1965141,1965165
1965141,1570092
7923547,5359252
7923547,7690072
7923547,8042911
7923547,7918410
5518748,8831979
5518748,10398887
5518748,39365
5518748,589627
5518748,10398905
984368,85756
984368,198990
984368,224780
720375,720382
720375,8775121
720375,720383
5987587,10571546
5987587,10571543
5987587,117066
5987587,4890897
10001,4672771
10001,444485
10001,4671674
53229,54422
53229,54355
53229,54506
4021231,5496878
4021231,10341730
4021231,4458919
128437,303951
128437,128469
128437,22792
70837,259620
70837,67543
3602046,8768055
3602046,8767492
3602046,9127784
3602046,8767493
979647,221469
979647,3995357
979647,399557
1723659,20554
1723659,1636601
1723659,1723064
1576462,9524405
1576462,214931
1576462,8828299
1576462,8822567
794062,628228
794062,794794
794062,794248
3104464,140112
3104464,2112189
3104464,39365
4176466,4176728
4176466,2168783
4176466,8765658
40480,671304
40480,5385
40480,572000
40480,7375
4696487,4696473
870887,2702152
870887,946742
870887,8765712
54889,1353273
54889,2831267
54889,1087255
54889,4324558
1675696,8111445
1675696,3903949
1675696,11096941
1675696,7227198
1675696,7228487
2646909,2646901
2646909,697054
2646909,887597
4163709,3590528
4163709,8773831
4163709,9376090
4163709,8763510
2120536,3058171
2120536,1019699
2120536,272737
2120536,52828
5478982,264423
5478982,16216
5478982,16466
5478982,7133900
5478982,195167
406984,8765658
406984,7177310
406984,101856
406984,8766797
406984,116294
3319005,2124517
3319005,3321555
3319005,3320272
3319005,8765712
3319005,681387
933411,121335
933411,924554
933411,215318
245426,8972718
245426,8776255
245426,2088806
669426,8763510
669426,670413
669426,2396031
669426,2168783
5063040,8767428
5063040,5063078
5063040,7731114
5063040,8776399
2170268,1533744
2170268,1340935
2170268,2170265
2170268,537417
2170268,68573
1941483,429236
1941483,16466
1941483,4690380
1941483,6893786
1941483,4798609
1723928,128830
1714328,28728
1714328,4121758
1714328,3475461
1714328,1380624
1714328,979719
47162,1087255
47162,53767
1706362,10042344
1706362,3378518
1706362,6893786
1706362,10693037
5951168,8764421
5951168,125136
5951168,8765167
5951168,8765680
8768,13950
8768,572000
8768,1291670
8768,429236
379971,1541051
379971,121335
379971,185652
379971,8842146
379971,8768076
4661605,8596628
4661605,8859225
901605,2168783
901605,951477
144830,9464775
144830,2279023
144830,892452
492050,8780941
492050,9092857
492050,2151907
492050,1236984
492050,984874
2928850,8411724
2928850,529385
2928850,9738968
2928850,892452
196061,2716564
196061,1073386
23268,9163057
23268,3206587
23268,1964895
3146478,9284050
3146478,4182930
3146478,2077924
714489,407326
714489,2998008
714489,8787588
714489,59913
6533707,1628997
6533707,2066528
6533707,4950679
6533707,2072087
6533707,1848189
3298522,10290145
3298522,3431921
3298522,4042323
5988137,3400923
5988137,7814088
5988137,7825115
4444154,295835
4444154,8768033
4444154,1438320
4444154,2702152
4444154,8781059
47355,47344
47355,2441411
47355,654945
47355,269788
47355,18154
3482555,1767443
3482555,1610499
3482555,260596
10565,8618758
10565,39365
10565,2423942
7735378,7748831
7735378,1313282
7735378,7734635
7735378,7735436
7735378,7735448
2391378,4677909
2391378,9517100
2391378,1020266
2391378,2392383
1066587,2694018
1066587,1066106
1919409,4703187
1919409,8588175
1919409,4012738
428240,119067
428240,15874
428240,101856
1876248,2341
1876248,20256
1876248,8777526
2919463,1839953
2919463,5993506
2919463,8767492
125891,155769
125891,424531
125891,379096
125891,382202
122691,380099
122691,125110
122691,125891
3498702,39365
3498702,5993506
3498702,20256
3498702,4042323
87502,29564
87502,950146
87502,1301220
87502,221427
369135,111967
369135,2477746
6559535,11301161
6559535,2125440
453945,90259
453945,1835814
453945,15889
3244352,698539
3244352,15889
3244352,137808
492352,39365
492352,1910794
492352,90259
492352,125208
9164,3517873
9164,444485
9164,9209421
3490770,5752583
3490770,3490841
3490770,3490758
644404,2507909
644404,39365
644404,8988419
644404,646502
644404,8765658
47604,7409998
47604,1502641
47604,195167
47604,53767
1446006,2881365
30008,1916972
30008,2453024
30008,8851189
30008,3165690
3366012,3366338
3366012,3366345
3366012,3366332
452415,634555
452415,1016142
452415,3287304
1956449,6523544
1956449,495394
1956449,153590
1956449,194943
423728,29564
423728,9604259
423728,90259
1162934,8799766
1162934,1590536
1162934,1332684
1162934,8969713
833372,2482982
833372,9260647
833372,8765658
833372,5057332
833372,8873941
2482982,869564
113385,2205649
113385,221001
113385,2151100
521395,375834
521395,534432
521395,278034
521395,239726
4684617,4684610
107038,2205099
107038,53767
107038,7285069
107038,1781693
107038,185365
3099038,6824078
3099038,7375
52638,1313326
52638,4524313
52638,300394
2910246,6811322
2910246,7126113
2910246,90259
2910246,1329152
2910246,32182
2910246,1329059
1735850,186348
1735850,195899
1735850,1512092
3036653,129642
3036653,1178698
470269,9373202
470269,4908616
470269,4042323
470269,2051483
1209470,92173
1209470,195167
1209470,269788
1209470,16013
1427100,122700
1427100,8767935
1427100,571031
1427100,381349
1427100,59913
697530,923773
697530,563276
697530,121335
4147130,4147154
4147130,4339413
4147130,2525752
4147130,232195
601530,22691
601530,267289
601530,121193
1171137,3324529
1171137,963039
1171137,9917257
1171137,182059
1171137,8797160
601543,186347
601543,22691
601543,5994113
601543,570254
601543,8121005
8023945,9368667
8023945,8804322
8023945,11108722
1964755,1964748
4993566,264423
4993566,1148993
4993566,5355757
4993566,1222759
4993566,2627587
134367,29424
134367,90259
134367,40432
961582,198990
961582,1024
961582,7047913
444786,604602
444786,3402
444786,3417
444786,1471020
259192,380961
259192,12928
259192,259291
1808006,1807931
185652,2940047
185652,122557
185652,766127
185652,122687
4025671,1369086
4025671,5987921
3043337,2474484
3043337,4167305
3043337,4021300
2364954,1673965
2364954,3402
2364954,46381
2364954,4724061
1171418,694931
1171418,1336634
1171418,117602
4672234,10001
281845,269960
281845,101251
281845,232658
3702657,7496
1385876,4120212
1385876,1385601
1385876,89068
1385876,26849
1638685,13950
1638685,3147749
1638685,185365
387503,63991
387503,2112156
387503,112221
5398785,46697
1430807,2621334
1430807,5421029
1430807,286165
1974832,1147472
1974832,502164
1974832,1974784
1974832,60547
1158839,3358905
1158839,1632063
1158839,3034257
1158839,1113062
3168483,727907
4982886,1320112
4982886,2052254
4982886,6701271
4982886,6623784
2525296,713122
1190936,43129
1190936,37213
2368536,6919577
2368536,4397967
2368536,982276
32543,574187
32543,407326
2058179,15744
2058179,4953293
2058179,3594475
2058179,195983
2058179,4869155
2058179,675911
1322250,45975
1322250,843895
1322250,1298079
5843999,4248292
5843999,2339
5843999,3174444
5843999,654956
1012010,9947824
1012010,2559063
1012010,55377
1012010,919628
6618412,48042
6618412,6537029
6618412,3487
6618412,15322
3143231,217798
3143231,445062
3143231,1450
3143231,16013
740051,739758
631266,284688
631266,184464
7520867,7400838
730472,217798
730472,452356
730472,18154
730472,4018
730472,194943
1376933,15744
1376933,3402
1376933,18154
1376933,4890301
2068134,6623784
2068134,262452
2068134,534
1658537,463899
151353,8764421
151353,8767492
151353,90259
151353,8763510
1556188,284687
1556188,3403
1556188,2339
1556188,1555974
439392,22009
5767392,2041453
5767392,1156508
5767392,4094813
7735436,8926609
7735436,4848322
7735436,7748634
7735436,39365
730651,1318780
730651,214926
730651,493566
1677865,743338
1677865,32291
1677865,433451
3236323,22998
3322755,3319163
3322755,2397298
509968,54603
5495605,3040871
5495605,1329311
5495605,3373953
1534013,13100
1534013,16464
1534013,860029
4938828,1309655
4938828,404810
4938828,186361
4938828,37168
3009257,11997
3009257,5535657
2151673,4957001
2151673,1228508
2151673,2151666
8551686,17661
1278099,678137
1278099,70794
1278099,233593
8042911,7214759
8042911,4330274
8042911,2327
20554,90259
20554,2421998
20554,1723659
20554,946742
4142166,2701051
4142166,285421
4142166,4141754
5950168,44057
5950168,55511
5950168,2917472
2881371,1446006
727771,1377203
727771,14737
727771,72537
8737383,2827976
1636601,1635597
1636601,15889
1636601,1025363
1636601,90259
1636601,61075
4807829,19258
4827029,850860
4827029,5994113
4827029,1147472
8276717,16252
8276717,64753
667144,898647
667144,2811879
2180768,7813755
2180768,713900
8423992,2888510
8401592,219293
7227198,4169888
7227198,8000901
7227198,7951021
6737628,59072
6737628,1167329
6737628,1705973
1547229,2934385
1547229,1039624
1547229,154292
1547229,451879
2558442,4330274
2558442,4169888
2558442,7958824
2558442,8107764
2420851,1149873
2420851,17389
2420851,1147472
2420851,492193
4523253,4077849
4523253,1623051
7214453,7226669
7214453,7102245
667293,398014
667293,667211
667293,564634
1718,92173
1718,195167
1718,16013
1718,40474
84918,662504
84918,70253
84918,232812
84918,1435079
1016142,69009
1016142,452415
548945,245263
548945,85628
2078576,605419
7227408,7141762
7227408,2327
7227408,7214749
7227408,2654849
2417825,118629
641833,697276
641833,81750
641833,700227
641833,187303
3320272,1505933
1605076,453935
1605076,3324214
1605076,3323758
3118738,1668184
1611562,711273
1611562,101000
1611562,697622
3899574,3407111
3899574,3407099
3899574,1553698
3899574,1311624
299589,18216
299589,107037
299589,25284
5406806,697530
910812,909116
5995662,4169888
661335,1723064
661335,127423
1022943,196476
1022943,556188
1022943,2136
8050156,2893062
1298161,558712
1298161,7496
1298161,1074072
1298161,399686
6536601,735398
6536601,194582
1682214,220850
1682214,115927
1682214,7608218
2213416,711273
2213416,187894
613416,153668
613416,61021
613416,432660
613416,70752
2309,195167
2507909,967866
2507909,3277
2507909,97971
2507909,186347
2507909,798665
2075914,46232
2075914,134618
2075914,37213
2075914,196241
2075914,76652
6514319,203356
8373526,7071760
8373526,3032283
2847152,3034257
2847152,140980
2847152,5988442
2847152,45687
98402,678701
98402,493566
98402,4870210
85622,198990
85622,29299
85622,139980
453630,37213
453630,47164
453630,3402
453630,3071686
453630,388296
2076046,1777503
1029653,42900
1029653,563884
1029653,237501
1029653,8768033
2796119,4024420
2796119,48221
2796119,556177
4210527,901605
1580134,170933
248948,565734
248948,121193
4303368,94160
5513016,5993851
5513016,7214759
5513016,5513035
5513016,4330316
5513016,7248813
2828220,1210607
2828220,249876
1833076,1215831
2815506,401018
5986714,237501
5986714,646162
5986714,8768055
5986714,1438320
5986714,160185
3349917,1177304
399557,979647
399557,1277642
399557,1910968
4258787,3188990
4258787,1349110
4799595,4799590
684451,53327
684451,191859
684451,249283
1068485,708870
1068485,550093
1068485,376632
1068485,383725
1068485,568303
2815685,70704
2815685,412466
2815685,125316
7228487,7951021
7228487,4169888
7228487,7248369
5922925,203356
5922925,5914783
7814129,3400923
3324529,2445658
3324529,1171137
3324529,1889547
6604539,47575
8143754,8121005
12607,70857
12607,4447907
12607,1385727
12607,12604
3903833,3914812
3903833,5522825
3903833,15889
3903833,9818392
963039,963025
963039,16890
963039,917933
963039,1171137
1516643,4150360
1516643,7051
883068,6929300
883068,8780824
883068,1194809
1292668,63776
1292668,8768
1292668,119446
963074,1064493
963074,3498174
963074,1064492
380704,102875
4207912,3903862
4207912,1269630
4207912,8121005
4207912,89068
7731114,7731058
537533,1360800
537533,149287
537533,46115
7036733,89068
6927996,3396081
