3165690,14699
3165690,49908
13950,37213
13950,1191839
13950,32058
13950,69009
198990,215102
198990,376904
198990,248468
7496,13950
7496,2176109
2176109,1292070
2176109,427702
1513909,7051
1513909,1572668
1513909,2339
59913,63680
59913,152601
59913,59896
1572668,1513909
1572668,2712483
1572668,9637833
1572668,2712846
412208,8907854
412208,12928
412208,8777970
412208,90259
947468,202442
947468,85756
947468,8767492
947468,8766814
49908,4063512
49908,535058
49908,2831267
49908,2086082
248468,1430886
248468,2608864
248468,902870
248468,28526
2002011,113956
2002011,1168913
2002011,8807153
2002011,1835814
7051,53767
7051,32571
7051,1353273
59896,8775121
59896,59913
59896,90259
2121789,9873278
2121789,4256448
2121789,4257470
1848189,18154
1848189,6806579
1848189,4669667
1019629,1019187
1019629,1629776
1019629,45687
1019629,422008
1019629,45690
205729,651688
205729,60679
205729,1147472
4051149,385294
4051149,4050075
4051149,3365969
12689,143837
12689,12604
12689,1487253
1752412,20432
3332872,294603
3332872,1191839
3332872,1443960
3332872,91789
272737,695480
272737,23045
272737,144649
272737,16890
272737,423994
1196517,1025117
1850197,951427
1850197,71968
1850197,2441411
1850197,16013
1951077,650744
1951077,619142
4179417,184207
4179417,2764744
194497,1616116
194497,26613
194497,512176
194497,64435
485970,92353
485970,4378116
485970,8762941
4257470,3487
4257470,2121789
262890,185365
262890,1087255
262890,5332066
16890,13950
16890,1173299
16890,9699405
16890,569359
16890,16466
932470,12928
932470,8800257
932470,2950305
281690,11107789
281690,11105359
3830,195167
3830,80586
3830,402826
1950370,10074070
1950370,2362378
1950370,4654556
1950370,8923313
45690,1019090
45690,2996020
45690,2894691
45690,45642
3049950,718491
3049950,18020
3049950,8767493
6578330,1848189
6578330,1747780
6578330,5884496
6578330,6864584
1753610,1753337
1753610,8773545
1349110,5324767
1349110,3955153
1349110,9566805
1349110,8560265
684550,9201949
684550,79066
684550,12928
1535373,1535584
1535373,1535562
1535373,2646752
4114793,3410084
4114793,3211512
4114793,5379610
2152533,101856
2152533,8770017
2152533,8855355
2152533,2152546
2152533,1201250
4450393,1638607
4450393,2764532
4450393,161349
4450393,420682
5400853,925418
5400853,9312704
5400853,2523250
1080233,12928
1080233,1835814
1080233,8893389
1080233,2341
96853,572129
96853,914319
72413,3474181
72413,2831267
66333,1087255
66333,10609744
66333,1161997
5994113,6293126
5994113,1022512
5483448,18097
5483448,4402927
288368,130305
288368,9815526
288368,189751
288368,90259
3229508,3229506
546088,8121005
546088,546052
546088,2325187
2306528,217798
2306528,2445658
2306528,1151541
2306528,2339
1168948,707151
4946168,6555378
4946168,6898425
4946168,5884496
4946168,119446
6701488,6618449
6701488,5884496
6701488,1368838
6701488,4869155
1050108,377097
1050108,2095362
1477408,45614
1477408,904813
223328,2890544
223328,1194699
223328,1677554
223328,20033
223328,1930428
3422048,3417830
1444808,706120
1444808,186901
1444808,145992
3492708,97173
3492708,1171777
3492708,4140025
1731088,192512
1731088,696876
1731088,705861
7110948,6769617
7110948,8472687
7110948,5987824
7110948,1769451
2830148,7496
2830148,840661
2830148,89068
263328,2826827
263328,45484
84291,34158
84291,83707
6563651,1535077
6563651,16273
6563651,2339
6563651,429194
6563651,3402
7235011,174968
7235011,3428159
956971,9154264
956971,1159761
956971,2341
1499051,71968
1499051,269788
1499051,119478
293551,238776
293551,92173
293551,1042090
293551,3830
3571571,175020
3571571,4870210
3571571,7496
7803791,4020974
1468011,1463370
1468011,89068
1468011,6841952
570871,45687
570871,92368
570871,374854
570871,422008
2331,3356868
2331,951427
2331,508342
2331,195167
3031971,207889
4137351,1151541
4137351,547132
4137351,3402
4137351,1450
4137351,91789
140551,451939
140551,424140
140551,2943929
140551,1897661
140551,2339695
3594891,1907605
3594891,3315046
3594891,444225
189751,290419
189751,186623
189751,288368
189751,1020167
8469191,456022
2430171,2339
2430171,97173
2430171,3887
2430171,117602
2062791,3174444
2062791,96853
2062791,3123402
2062791,918665
2062791,2325187
1495337,648560
1495337,9185478
4080737,16013
1753337,176542
1753337,640755
1161997,16619
28337,231466
28337,62402
1929777,45484
1929777,113620
1629457,3400923
1629457,946705
1629457,7790603
982057,379807
982057,2697731
982057,89068
4073017,7926869
4073017,3922324
4073017,7623415
223817,3010366
223817,2169240
223817,473331
7853377,3309532
7069177,4018
7069177,2323
7069177,4020974
7069177,432660
293077,294603
293077,292220
402577,54576
402577,402689
402577,25288
402577,11929
1660317,3417
1660317,3087615
1660317,3070742
1660317,2280606
1660317,7062606
7527517,1540468
203397,194943
203397,71968
203397,72537
3596177,2788733
3596177,5459705
2527317,7496
2527317,245477
2527317,2312145
2527317,150663
3430437,4208980
732857,99955
732857,2432762
732857,185669
1638790,986824
1638790,2963505
1638790,2107276
1739690,8780941
1739690,9260007
1739690,54447
4870210,8689944
4870210,7953493
4870210,9028844
4870210,39365
4870210,119082
3379530,5721291
3379530,2122975
513590,39365
513590,8764421
513590,20256
4012070,8828620
4012070,13162
4012070,4013547
1421570,483581
1421570,130219
1421570,130434
1421570,78057
7406030,145013
7406030,15322
2632270,195167
2632270,921385
2632270,3091763
2632270,8267989
715610,8814669
715610,8802987
83950,2062791
83950,13950
83950,931996
83950,4198246
404810,5332066
404810,1449353
404810,1504737
404810,7253923
404810,195167
1042090,9977639
1042090,8232340
1042090,9562346
3417830,2449843
3417830,8765695
3417830,4659515
1208690,213358
1208690,15744
1208690,455843
1208690,129379
3573850,111415
3573850,111056
3573850,1381646
693950,9263052
693950,1746744
693950,1165199
4412210,1567215
4412210,16216
1441070,1534003
1441070,3390677
1441070,2894765
1441070,8747167
86690,9966018
86690,25724
1470950,43129
1470950,195167
1470950,16013
16270,4192721
16270,1502641
16270,1087255
681670,2632270
681670,3385034
681670,1377203
66450,8765658
66450,2560954
66450,1178826
66450,1019090
635810,4724962
635810,13950
635810,195167
635810,1781693
3151370,8768921
3151370,218134
3151370,1463261
1901610,8872887
1901610,1872172
29770,1083225
29770,113956
29770,377931
29770,2706959
120050,119995
120050,1710795
120050,710740
507890,1293209
507890,90259
507890,5993506
507890,8979661
9330,3387261
9330,3328423
9330,8783560
9330,195167
9330,5379610
103390,13950
103390,16466
2713410,5385
2713410,681670
2713410,10800311
2713410,3236468
4046390,3365917
4046390,4046477
4046390,3379310
47350,53767
47350,185365
47350,32571
47350,4210226
31773,5379610
31773,32571
31773,195167
2764513,445112
2764513,71968
2764513,39365
2764513,3410084
938333,497911
938333,496973
938333,2928207
1148993,8773831
1148993,1926782
1148993,4456501
896673,1958009
896673,1426993
896673,571031
2603693,1607896
2603693,3165690
2603693,2906924
2603693,438987
2603693,1791193
70253,8765658
70253,1042949
70253,2300385
97173,1042949
97173,10530617
97173,221020
3493,2363940
3493,1353273
3493,1087255
3493,6565450
2041453,5885697
1130053,300979
1130053,99625
1130053,572000
1130053,8765658
4397773,8769572
4397773,2825321
4397773,6725971
4397773,4963312
904813,8762941
904813,407671
904813,644988
904813,15730
904813,12852
7798573,4014458
7798573,7790603
238793,10543067
238793,29862
238793,2962396
639413,1720842
639413,90259
639413,8819986
149573,8800539
149573,8781172
149573,5993506
188393,1173299
188393,9496189
188393,9496216
188393,1513909
508113,90259
508113,5993506
508113,8763510
20033,39365
20033,223412
20033,8834012
20033,223328
898693,9165569
898693,524493
898693,9165804
898693,9165599
121193,1087255
121193,2831267
121193,53767
2493,1280963
2493,9097104
2493,955138
984233,4080737
984233,744019
7572273,4009390
1516333,10938724
1516333,5385
1516333,10511000
1516333,10938459
1693,1353273
1693,6565450
1693,2831267
1693,2363940
1693,1087255
888853,2830148
888853,9145588
888853,529468
888853,1388359
228273,456671
228273,8862406
228273,198990
228273,85756
66373,8764421
66373,4011401
66373,66201
66373,66341
66373,9227412
5047593,1735242
5047593,5686
5047593,3429627
2635213,726940
244713,1835814
244713,694931
244713,59913
830213,1207660
830213,8780941
1704733,3384764
1704733,288616
256373,1011995
256373,9424888
2788733,39365
2788733,3596177
44128,96853
44128,43788
1445728,3438712
1445728,32405
1445728,1445619
1445728,15744
1445728,184837
2131968,1519787
2131968,187754
3236468,3236440
1508908,3387521
1508908,92173
1508908,456022
1508908,195167
1508908,1293434
1508908,16013
4343588,3899482
4343588,3322428
4343588,4961049
2399648,4631469
2399648,4112135
2399648,7900486
6540128,1741313
6540128,2331922
6540128,4583
2697528,37416
2697528,5988442
2697528,20108
1899448,93366
3034908,1349110
3034908,149322
3034908,1815479
644988,1616116
644988,424531
644988,144649
81868,32571
81868,572129
81868,5851841
8604068,268317
8604068,13911
8604068,3403
220688,195167
220688,5737970
220688,16013
220688,918039
5744308,5884496
7591208,1337688
7591208,219293
1490648,32405
1490648,2339
1490648,1381805
1490648,213358
8473588,451391
8473588,6816985
8473588,117961
983628,71968
983628,3379530
1629388,422508
1629388,70779
1629388,248468
1629388,34607
4889688,4048988
4889688,8657299
255388,107928
255388,215102
255388,427383
255388,410472
4799528,6706356
4799528,3901520
1758948,1323276
1758948,6841952
1758948,6148
1758948,7496
529468,91696
529468,1016986
529468,888853
529468,149641
6617768,8472641
6617768,4669667
6617768,8449942
6617768,6919761
6617768,18101
892768,1629776
892768,639496
892768,94160
892768,7496
3382068,2344071
3382068,3887
3382068,16013
4150068,4724201
4150068,519509
4150068,1907605
1048448,3117289
1048448,411343
1048448,1907605
1048448,20755
3033588,207889
3033588,4869155
3349088,119478
3349088,3402
3349088,16013
297308,1332703
297308,239526
297308,31818
297308,8756879
932008,53767
932008,195899
932008,931996
932008,4864149
932008,1143379
96648,129379
2140648,70036
2140648,1215233
2878948,3039347
2878948,2041453
2878948,97173
186348,195167
186348,654945
186348,3278172
186348,422945
59128,912637
59128,32274
59128,255142
59128,29462
59128,45614
59128,912648
59128,913203
1209951,501622
1209951,2878378
1055611,35912
571031,379675
571031,571038
1202571,154292
1202571,1202491
1202571,7496
1202571,38436
249511,128790
249511,78834
249511,113358
249511,101820
2883751,402574
2883751,44072
2883751,2940314
2883751,47344
1937531,4558751
1937531,2339
1937531,624983
3905491,561727
3905491,37213
3905491,955727
3905491,604717
4941731,1227544
2359091,576129
2359091,43558
2359091,1517280
4942631,1227544
8042291,6746950
4680651,4680461
1331251,3034773
1331251,979719
1331251,4227082
1331251,7623415
1331251,1190895
175471,261077
175471,1253946
175471,1128617
175471,4697
2321511,16619
2321511,18097
2321511,513
1971391,3358565
6744851,285421
6744851,4867107
456671,4999799
456671,99075
621051,4114793
621051,284688
621051,3417
621051,71968
1186711,422228
1186711,28709
1186711,1528439
712211,70036
712211,192512
712211,192573
1202051,175020
1202051,3594206
1202051,1063324
1202051,161090
54031,3925888
54031,195167
54031,2426894
2396031,2395716
407671,54576
407671,33214
407671,45031
407671,69554
950051,637220
950051,946705
950051,61556
573051,1193600
573051,573028
653771,194943
653771,69009
653771,654945
2323811,946705
7112451,38239
7112451,207909
1899071,241908
1899071,5971307
1899071,130305
6725971,962806
6725971,4397773
5721291,2461699
5721291,5907380
5721291,2327
2417531,662504
2417531,1227544
158511,157549
158511,156176
377931,377905
377931,23240
377931,25682
377931,23271
2169431,2169409
1750971,1750943
1750971,4112135
1750971,4406805
535771,537352
535771,1680563
535771,748223
1500571,92173
1500571,269788
1500571,16013
4501951,1168089
3405011,3402621
3405011,18097
3405011,1142561
2345831,154856
1389911,2697731
1389911,150165
1389911,7496
497911,7177310
497911,20256
497911,39365
7547931,1209106
3469391,15744
3469391,3887
3469391,4082263
409996,8787
28936,694931
28936,64435
28936,696517
28936,696131
28936,23803
2642456,2339
2642456,565110
2642456,213358
8608036,2253874
8608036,595249
3408076,32405
3408076,3407934
1172776,141222
1172776,16890
1172776,645019
4141036,1178698
4141036,18732
4141036,2056174
655896,1323276
8278956,547343
4701676,584823
4701676,585131
4701676,268239
7843576,294667
7843576,2458047
7843576,8815188
7843576,534965
1730356,192803
1730356,705861
1730356,407894
3064296,2280460
3064296,545089
3064296,545199
3064296,2601468
1752996,979719
1752996,640755
5199096,1349110
1299056,3887
1299056,7496
1299056,635810
897036,115699
897036,379169
2962396,2926902
2962396,25442
2962396,291175
7288576,7288522
7479596,119446
7479596,22603
445816,269788
445816,5951609
445816,194943
445816,1834169
1748216,1299214
1519116,3417830
1519116,72537
1519116,3424574
2422396,451664
8536,468
8536,1706368
8536,1445024
1332536,3402
1332536,979719
1332536,4402927
1332536,1190895
2629396,18216
2629396,694875
2629396,984233
3405276,3405142
3899036,4077631
3899036,469303
3899036,417588
3899036,154292
2527176,150663
4264216,385294
1380796,54476
1380796,216037
1380796,5949888
1087456,697944
1087456,415328
1087456,694176
293416,7637
293416,191585
293416,100450
293416,292220
317596,4156620
317596,105897
317596,644739
317596,1220602
317596,769996
180296,888872
180296,23614
180296,148737
1629576,672712
1629576,1156508
1629576,3404635
111056,110466
111056,3402
111056,1086276
1929456,245477
1929456,1929220
1929456,89068
1929456,1069751
4509136,1178906
4509136,56669
2068756,262452
1607896,2603693
1607896,1607817
2433196,1377203
2433196,3238548
2433196,7279836
2433196,7279981
782496,696517
782496,692390
782496,779826
4143129,3054698
5689,402826
5689,457715
154869,1042808
154869,8814819
154869,8778265
154869,8765658
5421029,5437781
5421029,2442896
5421029,5424600
5421029,897423
78869,619367
78869,189751
78869,734891
379169,2424116
379169,90323
379169,121335
421529,59913
421529,8766797
421529,90259
421529,4372838
32609,919628
32609,8765658
4961049,4057169
4961049,4659515
4961049,8767493
4961049,4343588
1571389,1323276
1571389,697477
1571389,1423964
2358069,1202467
2358069,409
576129,2359091
576129,561474
545089,1329059
545089,39365
545089,6536672
545089,3064296
2686009,199566
2686009,3922156
2686009,1379589
2686009,2686186
157549,157184
157549,1843256
157549,8816372
157549,158511
157549,110633
157549,6288902
4120089,4343588
4120089,9287987
4120089,1886554
1122289,8880625
1122289,8918458
1122289,8765658
1122289,121335
1122289,5348228
3594469,2480046
3594469,195926
3594469,5990454
3594469,2635213
56669,2831267
56669,3297547
56669,2561177
56669,4186764
133389,62232
211169,8766797
211169,8826517
211169,8822466
661289,90259
661289,3662435
661289,921920
501629,8765167
501629,8764421
501629,90259
1266169,1323112
1266169,3329409
1084289,1084311
1084289,29862
508429,8779491
508429,3269729
508429,1316198
1208609,213358
1208609,2368876
1208609,3861130
1208609,37213
207909,29862
207909,6814367
1658269,1499339
1658269,5993506
5951609,445816
5951609,7451689
5951609,2258697
5951609,160061
5951609,4193934
5951609,10542899
1192149,547782
1192149,1324082
1192149,1323807
432929,8783337
432929,32571
432929,1087255
432929,4324558
28709,207120
28709,29564
28709,427294
1873929,32182
1873929,655793
1873929,15889
3349289,16216
3349289,8752559
45029,184594
45029,84540
2478949,52828
2478949,218134
2478949,239726
595249,11231751
595249,8607648
595249,11232042
3117289,5903570
3117289,5903650
3117289,5904549
3117289,3351223
7380329,2317943
7380329,10812829
7380329,10733150
7380329,2236834
114149,377520
114149,1216995
1567209,3365793
1567209,8773897
1567209,8769533
1176649,3229934
1176649,4875227
1176649,537348
1176649,1493372
72709,9822970
72709,3206587
72709,3212640
72709,2773384
2747169,7419944
2747169,10881006
2747169,10881042
4993992,3316153
4993992,1180034
4993992,9473182
2004952,4629589
2004952,2058398
2004952,2136
8376012,8381774
8376012,2490471
8376012,2339976
4120212,8767492
4120212,8764922
4120212,4456501
16252,53767
16252,6565450
16252,1353273
1785212,8797606
1785212,8814669
1785212,8773831
1785212,1785326
117992,53767
117992,195167
117992,429236
3065592,4042323
3065592,129300
3065592,6643219
3065592,8042291
3065592,1493372
2435392,4695118
2435392,3341859
2435392,1292361
2435392,194943
3333492,429236
3333492,618733
255432,5993506
255432,2095009
255432,90259
888872,54999
888872,185365
888872,1700200
888872,2284729
888872,2142866
13952,53767
13952,5475141
13952,1208690
53672,444250
53672,290105
53672,6656
53672,7834
619632,429236
619632,1311657
619632,4416117
2938712,706345
2938712,8765062
2938712,571031
785612,35381
785612,903853
785612,25953
3462752,7105985
3438712,4049374
3438712,445112
3438712,4689373
2103552,2103576
2103552,992230
2103552,1084442
39492,1444808
39492,937531
39492,113159
39492,12928
645172,2802720
645172,90259
645172,52828
1540352,5747577
1540352,4652286
1540352,11255210
1540352,11255736
410472,890656
410472,890171
410472,8766797
955052,955138
955052,919628
955052,62154
1354332,20256
1354332,4708343
1354332,194943
1354332,7375
154292,5771950
154292,2614460
154292,1087255
1007092,7476311
1007092,7375
1007092,400047
1007092,194943
1067632,979826
1067632,946742
1067632,8790428
1067632,221469
3407072,4456501
3407072,8930200
3407072,1610499
3407072,8783560
3407072,8773831
4672,1353273
4672,2831267
4672,1192557
44072,6707390
44072,185365
44072,272387
44072,3384159
44072,4210226
5710332,5240591
5710332,4016089
5710332,5710364
5710332,5710389
5710332,10463182
1379372,4070937
1379372,8768055
1379372,1835814
1379372,249730
72412,2831267
72412,1087255
2137432,239074
2137432,1029300
2137432,534
2137432,243824
35912,1055276
35912,1055372
35912,1055611
1068032,654945
1068032,3352053
1068032,433016
1068032,11291045
1068032,4228643
537352,259620
537352,567830
537352,2768687
853672,8776923
853672,2888858
853672,8767492
853672,8787306
117752,429236
117752,194943
107712,17505
107712,78388
107712,131212
5383992,5384228
5383992,8777618
5383992,5384246
1512092,53983
1512092,654945
1938572,8765658
1938572,35193
1938572,1383005
1938572,2168761
897992,164849
897992,3165690
2872272,8614256
2872272,1172380
2872272,8362959
299092,297447
299092,1140346
1541072,374666
1541072,4722042
1541072,3317469
1541072,4803789
116092,116000
116092,2455725
116092,272737
116092,954170
21857,90259
21857,4239119
3390317,1455557
3390317,195167
3390317,269788
3390317,1381805
37497,61953
37497,61670
37497,90259
37497,62154
37497,8763510
1208897,7814415
1208897,8780941
1208897,1765033
1208897,20256
404377,8925846
404377,2668917
4697,113956
4697,34987
4697,101856
4697,160413
125577,8473752
125577,99625
125577,1087255
125577,572000
4043097,8598303
4043097,16216
4043097,4416180
102877,125966
102877,381349
102877,1958009
102877,227612
397157,2831267
397157,6565450
397157,5475141
521377,39365
521377,3204818
521377,4007675
521377,8942126
641757,5385
641757,259620
641757,9018325
641757,2171811
641757,58910
1150777,3249732
1150777,195167
1150777,1960098
46697,1239491
46697,429236
46697,572000
46697,8789176
56077,1087255
56077,1353273
129697,9142420
129697,1024710
129697,1284106
261077,16216
261077,2607994
655157,1581192
655157,1584715
655157,6691086
655157,3590454
989857,38993
989857,197869
989857,148802
3316097,4866546
3316097,4866522
3316097,4152392
3316097,4052885
414337,8824335
414337,414384
414337,8765658
414337,8869508
4908817,7690909
4908817,7880267
4908817,10960739
7637,293416
481297,186100
481297,481507
481297,481349
481297,41429
657877,113956
657877,8765658
697477,707020
697477,205680
697477,272737
697477,109851
118937,122256
118937,28526
875157,9123498
875157,2963505
875157,1971096
875157,99625
875157,1971316
4943577,931453
4943577,4793167
4943577,4943604
4943577,932104
184837,2430171
184837,116294
184837,4372838
184837,9167386
735857,4014034
735857,52828
735857,9876586
735857,54031
735857,3306190
4410137,1455664
4410137,7287180
4410137,10770848
4410137,195167
495817,2996020
495817,8780941
495817,39365
101797,113358
101797,131443
101797,101537
5044937,8825682
5044937,8767492
5044937,7585604
5044937,8911807
5044937,1735242
5170617,5172697
5170617,1366920
5170617,9576300
705217,571172
705217,1816621
705217,921142
705217,95845
705217,9026053
216037,2869576
216037,8787184
216037,3734676
890677,57284
890677,8964090
890677,5101974
890677,1415379
890677,8964122
268317,16216
268317,8604068
268317,288616
268317,195167
268317,619479
192497,712211
192497,9086210
192497,140385
62177,3072419
62177,2706959
62177,41429
62177,62154
1742297,709021
1742297,243556
1742297,99104
100197,99956
100197,1381805
1994277,3734676
1994277,10312837
1994277,9248139
535557,535699
535557,535879
535557,635855
535557,535771
535557,548254
11997,1199238
11997,2798878
11997,997396
11997,94703
2963008,32405
2963008,3887
2963008,2070276
1348208,1348154
6686208,3402
6686208,47164
200408,429236
200408,1847796
200408,4416117
6936813,2687706
4570613,576780
4570613,511207
4570613,1084494
5925413,5914783
5925413,31355
5481813,5481008
5481813,49620
431613,430323
5726014,2342701
1231014,16013
1231014,18154
1231014,269788
1231014,195167
1231014,47344
6540014,1665178
6540014,1035731
6540014,681787
6540014,2344071
1570614,536844
1570614,536850
1570614,700167
101814,284688
101814,3417
101814,195167
101814,101537
395823,45484
395823,395836
2659023,1349110
2659023,549463
6602023,153379
6602023,456022
6602023,407048
1313223,150012
1313223,842109
1313223,112165
1313223,475569
5468223,3315042
5468223,485218
5468223,4024950
3351223,3351138
897423,4065003
897423,5421029
897423,1142893
7586232,4020536
1020432,5994113
2484832,2484763
8394432,606588
8739633,92649
1765033,1208897
239433,411564
239433,239366
239433,263452
239433,119446
1164833,20108
1164833,37562
1164833,194943
1313233,456022
1313233,54476
1525433,72537
200239,121193
200239,4170082
200239,1499952
200239,4896630
61039,244958
61039,122557
61039,947468
61039,188311
61039,13616
1646842,11126
1646842,174968
1646842,443723
1646842,3439374
1646842,1783557
1646842,1706368
48042,1870756
48042,1353273
48042,1087255
1276042,45484
1276042,712956
1276042,1463370
645,1536670
645,1783557
645,150502
645,135670
1735845,552360
1735845,1280118
1735845,4806863
1735845,411131
1735845,2474427
1391445,17175
1391445,69009
1391445,4114793
1391445,1949834
160645,148530
160645,92826
160645,121193
160645,694875
160645,160565
377045,286165
377045,376558
377045,151424
928851,3009051
928851,928514
928851,507890
928851,69009
928851,53983
109851,299581
109851,107301
109851,696131
109851,109418
4128051,1784481
19254,20194
19254,422570
19254,23297
7503454,1929220
7845454,7843576
4054654,129813
4054654,4050075
4054654,114149
1066054,1900818
1066054,2255795
1066054,2169527
3218254,867575
617454,487447
617454,3611308
617454,617419
617454,121193
640254,377668
640254,16890
640254,5773
640254,147658
3482654,635810
3482654,1051092
3482654,429226
2280657,1513133
2280657,5716314
2280657,5884496
4689457,4689280
108457,1423306
1907857,93713
1907857,60687
1907857,3117289
1907857,3340251
1907857,4993992
1711457,407894
1711457,192573
1711457,696876
1433457,572000
1433457,195167
1433457,1419708
1433457,16216
935857,40415
935857,604602
935857,72413
935857,6823765
1498657,264408
1498657,37213
1498657,92173
1498657,16013
1311657,447791
1311657,267289
1311657,16013
620057,439142
620057,2342701
620057,25288
620057,2661408
8573257,2134773
2445457,4530083
2445457,2188959
549261,460266
549261,71968
549261,1319713
1547261,195167
1558261,438372
1558261,8779491
1558261,1858746
1558261,8765658
160061,47164
160061,160045
160061,5949888
160061,76652
7456261,2769484
1803861,430043
96661,2124383
96661,2894545
96661,58200
96661,3417830
1584061,211169
1584061,210982
71671,951427
71671,284688
71671,7425223
71671,1113038
2490471,8376012
2490471,885351
391471,1445915
391471,4948075
391471,391431
391471,1691884
2357871,415328
1223675,8780941
1223675,282037
1223675,8765658
3096075,53914
3096075,2198448
8594275,629236
1641875,292862
1641875,827087
1641875,3387280
5952275,238793
5952275,2949592
2872275,262890
2872275,3402
2872275,292862
2872275,91789
2872275,547132
431875,397839
431875,262890
431875,402439
2371275,115687
1642477,97173
1642477,25442
1642477,1115198
1642477,1629776
1187877,1187020
3168277,119446
3168277,677906
3168277,2140194
3168277,28461
1161077,3054608
1161077,1506576
1161077,3402280
4238277,33948
9077,78057
9077,3682
5831683,2171532
5831683,3830
3408286,3407934
3408286,3174444
1324686,645717
1324686,1050186
1324686,144649
1324686,1379436
1459086,194943
1459086,12486
1459086,1031804
1459086,1038422
4687086,1876978
4687086,2767362
4687086,3911247
4687086,1249658
4687086,4156873
7510086,503501
8415286,954930
4652286,4631469
4444086,2400934
3176286,195167
3176286,195527
3176286,214324
5807486,2456084
5807486,8079
5807486,115081
3513089,1065439
374689,2874320
374689,8767492
374689,4042323
374689,2334190
4123089,4178259
4123089,1140346
4123089,4211794
3593489,11263
3593489,24295
3593489,107632
7451689,3238761
4016089,5421029
4016089,5710332
4016089,4014648
4016089,3424574
15889,1124841
15889,774681
15889,205767
15889,374689
1070889,1070843
651289,289468
651289,47164
651289,69009
651289,598234
651289,70794
4445494,2400934
2648294,47344
2648294,71968
2648294,226967
2648294,3305762
427294,14737
427294,1147472
427294,870902
3898694,3898578
3005294,2169527
133094,2831267
133094,185365
133094,1850197
133094,7061026
80503,71968
80503,1294191
80503,654945
582703,253327
5861303,3174444
3990503,34926
3990503,23332
3990503,4385541
8043703,2327
8043703,4330496
8598303,4043097
1064703,125966
1064703,1199238
1064703,9080745
88303,262452
88303,43468
88303,101820
288103,69009
288103,1382473
288103,2704161
288103,3188791
4418703,133986
780305,780325
780305,9072601
780305,1174522
95105,7496
95105,415730
95105,740554
95105,1349110
95105,25938
290105,893073
290105,1331073
290105,90259
290105,614049
17505,32058
17505,148253
17505,107712
299708,447806
299708,25284
1419708,636805
1419708,534
1419708,653261
1819910,6645991
1819910,4176848
1819910,1819594
1819910,83950
374721,374646
374721,66333
374721,3417
374721,2246642
1797321,430043
401121,4451297
401121,213358
401121,44072
401121,1349110
8592925,583545
447525,16013
447525,18154
2459125,121193
2459125,554891
2455725,116092
383725,1174522
383725,8764421
383725,5993506
383725,90259
116925,3278172
116925,72537
116925,551768
116925,16013
16928,6528612
16928,654945
16928,195167
16928,149408
3151528,216044
101537,90259
101537,694931
101537,25985
101537,101856
1752337,288368
1752337,20432
1752337,889135
7604737,1220285
899537,645019
899537,164376
899537,420798
899537,412648
2723737,141222
2723737,994515
81338,137239
81338,21647
81338,48885
81338,697719
898738,697507
849938,9606220
849938,8765712
849938,8764421
7399338,619602
177350,8765658
177350,13950
177350,1332536
177350,1988024
599750,15009
599750,72537
599750,71528
5771950,2461745
1341550,654945
1341550,18154
1341550,482306
1341550,16013
61953,61930
61953,61385
61953,979719
694153,2692974
694153,407326
694153,694931
655953,91268
655953,512176
655953,622250
655953,36284
655953,91300
1611762,5408953
1611762,697622
1611762,86150
1216362,192497
1216362,539269
1216362,201833
1441762,53983
1441762,16013
2043562,151909
5487965,39895
5487965,113832
67165,119446
67165,1348154
67165,1083054
67165,917940
598365,76652
598365,2070276
598365,4018
598365,210729
1554365,206039
1554365,658393
1554365,52351
1554365,4631469
1623565,245794
1623565,2561008
187365,8768055
187365,52828
187365,426605
136568,194943
136568,2997194
136568,913203
136568,43835
220968,8079
220968,220668
220968,1343123
693968,694931
693968,2400139
693968,2002804
2837768,216056
85768,1331073
85768,1834156
85768,198990
85768,9298104
85768,8434234
2870368,16890
417177,594892
417177,2041453
722377,1194580
722377,721768
722377,116162
4421377,5812799
4421377,4421365
4421377,76652
4695578,3404731
4695578,3430485
4695578,1142561
1876978,495394
1876978,1444372
1876978,4681991
1021178,2963505
1021178,19254
1021178,90259
2783978,4713906
2783978,7292441
2783978,827365
2783978,35281
1830188,7576381
1830188,7790603
1830188,1128617
1064388,4726001
1064388,379258
1064388,1450
1064388,489200
2558988,4042323
2558988,3088507
2558988,195167
4724788,3594741
4816588,90279
78388,3924617
78388,107712
78388,1445024
78388,78834
1507388,932733
1507388,7425223
1507388,16013
1507388,6576459
1507388,54476
1507388,3402
1020390,834562
455190,2811600
455190,6528612
455190,195167
455190,654945
455190,69009
916390,23556
916390,141222
916390,142428
2334190,841875
3306190,735857
7136590,626186
2484993,14565
655793,626265
655793,131443
655793,903968
655793,384662
655793,684550
3572993,28958
3572993,61565
35193,399586
35193,216829
35193,1938572
35193,4193097
35193,565734
523193,1038628
523193,90259
38401,111415
38401,195167
38401,1497785
4726001,39365
4726001,546914
4726001,222184
4726001,1704688
673206,40474
673206,18154
673206,1499952
4142006,4152392
4142006,4136891
4142006,4866522
620812,32571
620812,6532865
620812,185365
620812,4002103
934812,16216
934812,195167
2433212,5331020
2433212,7375
2433212,979397
150012,8804706
150012,20256
150012,39365
150012,18180
610412,2597567
610412,1519634
610412,4374196
24012,1777526
24012,5659
24012,10450102
24012,12928
24012,111641
4294812,8765712
951231,5684652
951231,768884
951231,9361755
951231,2526769
951231,9629850
16431,1087255
16431,3384159
16431,185365
16431,53767
1770031,976863
1770031,6963
1770031,6231
270831,280938
270831,651043
270831,8781172
107632,4724788
107632,1535562
107632,4343588
107632,4168733
1945232,1148993
1945232,76652
1945232,5421029
1118432,2950531
1118432,8949072
1118432,6753359
3323232,39365
3323232,5347942
3323232,8765712
566435,288616
566435,3036053
566435,442767
566435,960891
4542838,23234
18838,8770686
18838,140385
2323646,946684
2323646,10463716
2323646,4684286
2323646,71968
7261246,1958175
7261246,3123402
41646,41842
41646,42287
41646,1438320
41646,41894
41646,42497
2059646,1953723
2059646,9209421
1066051,3005294
1066051,8800539
1066051,1066054
78857,4000297
78857,79066
78857,734891
5719657,1893199
5719657,984296
5719657,9383506
5719657,5719774
4568863,706751
11263,8866157
11263,640254
11263,20194
11263,9969865
4806863,1709772
4806863,7432335
4806863,1503388
1659269,4788224
1659269,1659199
539269,1216362
539269,644443
539269,12852
539269,1835814
2259681,9455427
2259681,9048530
2259681,2259740
2259681,8780941
995681,90259
995681,1986926
4520081,8822567
4520081,9228341
4520081,4520089
4520081,4520111
669281,8866157
669281,1202051
669281,400047
669281,7107485
3396483,2137454
3396483,455190
3396483,400047
128883,79066
554891,5350427
554891,2458835
554891,1388876
4330496,8043703
4330496,8045570
4330496,11112757
16496,5475141
16496,2131598
16496,1706383
16496,53767
194900,7244531
194900,9000022
386108,5475141
386108,1861699
386108,3384159
386108,185365
3611308,1023204
3611308,8781172
3611308,8824577
3611308,4007675
1889708,2131598
1889708,10099187
1889708,4382122
1889708,1867232
1889708,682225
148909,9942972
148909,1468011
148909,8981057
148909,8780824
4008909,84701
842109,186100
842109,20256
842109,557618
842109,8774244
4896915,7813839
4896915,5993506
4896915,8766442
4896915,5979597
421315,803284
421315,36693
421315,426605
2308127,7177310
2308127,9142107
2308127,5074299
2308127,2909239
1624934,1555327
1624934,98062
1624934,2828252
1624934,1633733
3332934,3332955
3332934,3332982
3332934,3333005
3332934,5463468
438134,1225009
438134,184693
438134,121335
438134,4400327
841734,1290549
841734,7375
841734,90259
5032136,5993506
5032136,20256
5032136,39365
5032136,1967124
684545,384662
684545,78945
684545,13650
684545,120835
2461745,10494518
2461745,5771950
2461745,40432
24146,285368
24146,113827
24146,1219538
24146,4013874
24146,90259
24146,8850384
885351,2504345
885351,997834
978966,2112189
978966,2168761
978966,1191647
978966,2093232
34966,919628
34966,10369556
34966,34987
2283766,67890
2283766,517270
462166,5993506
462166,2137432
462166,1210805
462166,946742
7369,186348
7369,1313326
7369,1470885
7369,13950
7369,3289857
257769,164849
257769,449108
257769,2051514
1456969,269788
1456969,18154
1456969,194943
1456969,2920221
1499370,429236
1499370,53767
422570,295405
422570,5993506
422570,116144
1162175,198990
1162175,3935641
1162175,10024295
8648577,8646807
5826993,1171291
150993,7041564
150993,9666002
150993,1219189
150993,9665958
5675793,194869
5675793,130850
5675793,260596
5675793,8769417
3470993,7132574
3470993,10073348
2185395,16013
2185395,654945
2185395,3010366
1510195,16013
1510195,654945
1510195,195167
619395,1960098
619395,195899
619395,3384764
3406596,3406573
1847796,2339
1847796,47350
1847796,3403
1847796,3402
1847796,3417
3275796,768884
3275796,4703187
3275796,39365
3275796,9031564
1514596,391471
1514596,963488
1514596,1629452
3602196,4172848
3602196,1012101
3602196,1568954
3602196,4799528
3009416,5701449
3009416,1972442
3009416,1697425
898216,1764633
898216,898080
109418,2258544
109418,1316109
109418,9159979
109418,109743
3595018,5365491
3595018,295522
3595018,2649075
3595018,5501515
617419,8764922
617419,224285
617419,90259
617419,617422
228219,2456541
1169026,10652705
1169026,10652863
1169026,8773897
1169026,9963051
1169026,3379298
7061026,56382
7061026,16252
7061026,89068
422626,2702152
422626,90259
422626,8766797
422626,198990
422626,26048
856238,401393
856238,3387261
856238,8814669
856238,9160028
856238,8889350
293438,195167
293438,7375
293438,194943
107438,937520
107438,2395587
1113038,946742
1113038,2137432
5742638,134381
5742638,3564501
5742638,455190
999043,998547
743446,4176250
743446,31462
743446,10029367
743446,1087255
412648,4110531
412648,916390
663848,7177310
663848,681670
663848,10611371
663848,217990
1419856,2247775
1419856,3402
235856,879622
235856,247416
235856,368016
151456,615962
151456,1198083
268262,5904549
268262,9890065
3276262,52828
3276262,8765167
3276262,239726
3276262,9126479
3276262,3276267
460266,2151100
460266,1124158
460266,549349
365066,3508729
365066,5813860
365066,8765658
365066,8786121
22666,221427
22666,251983
22666,90259
1942279,4130167
1942279,932104
1942279,39365
1942279,129300
718696,979826
718696,1835814
718696,8768055
718696,1540315
88700,1432220
88700,1386927
88700,994903
91100,300626
91100,90259
91100,8765103
47900,195167
47900,1949834
6555900,3277
6555900,1436848
6033100,4963265
6033100,8270848
39905,1835814
39905,110055
689505,8809340
689505,8786903
689505,2876774
489905,1493372
489905,8969713
489905,1369969
1589105,194943
1589105,3402
1589105,2078325
2207107,2702152
2207107,1211436
2207107,4147154
2207107,52828
2167512,9240059
2167512,6794350
2167512,1735242
2167512,7941559
683912,8808018
683912,1835814
683912,38638
683912,8939407
683912,684318
187924,412674
187924,222241
187924,90259
187924,1835814
187924,101888
1530324,8829791
1530324,4382122
1530324,299092
1195124,45436
1195124,853967
1195124,885118
1195124,914361
129131,13950
129131,195167
129131,35178
52331,4669122
52331,545519
52331,982057
52331,8765658
3404731,96648
3404731,7189919
3404731,4695614
3404731,4695578
3404731,8995881
432332,5831683
432332,90259
432332,8765658
432332,282037
432332,10518151
979532,8775267
979532,12928
979532,768884
2697532,8633726
2697532,8633807
2697532,8633699
2697532,61794
2171532,894831
2171532,4717643
2171532,1578972
2171532,5831683
3103132,1381805
3103132,32405
3103132,7735448
3103132,1313282
192340,228076
192340,1902369
192340,140385
192340,8837758
917940,67165
917940,400292
2340,185365
2340,53767
2340,1042949
2340,1208690
511942,8767492
511942,15889
511942,4838534
511942,90259
377542,39365
377542,790772
377542,790753
377542,8815093
11142,2290584
11142,1208609
11142,1208690
8597558,3403
8597558,635947
8597558,8694062
398358,2378064
398358,1781693
398358,256972
480362,5918
480362,5993506
480362,662703
480362,946742
480362,682464
34762,1444808
34762,734891
34762,4689457
34762,113159
6821570,11008382
6821570,11147292
6821570,2778617
8604770,3403
8604770,432929
25971,1235893
25971,224780
25971,29176
4308371,4042323
4308371,3140685
4308371,8767492
4308371,1072158
4308371,3407072
941590,8788944
941590,3052779
941590,4042323
23194,7355229
23194,20194
23194,10168309
1175194,625914
1175194,728167
1175194,7516476
3438399,8849918
3438399,4042323
3438399,1177529
5812799,5884571
5812799,5667564
5812799,8588175
5812799,5884528
4224810,3470993
382419,1470730
382419,102875
382419,2129193
4042419,4039526
72033,16431
72033,28042
72033,535483
343233,147875
343233,5914783
343233,408197
343233,105897
7573633,4152619
5462433,5459705
5462433,1320112
787234,4417858
787234,4635494
787234,4948075
787234,4208980
4224847,3470993
91263,91255
1900863,1900818
802463,621666
802463,16013
802463,165134
2804863,25659
2804863,292862
2804863,151424
2804863,195563
582463,1220285
582463,253327
3181666,3402
3181666,47164
3181666,7496
3181666,288368
1948073,696369
1964873,1964865
5596073,511207
5596073,4955979
5596073,186361
2067274,262452
2067274,2074291
2067274,4143454
256086,1189414
256086,708618
256086,21357
256086,502164
2452893,35949
2452893,49908
2452893,3441
1960098,16013
1960098,194943
1960098,619395
1960098,1381805
1960098,195167
2672100,1379436
5728910,5728864
5728910,511938
4526558,43558
4526558,65187
2088958,8121005
2088958,122691
7226558,4169888
7226558,8107764
7226558,4169958
1264159,4144255
1264159,712956
1264159,995681
1423359,2295357
1423359,2416909
1423359,598403
1423359,1804456
1423359,4248292
956168,6640
956168,5777780
956168,548338
956168,2171137
956168,187921
384981,195527
384981,76652
585004,3599873
585004,547132
585004,582138
585004,3417
585004,1956970
7780211,5715445
581033,9092857
581033,3492708
581033,671223
3594644,2894545
3594644,4042386
3594644,1535594
3594644,3477841
2417847,26849
2417847,2377291
2417847,1927538
2417847,644487
2417847,118629
3280256,2681660
3280256,5884517
3280256,1629776
3280256,22757
5813860,365066
5813860,5914783
4881860,4881840
282663,3394827
282663,606646
282663,5031526
4013063,4012070
81063,639496
81063,630809
81063,556188
81063,165134
2838666,405344
2838666,47575
2838666,3911247
2838666,732049
1998666,693205
44266,213358
44266,3496565
44266,1149873
1146666,432744
1146666,2919463
1146666,294389
1146666,1501358
2180272,68075
2180272,177350
2815472,401018
2815472,669281
637091,16013
637091,43835
637091,3417
637091,263339
637091,150993
22691,601543
22691,40432
22691,90259
22691,5618460
22691,601530
400292,7496
400292,154714
400292,4838535
400292,94160
53092,71968
53092,145013
53092,430519
1489092,456022
1489092,269788
1489092,5452879
1489092,47344
1700292,613812
1700292,4700105
621896,675312
621896,15744
621896,1854364
621896,3402
567507,387570
567507,833372
567507,730248
133907,669171
133907,249418
133907,3994970
133907,78834
133907,513878
7779513,17661
7779513,5715445
885118,8764421
885118,4816720
885118,90259
885118,3017090
885118,10222465
885118,10222484
1700318,1783557
1700318,16431
1700318,47350
1700318,121193
1700318,3402
684318,451909
684318,683912
134741,72413
134741,249546
134741,4622251
134741,32405
1445941,825066
1445941,1445915
1445941,1965141
3309153,3291383
3309153,3307591
389953,129136
389953,288368
1213953,1424
1213953,575983
1213953,1162934
1213953,3887
1213953,552371
4379553,4631469
4379553,1020167
4876358,4876126
4939558,37168
7401158,2082152
233964,101856
233964,8786121
233964,1614723
5667564,6701271
5667564,5812799
5667564,5662790
6895566,1941483
6895566,3136912
6895566,2562871
853967,1195002
853967,9080136
853967,8764421
853967,1195124
853967,1194809
606771,566985
606771,606786
606771,8764421
3494771,700859
3494771,2174085
4913971,5661027
4913971,96853
5956375,5956339
1377175,671304
1377175,1721970
4026787,874961
4026787,4025908
4026787,2938127
7789987,5988137
7789987,18097
7789987,5988079
13187,227644
13187,122700
13187,113294
13187,113238
430788,1988061
430788,727907
430788,142428
430788,550365
430788,781322
6697188,291175
2134000,29299
2134000,233221
2134000,704025
38002,47344
1510802,7432335
1510802,2131598
1510802,16466
1510802,3088507
1504402,6899106
1504402,6841952
1387605,150333
1387605,8096430
1387605,3154334
617213,152970
3415627,3415031
3415627,3911247
3415627,3416241
2458835,2056174
2458835,554891
1972442,3009416
1972442,5387067
1972442,39895
286042,7496
286042,933615
286042,257459
1770056,1382473
1770056,69009
1770056,3417
166861,13950
166861,296693
166861,2137454
166861,330724
1777261,194943
2047668,2047650
2047668,2088594
2047668,80335
106068,8780824
106068,154170
106068,10425233
106068,257986
450871,194900
450871,195167
450871,456022
1954071,81379
1954071,1570578
1954071,1128862
1954071,1965141
2370882,8079
2370882,2768051
1419682,1391007
1419682,1220967
1419682,636805
1313282,45783
1313282,7735378
1313282,1177304
1313282,5750563
578886,675312
578886,1320082
578886,253327
578886,7496
3366101,96328
3366101,3366012
282901,384749
282901,13950
282901,139248
282901,401393
282901,90259
3564501,4123828
3564501,91789
3564501,1064492
4250912,55402
4250912,47164
4250912,444250
4250912,3236864
4250912,3402
1182113,1181873
1182113,1017728
1182113,8023945
1182113,1185005
1986926,1530013
1986926,995681
1986926,4631469
4851726,700859
1313326,52638
1313326,69009
214931,626265
214931,61048
7244531,3428159
7690939,7690251
7690939,2787641
7690939,5987920
2057362,3948694
2057362,2057357
2057362,1130144
6557366,2311
6557366,3493
6557366,11126
6557366,25442
2172566,4726001
2172566,43129
2172566,3487867
2172566,1148993
1455766,1499952
1455766,3887
433375,3278172
433375,195167
388590,284688
388590,234046
388590,16890
388590,3117289
388590,547132
388590,71863
1573390,16270
1573390,11142
1573390,2323
1573390,28728
1573390,97173
1573390,241784
5890996,16013
5890996,47344
5890996,119478
5890996,3402
5831796,44620
407796,4147991
407796,2339
4374196,402369
4374196,1020167
216596,135670
216596,4118485
1052602,195167
1052602,264408
1052602,2811600
1052602,456022
1700607,1377203
1700607,4018
1700607,1007470
2791813,1736197
2791813,531442
2791813,133094
3898213,2435192
3898213,3897925
3898213,668058
3898213,5398817
2831813,40415
2831813,1381805
2831813,2236530
751825,142264
751825,415730
751825,39895
3062225,1377203
3062225,7790603
3062225,294603
3023048,3275793
3023048,1839718
160650,2153590
160650,243294
160650,52828
160650,90259
63870,1189621
63870,2131968
63870,8766797
63870,7068097
63870,9079288
4639072,2474484
4639072,4065569
4639072,176525
1327072,2339
1327072,955727
1327072,3403
1327072,79647
3140685,1517280
3140685,1331854
8576685,5477491
5365491,3595018
5074299,1349110
4983099,4176147
47105,400047
47105,5385
47105,7530471
545519,851398
545519,40415
545519,194943
908719,861944
291923,637034
291923,98759
291923,81750
291923,187303
3043123,45687
3375927,979719
7675927,8002558
7675927,7647017
571931,571920
571931,23543
571931,1349110
571931,376822
79137,12928
79137,79066
79137,3114310
619137,195167
619137,630439
619137,2441411
619137,456022
1049548,876747
1049548,3446169
1049548,3464988
1049548,3360500
4385548,4385541
1964748,1762744
1964748,1964755
155962,1122467
155962,155850
155962,447343
615962,615925
615962,1809399
615962,151456
3503969,622760
3503969,456022
3503969,89404
3503969,4745363
23969,654945
23969,3278172
23969,16013
23969,195167
633569,16619
633569,2389598
633569,632988
633569,1054578
3908774,411343
3908774,2958708
3908774,3362753
2876774,374689
2876774,1020167
2876774,6834610
2187976,2187961
2187976,280514
2187976,32171
6609578,15744
6609578,2339
107201,53767
107201,185365
107201,2561177
107201,1313233
1385601,52828
1385601,1385801
12801,3116324
12801,553004
12801,3116346
3886401,8817420
3886401,8817413
3886401,8849651
185624,8773897
185624,10032754
212830,53767
212830,3143231
212830,730472
464034,3143231
464034,5518294
4558434,698539
2768051,3396541
2768051,3396426
2768051,672219
2768051,661242
2768051,8850590
2622453,8794309
2622453,2151907
2622453,8780941
2622453,9092857
2622453,4007675
8662455,8657299
1632063,776008
1632063,1637238
1632063,1637370
187303,291923
187303,13266
187303,198990
187303,62232
187303,2996020
2771303,429236
2771303,16216
2771303,195167
86505,39365
86505,86640
2496105,6835283
2496105,16216
296116,2482597
296116,1303051
296116,1139996
296116,4448794
6617738,6617768
6617738,6930932
6617738,6850987
6617738,8467284
481738,54999
481738,8763510
481738,90259
481738,6702733
481738,3995357
1288141,1022943
1288141,600818
1288141,8789176
3123341,7501994
3123341,1420300
3123341,10971362
3123341,10971269
516942,54603
516942,8652785
8278584,1313597
160185,194943
160185,4009390
160185,16013
160185,55586
1132985,959046
1132985,8807273
1132985,1438320
3188990,2830148
3188990,4258945
3188990,3036053
979396,8578138
979396,2526769
979396,2393066
979396,9340226
22631,453850
22631,1234454
22631,78945
22631,90259
4753845,7432335
4753845,2630
4753845,9518627
480245,1514446
480245,248948
480245,13955
480245,640254
422654,94907
422654,98447
422654,2089838
3475461,3475674
3475461,3475592
3475461,3475525
3475461,9904664
3475461,92972
5501061,4151173
2893062,239726
2893062,8050156
2893062,215690
2067501,5993506
2067501,1391445
2067501,5884296
2067501,4042323
782704,743584
782704,9041928
782704,1455884
782704,4208036
782704,198990
902740,4986729
902740,4792457
902740,9889982
840349,88990
840349,8816097
840349,919854
840349,2286949
4144360,8765658
4144360,4349150
4144360,4396794
4144360,8866722
200362,1876863
200362,8406261
200362,9000022
200362,1042808
2273962,282644
2273962,613551
2273962,3608038
2273962,9979745
2273962,1062462
1446789,1149062
1446789,8766814
1446789,5766906
1446789,5559074
1446789,10603592
1446789,39365
806790,10469994
806790,40432
806790,9112517
806790,8784844
689993,101856
689993,4578049
689993,2166342
689993,3227611
689993,128437
642010,641895
3163610,8042291
3163610,1892582
3163610,7797626
5398817,5900844
1883617,2825426
1883617,3315073
3979634,3067107
3979634,10099604
3979634,4215957
3979634,10099589
3979634,1480274
240457,563276
240457,230632
240457,8949072
6624461,10660061
6624461,3384764
6624461,2072087
6624461,1513133
1805261,195167
1805261,619479
1805261,4630503
1656476,1829866
1656476,195167
1656476,1143362
1656476,7091820
4213285,2702152
4213285,8767492
4213285,8764421
560503,699452
560503,560382
560503,560463
3358905,1158839
3358905,9881936
3358905,8637860
3358905,631266
422913,90259
422913,8996806
422913,694931
781322,8780760
781322,981191
781322,90259
186138,485626
186138,284688
3496565,2306528
3496565,8763510
3496565,1420300
3496565,44266
3496565,4080098
7893372,4169888
7893372,5513035
7893372,7958824
7893372,7141866
3275793,90259
3275793,2396031
3275793,8765317
2395800,2828776
2395800,1835814
2395800,116617
2395800,90259
35806,1389330
35806,2440144
1391007,666109
1391007,1419682
659813,659875
659813,3277471
659813,8854013
659813,8932916
659813,659956
592628,1584860
592628,9105788
592628,224285
2056630,8781059
2056630,1438320
2056630,4838805
3309472,3307591
93477,93503
93477,647709
93477,90259
1536678,3328423
1536678,3328077
1536678,3327997
690278,2507844
690278,7185649
690278,925418
2074291,16243
2074291,2067274
2074291,136568
5987897,7204105
5987897,7816773
571920,412191
571920,1835814
571920,571931
571920,272737
4816720,885118
1357520,90259
1357520,18178
1357520,29424
5987920,11085316
5987920,7690909
5987920,7838963
5987920,7690512
5987920,4042323
1541537,9109117
1541537,2378763
1541537,8780824
293537,128830
293537,8780941
293537,1369137
71143,52828
71143,4955020
71143,4042323
71143,12975
2187961,2187976
2187961,8769533
2187961,121335
13575,13616
13575,90259
13575,13650
13575,59096
13575,380961
4042386,2341
4042386,4626800
4042386,119028
4042386,6945695
179992,4826445
179992,415743
179992,4826413
179992,164849
2389598,548254
2389598,2135372
1605598,8799766
1605598,6698799
1605598,2825426
1605598,4212171
4672824,8767545
4672824,4673640
4672824,1748237
4672824,9021840
4672824,4042879
5714424,9889982
5714424,10123444
5714424,10463552
5714424,3684365
7090432,4124469
7090432,5987848
7090432,4123753
7090432,4123858
2316036,3922324
2316036,374734
2316036,448013
2316036,219293
2316036,99075
653636,98402
653636,565626
653636,4584205
1309655,1016868
1309655,5879375
1309655,8545737
3396081,6927996
3396081,3395808
376913,90259
376913,8785974
1980128,1383005
1980128,285368
1980128,5398785
1132128,116294
1132128,6569084
1132128,125110
1132128,90259
741735,698539
741735,71968
2471340,1207159
2471340,962803
2471340,1835814
4792942,8844875
4792942,65337
4792942,7606599
575363,25953
575363,3595386
7668167,11070017
7668167,2702152
7668167,8767492
7668167,8764409
6893784,2066528
6893784,6893786
6893784,10664366
1668184,195899
1668184,3118738
1668184,16216
418594,186931
418594,59913
79394,67318
79394,1209106
79394,1020167
447427,2892212
447427,221469
447427,9706877
145038,537533
145038,12607
145038,6883308
145038,7422686
692244,9017319
692244,8765658
692244,8766797
3335444,3335845
3335444,2702152
3335444,9041398
3335444,443463
3335444,3335934
3335444,3335635
3017090,503142
36290,34630
36290,113956
36290,221427
36290,3165690
1066695,4370877
1066695,1066106
1066695,4418529
1066695,376632
1593113,780325
1593113,695039
1593113,1593159
1593113,8785974
1593113,439290
713122,2525207
713122,2525296
713122,1835814
713122,140385
713122,2525279
18761,145013
18761,8837758
18761,1369042
18761,9855612
455563,1208705
455563,914319
455563,1208910
3393163,1498657
3393163,1020266
3393163,3393300
207565,422686
207565,198990
207565,90259
2362785,5592592
2362785,9503747
2362785,1835814
2362785,1902901
4799590,8799356
4799590,4799595
4799590,546957
1535594,3594644
1535594,1535562
1535594,1017022
1535594,1423359
1535594,2417959
6508394,203356
6508394,6898540
7594,5621444
7594,1367687
7594,10461398
7594,8780824
7594,9793142
2047650,8764922
2047650,2047668
2047650,8767492
3342059,7556284
3342059,1192339
3342059,932812
3006087,294972
644487,9653
644487,2124542
644487,1210805
644487,2341
644487,136625
239692,8773897
239692,239643
239692,8794309
398124,4192743
398124,195167
398124,572000
398124,1497785
678137,289725
678137,8843876
678137,1278099
2169337,1835814
2169337,218127
2169337,2169338
582138,1349110
582138,294667
582138,129705
582138,52828
582138,1656655
386941,198990
4647750,1483160
4647750,6899308
4647750,9108308
4647750,1331933
4647750,7634452
1140555,16216
1140555,450535
1140555,3387261
1140555,6914495
81379,109851
81379,109743
81379,8765041
167780,2073974
167780,8780760
167780,53470
167780,9386007
1750197,1750318
1750197,1623900
1750197,1750277
1910206,2387451
1910206,32058
1910206,2280603
249418,262160
249418,8848629
708618,33411
708618,1835814
708618,282037
708618,714181
708618,256086
708618,9032172
3295841,1541051
3295841,8458207
3295841,52828
3295841,1658537
4513448,4513442
4622251,5727505
4622251,20256
4622251,39365
4622251,134741
3619051,8767492
3619051,1210805
3619051,39365
3619051,10216503
59080,417510
59080,1006888
59080,645989
151888,59913
151888,14057
151888,214349
151888,29176
151888,430211
1724689,3056409
1724689,3009023
1724689,90259
1724689,661335
619114,195167
619114,3384159
619114,3387261
619114,3384754
6601524,1185878
6601524,8402018
6601524,3466181
6601524,6893786
150333,1493801
150333,662703
150333,1387617
150333,90259
3155218,41504
3155218,2758755
3155218,292862
3155218,4625244
1366431,89404
1366431,432744
1366431,31896
1366431,91696
1366431,667564
534432,521395
534432,2558570
9653,195167
9653,92173
259291,259192
6883308,2311
6883308,3438
6883308,294524
4249731,4249685
4249731,196241
2147357,45484
2147357,904313
92972,3475461
92972,145117
1916972,284688
1916972,292862
1916972,669171
1916972,2136
3171394,15096
3171394,1569753
1385801,505419
1385801,3119
1385801,1385601
1385801,728250
1385801,1674005
1385801,845634
1344214,151130
1734630,436976
1734630,437256
275430,1929220
275430,1071506
1197066,456022
1197066,1879567
1197066,4025874
1197066,632988
1197066,621666
541092,422008
541092,142428
541092,422508
541092,1988061
86781,1629776
86781,86771
86781,3065592
80383,80329
80383,700192
720383,720375
1818001,1816024
1818001,43129
1818001,7071760
1818001,1227544
125208,507890
125208,421386
125208,402299
125208,697685
3056409,1724689
3328423,1536678
6836,1628997
6836,195167
1389330,35806
1389330,121180
1389330,194943
4182930,25659
294972,443564
294972,90259
294972,694931
3466181,6601524
3466181,45484
3066203,5535657
3066203,3349504
3066203,4330496
3066203,5501897
986236,1331141
986236,986180
7101464,1706362
7101464,2455514
7101464,5809403
3277471,5994113
3277471,508017
3277471,700859
5559074,107038
5559074,1148993
4826413,179992
4826413,5501167
589627,22194
903279,714489
903279,428843
903279,1043977
7204105,1629776
7204105,5987913
7204105,5987897
8637717,6586106
215318,215158
215318,5741046
215318,1629776
2845731,1037500
2845731,559886
2845731,150808
439341,2339
439341,22009
439341,16270
1658547,463899
7988151,8022892
7988151,7141880
7988151,8107764
7988151,7248821
7988151,8002558
2135372,2389598
2135372,16619
2042572,122557
2042572,3594741
5988194,4248292
5988194,7893802
5988194,5987757
125827,1064703
125827,102898
125827,81868
125827,1336634
7585072,1582462
7585072,457740
3517873,9164
3517873,534
3517873,584491
7556284,3342059
2394688,7140852
2394688,4169888
2455514,8968331
2455514,11223663
2455514,5968764
3645971,1202400
3645971,1230776
3645971,7496
5988383,5988442
5988383,7787724
5988383,5988356
5988383,7690251
2823617,94160
2823617,1629776
2823617,119446
1185231,5597372
1185231,1185005
1185231,1181873
1185231,1857717
199717,552360
199717,2561008
199717,1342742
199717,619296
199717,195923
4458919,2172921
4458919,4021231
4458919,3481333
3066919,2206856
2881365,1446006
3342234,3342174
4868634,72413
4868634,195563
4868634,15744
4868634,748046
4804635,3094718
4804635,1910615
4804635,667564
4804635,2885122
439886,400003
439886,1988605
439886,1948817
439886,2927655
439886,1111265
615902,615899
615902,1321048
615902,2487348
891102,4368899
891102,971436
891102,376953
891102,854117
891102,1377203
891102,496357
1764725,7790603
1764725,2473877
1764725,119478
2673525,4116951
2673525,3297896
2673525,8111557
2673525,393972
2673525,3298522
1764731,946705
1764731,1208897
1764731,2323207
7918410,7918247
7918410,7923547
932812,16013
932812,456022
932812,195167
3204818,3033371
3204818,114917
1176092,151216
1176092,441521
6945695,4042386
5739323,129131
5739323,1723928
241736,113358
241736,78709
241736,101820
8545737,1309655
2212974,187894
1953807,867678
1547407,451879
389007,695330
389007,641600
389007,783320
1985837,1751240
3358643,195362
3358643,406235
4686643,4193532
4686643,1781943
4686643,4806863
4686643,105620
4686643,4820627
1480274,15291
1480274,3979634
1480274,904813
2417959,3470934
2417959,1338376
2417959,3333532
1387617,150333
1387617,2416986
1387617,8111557
7125257,2340
7125257,13911
1291670,947057
1291670,8768
1291670,219703
2357277,2357234
2808495,7496
2808495,10183
2808495,573529
2808495,7333
8578138,118165
4123753,4124469
4123753,3914090
4123753,4124156
4123753,7090432
4594172,1629776
4594172,6645991
4594172,2041453
4594172,5482247
3256605,888035
3256605,422913
3256605,68418
1471020,655204
1471020,16216
1471020,193645
1471020,620759
1471020,195167
2811822,195167
2811822,4118485
2811822,4155394
424649,116092
424649,1764497
1608651,2291798
1608651,62378
1608651,1607817
1608651,417747
1608651,45687
405457,8766814
405457,455564
405457,2693020
376742,904889
376742,1067312
376742,1470255
376742,121335
376742,2800801
1682353,478612
1682353,70253
1682353,153005
1682353,80223
1525577,72537
1525577,261376
7275987,12469
5723998,4700105
2079243,1663405
2079243,5662790
5007244,1133116
12057,651415
12057,496655
12057,152354
12057,241768
8271257,1166736
5391274,2331716
1372079,5564158
1372079,668103
1372079,7034
1372079,35806
2434541,3400923
2434541,63412
4444165,1433478
4444165,447343
4444165,2400934
8738580,128627
3128993,1470730
4943401,2894530
3199425,711697
453850,453810
453850,152879
34665,27477
34665,16890
34665,432332
7071490,7071493
7071490,6725947
7071490,6609959
7071490,6610142
7567499,447791
7567499,1228508
3273139,443339
3273139,27276
3285948,513737
1762805,451933
2998008,714489
66854,5347974
66854,3241530
66854,41734
66854,466811
66854,2788303
409254,9204483
409254,3165690
409254,186138
454061,657700
454061,454029
454061,1171068
4370877,1066695
4370877,4370892
4370877,52828
1356522,877638
82934,456022
82934,82922
82934,8692380
82934,2940669
82934,993374
1161377,1161277
4114977,700454
4114977,705211
4114977,1474743
1689444,1007092
1689444,2106748
2105455,2104934
1497473,2397298
1497473,3320745
1497473,4397906
1497473,3322855
1865489,292862
1865489,2649224
1865489,16270
4851091,4851079
1283125,1331854
1283125,43129
1283125,12646
4150332,3053205
3366332,3366012
79936,79465
79936,2323
79936,40474
79936,2066460
1839953,231263
1839953,40415
1839953,534
1839953,3238761
