4734868,280514
4734868,7900486
12890,8765658
510230,1513909
510230,3518825
52828,540303
52828,7041775
52828,11094828
52828,11094952
52828,7449498
696508,214324
696508,2327
696508,513679
696508,1033013
696508,60679
5865977,3174444
1292070,10467780
1292070,2176109
1292070,185365
1292070,195167
117730,6043642
117730,2619775
117730,2977503
34050,217784
34050,128918
34050,33902
34050,128830
16013,32571
16013,1087255
16013,6565450
37213,13950
37213,429236
37213,5833061
37213,931996
26613,194497
26613,139248
26613,8775121
26613,1229151
1033013,2437823
1033013,12852
1033013,52828
1033013,272737
1033013,1908487
92173,16466
92173,429236
92173,1502641
92173,53767
92173,979397
5773,380961
5773,16383
5773,546058
5773,227612
1042808,83779
1042808,376500
3480088,3480067
3480088,3319163
3480088,1191839
137808,800481
137808,16890
137808,136897
12928,1080233
12928,45614
12928,790206
12928,932470
102488,117730
102488,102428
102488,3123604
917231,145201
917231,141222
917231,23803
694931,8766797
694931,90259
1229151,1607817
1229151,26613
32571,71968
32571,284688
32571,1293434
32571,18154
32571,16013
32571,3417
2894691,60679
2894691,1048171
718491,451939
718491,3049950
718491,2095362
4124476,7790603
4124476,3887
4124476,561727
563276,10037034
563276,4875227
563276,1613127
563276,788841
584816,583912
4140756,4631469
4140756,49908
4140756,561727
16216,195167
16216,92173
16216,53983
16216,1013598
2991896,245477
2991896,117730
1630436,283025
1630436,21828
1630436,218509
1630436,870461
101856,62402
101856,1656168
101856,2152533
931996,76652
931996,1907605
931996,37213
931996,43129
429236,195167
429236,654945
161349,259620
161349,626842
161349,7235011
161349,288616
451909,714181
451909,8770168
451909,705418
17389,1861699
17389,53767
17389,3384159
17389,32571
17389,106805
207889,2818592
207889,4042323
207889,92325
207889,3029662
4631469,8765695
4631469,5454116
4631469,4659515
4631469,4057169
125629,595058
125629,2730540
125629,59913
125629,1168948
125629,1606583
43129,931996
43129,4713950
43129,2449461
43129,4080737
43129,53767
185669,1468011
185669,683442
185669,1606583
185669,1207660
4124469,4124170
4124469,2277763
4124469,7634334
4124469,4043402
4124469,7883134
3365969,8808911
3365969,8779221
3365969,3229508
3365969,3365793
700549,215690
700549,6570481
700549,140385
645049,1015734
645049,111498
645049,111415
98209,2958105
98209,79066
98209,8799353
98209,7853377
218509,8780824
218509,59913
218509,4042323
218509,90259
218509,9869470
6841952,4890682
6841952,4857913
6841952,6851463
6841952,1161400
667832,8923313
667832,401393
667832,674817
667832,671223
667832,674964
930412,2349142
930412,4908616
930412,153093
1314652,572000
1314652,10019194
1314652,195167
1314652,429236
1314652,4925932
797152,8765317
797152,69554
3485092,8820340
3485092,2358378
262892,947395
262892,3593316
262892,1755442
860692,12852
860692,706345
860692,29424
860692,18178
860692,90259
18732,3384159
18732,2614460
18732,53767
68532,132005
68532,90259
68532,7427
68532,635855
68532,2317603
4952,8765975
4952,90259
4952,3596177
4952,1656719
76652,444485
76652,3341859
76652,1087255
76652,185365
2516892,429236
2516892,1329059
2516892,1071982
2516892,903880
122492,8850820
122492,262160
122492,8951015
122492,4008972
984752,492100
984752,984483
984752,1043230
984752,984734
4123632,4043402
4123632,5993506
4123632,4123995
6528612,2831267
6528612,455190
6528612,1087255
6528612,6628269
1147472,2818592
1147472,10227257
1147472,4042323
546052,426605
546052,546088
546052,10520
546052,546058
546052,28526
3417,6565450
3417,53767
3417,185365
3417,32571
143837,12689
143837,293551
143837,417252
1171777,1283307
1171777,2485887
1171777,3492708
376677,198990
376677,1872172
376677,90259
376677,101856
673657,3587627
673657,3571571
673657,662543
122557,571155
122557,33902
122557,430211
122557,378527
122557,45642
122557,1958009
1607817,736590
1607817,644988
1607817,5901383
1607817,8766782
4343637,9884201
4343637,4349150
4343637,8765695
1628997,1829866
1628997,1559749
1628997,1329059
1025117,1196412
1025117,2894691
1025117,7202490
18097,11109045
18097,11108898
18097,581565
696517,22185
696517,8959728
696517,1875889
556177,59096
556177,1368400
556177,12928
556177,1656719
1926810,654945
1926810,16013
1837990,9422950
1837990,5670585
1019090,2456976
1019090,45690
1019090,1629776
1019090,195362
4009390,237634
4009390,42900
4009390,7572273
2523250,5400853
2523250,152334
2523250,1224279
5379610,284688
5379610,31773
5379610,9330
5379610,4114793
5379610,1506576
698910,211154
698910,598234
698910,451909
7202490,1629776
6906510,5477491
6906510,1441070
6906510,3353792
6906510,2341045
606610,3209276
606610,606531
4349150,4343637
736590,644539
736590,32463
736590,151981
736590,736615
736590,917975
736590,244713
4040650,2342701
4040650,71559
4040650,216481
4040650,116558
215690,149573
215690,2751720
215690,4976703
683630,3887
683630,194943
683630,683623
5474370,3402
5474370,47164
564350,194943
564350,43835
564350,774681
4124170,1264700
4124170,6535782
4124170,4123828
4124170,119446
1043230,684550
1043230,108946
1043230,1092011
68990,69009
68990,194943
68990,208149
68990,22820
7579170,1205244
7817633,4680740
516833,10380957
516833,90259
516833,39365
516833,129466
298853,1953698
298853,4105625
298853,297831
298853,748046
3038193,39365
3038193,4381992
3038193,129466
3038193,10044478
3038193,9094410
4857913,1074072
4857913,4989225
4857913,6841952
3330113,259989
3330113,115081
145013,39365
145013,20256
145013,7406030
145013,8814669
92353,4025874
92353,1818004
92353,1147472
92353,92205
153093,1823204
153093,153080
153093,1119827
153093,930412
76233,143704
76233,898693
76233,658443
76233,1175489
992153,89068
992153,119478
992153,3402
5910693,3948694
5910693,5910606
4009173,1677554
4009173,47344
4009173,635810
1449353,241768
1449353,235028
1449353,91742
1449353,16270
1449353,404810
594873,1006456
594873,1616116
594873,14754
594873,16591
1287813,3487867
1287813,2811600
1287813,654945
1287813,47344
1736053,8694062
1736053,889277
53473,1822509
53473,194943
53473,18154
53473,3413999
3365793,7496
3365793,4046390
3365793,263108
3365793,3365711
151713,1462347
151713,202179
151713,101856
151713,90259
4154453,4154428
1018333,421136
1018333,5988442
7798033,7790603
1781693,194943
1781693,4171634
1781693,654945
401393,545199
401393,1496540
401393,535351
401393,421943
401393,5762583
4935713,411343
971533,18097
971533,933615
971533,83950
3955153,391136
3955153,1349110
3955153,2694018
5726193,2342701
5726193,451391
5726193,2457982
3281133,1202400
3281133,118422
1545509,18178
1545509,2341
3169509,3111156
3169509,10553093
3169509,8042291
4625049,8825218
4625049,1605681
4625049,116294
4625049,194946
2152929,645010
2152929,2322
2943929,90259
2943929,1148295
2943929,1314582
6618449,39365
6618449,6575032
6618449,3144027
4629589,20256
4629589,2151100
15009,1493801
15009,15874
15009,207120
15009,251943
402689,452134
402689,12928
402689,189751
402689,1953253
2668449,8766488
2668449,5055727
2668449,8765658
2668449,1415379
2668449,185642
11929,402012
11929,25695
11929,402826
91789,53767
91789,2363940
91789,1852418
91789,444485
1444789,241559
1444789,19743
1444789,249511
1444789,1186711
72169,1087255
72169,6716367
72169,6692227
7926869,7927107
7926869,10021071
4450029,3364750
4450029,3227859
4450029,565626
26849,1353273
26849,6565450
26849,2831267
26849,5475141
187949,671304
187949,8765658
386249,79914
386249,43835
386249,5479602
1822509,52828
1822509,2702152
1822509,9040287
1822509,2341
3446169,1290555
3446169,282037
3446169,925418
3446169,2504345
3446169,57284
4078169,4042323
4078169,8769572
4078169,10670595
4078169,335706
2362309,2362378
2362309,5889402
2362309,25724
216829,4210226
216829,185365
616089,90259
616089,52828
37589,61953
37589,2697528
37589,2445105
37589,62154
1168089,4161079
1168089,4501907
1168089,4208778
1168089,4501951
575849,8768921
575849,407326
575849,90259
575849,8764421
575849,19254
6537029,1329059
6537029,3144027
6537029,6618338
519509,8434234
519509,4042323
519509,4150068
93949,9519355
93949,90259
93949,8770017
1662429,3907798
1662429,42900
1662429,1378510
1662429,3907919
1834169,947395
1834169,445816
1834169,195167
3406089,9885264
3406089,199566
3406089,195899
3413349,8809340
3413349,8768055
3413349,9888025
3413349,2461098
259989,429236
259989,3330559
259989,3330113
696289,8862417
696289,9517402
696289,2830148
696289,2393882
2169409,2169431
2169409,2169587
2169409,145760
117112,1235707
117112,1187821
117112,3003886
3278172,2290584
1239552,72537
1239552,195167
3353792,914616
3353792,186348
3353792,262045
3353792,5417992
94412,698910
94412,8766797
94412,568784
94412,1165199
3309532,8765695
3309532,4818166
3309532,8440453
3309532,8149922
672712,1629576
672712,5993506
672712,4864149
672712,3430562
1476492,90259
1476492,5993506
1476492,1574925
1476492,7538905
3316812,3327055
3316812,1420300
3316812,4803789
4431512,2702152
4431512,1317059
4431512,946742
4431512,9708186
4431512,662703
1392572,3916502
1392572,426605
1392572,200426
81092,1493801
81092,90259
81092,52828
4142552,4142837
4142552,1623900
4142552,1944475
192512,712211
192512,2641312
192512,140385
192512,8770978
1074072,5889080
1074072,2825321
1074072,8780941
1074072,4042323
547132,195167
547132,5922283
547132,1087255
547132,288616
547132,13950
1143112,4864149
1143112,2669605
1143112,2608423
192052,64298
192052,714545
192052,140385
192052,425486
4652,1876863
4652,134894
4652,1886554
46232,1087255
46232,5474370
46232,185365
46232,3388530
46232,572000
752652,215690
752652,4007675
752652,4021966
5470692,2168783
5470692,4121835
5470692,10388771
4381992,4381973
547572,3384159
547572,185365
2043992,52828
2043992,2044100
2043992,9370546
145992,198990
145992,948289
145992,881402
145992,1444808
70772,121009
70772,121157
70772,4000297
856172,7814224
856172,4898353
856172,3023472
953252,3384159
953252,1087255
953252,1502641
262452,2068756
262452,9048628
262452,8848629
262452,262160
1493372,13100
1493372,1492397
1493372,1494022
1301812,54031
1301812,2702152
1301812,9103570
4210097,579450
4210097,94703
600137,288368
600137,9426069
600137,1172776
600137,52828
600137,567932
941257,4979900
941257,8839222
941257,8984497
941257,72537
3595597,3234319
3595597,8767493
3595597,2702152
3595597,8768055
596537,29424
596537,40847
596537,210289
596537,4040675
596537,9154788
3402277,983440
3402277,2363153
3402277,4013874
3402277,1764725
262837,53767
262837,2831267
262837,1502641
262837,5475141
262837,3384159
40997,210496
40997,126398
40997,597074
40997,8822466
40997,2386995
190177,46805
190177,8872845
190177,1615880
604717,195167
604717,10394469
604717,3905491
604717,194943
105897,363952
105897,340453
105897,347075
889497,16013
889497,91696
889497,267289
21357,1567342
21357,218127
1456397,13950
1456397,1020075
1456397,1433365
1492397,1493801
1492397,1494045
1492397,1493372
1492397,954946
1492397,2347821
1535077,4056678
1535077,6643535
1535077,97857
1535077,6642778
1535077,3350321
782017,1958009
782017,656028
782017,1331251
782017,2345831
3719797,1329059
3719797,8789176
387917,125110
387917,90259
387917,1854007
14737,3002590
14737,620759
14737,121157
14737,563302
14737,682243
535457,8770017
535457,125110
535457,8776287
535457,8767493
721837,1444808
721837,1581457
889277,41429
889277,90259
889277,8768055
889277,2702152
3426717,3417830
44057,185365
44057,4210226
44057,272387
1128617,8799766
1128617,94703
1128617,1283307
1128617,1211561
1128617,1369137
377097,59913
377097,1050141
377097,590225
377097,39365
129097,194943
129097,72537
148737,184594
148737,4999232
1783557,613859
1783557,8393013
5662790,4406572
5662790,2716564
5662790,4908616
5662790,932104
3364750,7496
3364750,3365711
3364750,4046390
187830,98209
187830,598471
187830,422508
3505650,3504878
3505650,3505045
6533890,6533845
2766630,9522660
2766630,3219631
2766630,9853333
2766630,116294
4909930,96853
5707810,33975
5707810,1178698
47250,195167
47250,1807338
1378510,1662429
1378510,149505
1378510,3478031
1378510,2400934
239450,2254946
239450,510050
239450,188311
3309730,3307591
3309730,6816985
3309730,1349110
15730,423599
15730,1050186
15730,290419
15730,16591
15730,33214
125110,69009
125110,29462
1577450,400506
42890,18154
42890,4018
6707390,194943
6707390,194821
6707390,44057
2885870,2280648
2885870,2517054
2885870,7062606
2885870,3322855
2885870,6537029
7058570,89068
5750110,676115
5750110,1623051
1019510,188414
1019510,45690
6635530,2280606
6635530,6618449
6635530,3898402
86230,100910
86230,600533
86230,697622
4318190,1354441
4318190,1867656
4318190,6701525
804630,1147472
804630,797152
804630,1889547
804630,645172
989710,8765658
989710,2888858
989710,566985
989710,8907854
645010,696556
645010,2152929
153590,15656
153590,654945
153590,785612
153590,2247775
3002590,14737
2786770,2786747
2786770,1178906
439290,4699087
439290,2325187
439290,4669667
439290,1769451
4222410,4221927
4222410,72413
4222410,1499774
2526990,245477
2526990,150663
5903650,3117289
3379310,3365634
3379310,4046390
3379310,4144255
3379310,2285953
3379310,3365711
1144250,2441411
1144250,195167
7177310,1629776
567830,286502
567830,194943
567830,654945
567830,148838
524493,129697
524493,1994277
524493,32609
524493,898693
4381973,8780824
4381973,8764922
4381973,4381992
1239753,1020167
1239753,107928
1239753,214038
1785313,1785212
1791193,186347
1791193,430043
1791193,2603693
4898353,96853
4898353,856172
4828473,1147472
4828473,1148993
2629373,886322
2629373,89068
2629373,3402
8393013,6598716
496973,2175946
496973,90259
2635113,726940
2635113,4113281
2635113,1535077
2635113,134618
1426993,23426
1426993,896673
1426993,63499
5715533,15744
5715533,2339
5715533,1450
196453,3384754
196453,1502641
196453,195167
196453,3384159
340453,105897
340453,89068
483793,1375907
483793,4892690
483793,8927847
483793,8693024
25953,2632270
25953,33214
25953,3222022
25953,54576
25953,194024
1485253,654945
1485253,195167
1485253,3385034
232153,3384754
232153,1087255
232153,8607
232153,444485
4233113,285421
4233113,1629776
4233113,3356265
331073,223143
331073,376904
331073,878035
331073,644494
331073,253506
4048473,3358565
4048473,3358496
120893,70772
120893,72537
120893,3402
120893,120904
120893,2323
120893,2311
120893,46381
4082553,4082263
7953493,2701051
37753,37716
3315073,3315078
3315073,3402
3315073,119478
741893,1355429
741893,999361
741893,224285
741893,8763510
741893,90259
217713,119478
217713,47344
217713,3402
217713,654945
7187033,1629776
7010593,2041453
1953253,402689
3352053,269788
3352053,195167
3352053,456022
3352053,16013
4680493,4680461
931453,940543
931453,5675681
931453,4943577
931453,661101
3316153,5713437
3316153,5662790
3316153,3117289
3316153,2997194
3316153,4993992
7060653,89068
38993,1868008
38993,948289
38993,989857
780713,780325
780713,1174522
4868373,15744
4868373,3349289
4868373,53881
4868373,667767
1343268,90259
1343268,899537
1343268,1128799
1343268,167679
702688,8821731
702688,1902901
702688,2559204
702688,8965685
415328,1087456
415328,26085
2444768,4152447
2444768,4042323
2444768,5380549
407048,3085536
407048,1087255
407048,2831267
1559268,426605
1559268,8765695
1559268,4025188
1559268,8767493
1559268,1835814
606588,3564287
606588,8394432
606588,6554427
573028,2151404
573028,573051
573028,562696
573028,4259809
573028,4259803
573028,140385
3054608,2109572
3054608,385055
3054608,1161077
3054608,1150515
241908,241768
241908,456022
1706368,4993046
1706368,614181
1706368,2035386
1337688,572000
1337688,1937531
1337688,195167
1337688,7591208
20748,90259
20748,2188507
20748,32182
451148,2773384
451148,5476600
451148,921385
6148,507200
6148,145013
6148,1118049
6148,9267210
6148,9267199
6688,10957231
6688,46827
6688,402826
468,2151100
468,8536
468,9162200
468,1443960
15728,26048
15728,2702152
15728,90259
15728,165134
658928,727943
658928,442767
2106748,16216
2106748,6915966
2106748,1706383
2601468,401393
2601468,3064296
2601468,13950
43788,8782028
43788,8769930
43788,36739
43788,101856
43788,116294
405908,221469
405908,202200
405908,8773911
405908,7814415
5068,12928
5068,412462
5068,380961
4048988,4889688
4048988,8922450
4048988,4889660
263108,1431140
263108,2493457
263108,8765658
113528,90259
113528,113555
113528,113711
1095888,47479
1095888,563583
1095888,28926
1095888,8767492
3026368,6736879
3026368,1499361
422228,694931
422228,125609
422228,9211071
422228,12928
422228,1525433
1952328,3379298
1952328,195167
1952328,4650363
1665608,1329059
1665608,4124170
1665608,739147
290308,1540447
290308,13950
4708,1061699
4708,259620
2257328,8793438
2257328,194869
2257328,2257330
2300528,2830148
2300528,2503203
4133508,3327620
4133508,5380549
4133508,5993506
536868,71968
536868,194943
186708,1391627
186708,48862
186708,90259
186708,1835814
186708,937520
1868008,423959
1868008,244944
29728,13950
29728,1173574
29728,1173743
29728,8848629
29728,567830
1656168,793029
77968,88303
77968,128830
77968,1052681
77968,1181255
2537608,151522
2537608,3319104
2537608,482902
3322428,381682
3322428,2872275
3322428,23969
3322428,3836984
5481008,234164
5481008,9899339
5481008,9101289
5481008,8767493
422508,90259
422508,781345
422508,426605
20108,6540128
20108,1164833
590668,7889036
590668,2525979
590668,238848
5949888,160061
5949888,1022209
5949888,7273366
220668,221020
220668,221001
220668,220968
220668,1498657
568108,669597
568108,1433457
568108,1381805
568108,2339
568108,133986
3648768,90259
3648768,3798549
3341688,1414742
3341688,5455598
3341688,2686186
3341688,8618619
3482628,3482654
4129648,8767493
4129648,9595833
4129648,8767492
3925888,54031
3925888,8767493
3925888,230403
417588,3899036
417588,400047
417588,418199
417588,417634
3335951,8778270
3335951,9879698
3478031,237634
3478031,1378510
3478031,42900
888311,962466
888311,1565736
888311,4259268
888311,8764399
888311,90259
3916951,1055034
3916951,695963
3916951,10948234
51431,7795618
51431,570871
51431,92325
51431,2106435
1031631,2341
1031631,90259
1031631,39365
1031631,8767492
5884111,52828
5884111,3365793
917531,1574925
917531,90259
917531,8769533
917531,2445457
1623051,8917363
1623051,9891626
1623051,4803789
1623051,3381578
490611,455190
490611,2559063
490611,54999
490611,194943
6749111,10694327
6749111,8988818
6749111,4963312
6749111,8800669
6749111,9395883
696971,8773880
696971,1835814
696971,63680
696971,90259
1057271,153379
1057271,47164
1057271,71968
1057271,18154
432371,288616
432371,444485
432371,195167
432371,2321219
1069751,552873
1069751,5561648
1069751,58465
2377291,8973030
2377291,9550248
2377291,1216995
22311,62232
22311,8843876
4681991,4583
4681991,3911247
4681991,6645991
4681991,1876978
3231571,2388957
3231571,4243803
3231571,4123657
3231571,5881020
3231571,2391724
946311,4042323
946311,620759
3202311,6832669
3202311,6832630
3202311,1143379
766351,5861303
766351,1623900
766351,8765320
766351,778548
5481931,5481983
5481931,2484832
5481931,1419100
5481931,9139230
5481931,5755959
536811,536829
536811,1570614
536811,536828
536811,8762941
536811,8893720
2701051,7956882
2701051,1426227
2701051,4152447
23271,24878
23271,10085842
23271,377931
32511,389985
32511,1493801
3190431,4277974
3190431,3916502
3190431,8821762
101251,1004327
101251,8765658
101251,5890864
5965271,2078325
5965271,121193
244411,10230022
244411,377045
244411,4074736
244411,8573257
97971,8613038
97971,3332872
97971,2062791
97971,13950
3415031,9888917
3415031,9888793
3415031,4397847
1866871,1331073
1866871,2417566
1866871,1747780
1866871,8779601
4558751,4890095
4558751,443372
4558751,54999
4558751,4966082
4558751,195690
1904231,71067
1904231,374689
1904231,2558988
1904231,570702
1294191,80503
1294191,121335
1294191,9100716
1294191,1488073
598471,187830
598471,4042323
598471,1653059
598471,1124009
598471,8771327
35591,891006
35591,10003403
63991,1050141
63991,645267
63991,8785974
63991,1332536
411131,429236
411131,603836
1230511,5385
1230511,7375
1230511,2205099
1230511,16216
40951,5000983
40951,3381529
40951,8766797
40951,8890988
696131,109851
696131,90259
696131,272737
696131,1835814
45031,84540
45031,7542407
45031,1143621
45031,1631339
585131,34630
585131,535771
585131,584816
2344071,16216
2344071,6540014
2344071,4124170
2344071,1679666
1035731,1329059
1035731,6540014
1035731,402840
1035731,1848189
1837711,8618
3307591,9099981
3307591,9877950
3307591,3310123
3307591,3307805
735836,735932
735836,736077
735836,241559
735836,39365
735836,735913
735836,110402
381956,1179012
381956,1958009
381956,2636429
381956,9606321
1070436,572000
1070436,1680554
1070436,6565450
2482876,9717482
2482876,3031292
2482876,54031
2482876,1086447
61556,411157
61556,950051
61556,39365
154856,1958009
154856,768884
154856,2345795
70656,3386139
70656,7496
70656,1054578
70656,99104
156176,158511
156176,8816372
156176,157774
156176,158745
1323276,1951155
1323276,4224048
1323276,4224317
1323276,3327620
5348296,4172848
5348296,4082580
5348296,16466
3290156,3357768
3290156,1886554
3290156,3357363
2070276,267753
2070276,1446560
2070276,2963008
2070276,1659199
2070276,598365
2464396,550123
2464396,8646807
37416,13950
37416,8348152
37416,429236
76376,195167
76376,3096075
76376,3387261
76376,3885905
76376,4382122
243556,386077
243556,8607
243556,7262052
243556,429236
243556,2885054
1349056,1349041
1349056,4157560
1349056,1349110
6706356,9622724
6706356,4799528
6706356,59179
3358496,4047484
3358496,4047730
61976,4689457
61976,8607
61976,734891
696556,645010
696556,451909
2395716,52828
2395716,2396031
2395716,1835814
6564276,240215
55436,8768921
55436,793295
4211936,4980072
4211936,1345444
4211936,10288050
6598716,1543660
6598716,8536
6598716,3360815
6598716,8393013
1867656,3064296
1867656,739147
1867656,1848189
1867656,4043402
4020536,7235501
4020536,8837564
4020536,7586232
4020536,9639372
37716,37761
37716,448006
37716,37753
37716,121335
188176,90259
188176,29564
676616,8802987
676616,8838437
676616,1828506
1204456,733898
1204456,708916
1204456,4224902
444716,2831267
444716,53767
444716,7273225
444716,4967071
692536,2199960
692536,2653943
692536,8822466
3118536,1735242
3118536,39365
1086276,2866217
1086276,9698875
1086276,77446
443696,194943
443696,451107
443696,3402
3999716,1279829
717036,18893
717036,1835814
717036,140385
717036,1216362
1332556,4908616
1332556,932104
1332556,4889688
1332556,39365
90276,8774244
90276,1485124
90276,1219189
90276,2837768
71356,10071947
71356,8795095
71356,4449420
71356,16013
420756,419981
420756,9245989
420756,8860306
14176,2963505
14176,39365
14176,8773230
221001,951427
221001,16013
221001,694931
3921401,258876
2119401,2119399
2119401,549698
492001,400861
568001,567825
4943604,4943577
2151404,563367
2151404,1193600
2151404,573028
2336804,95863
2559204,693514
931804,28882
931804,7369
931804,5757667
931804,3646089
931804,117961
8039204,4133508
4421404,4421365
7585604,5044937
1332805,1331141
1332805,1190895
4077205,984233
4077205,2819666
4077205,5820537
3307805,3307591
3143605,422008
4686805,2767362
151206,567002
151206,198990
1490806,117992
1490806,2339
1490806,1654864
53606,71968
53606,92173
53606,195167
4119206,4119139
549806,12852
549806,1835814
549806,137808
549806,694931
549806,146694
546606,4896915
546606,4895486
1377612,2851801
1377612,20482
4802612,374734
4802612,7926869
125212,90259
125212,913602
125212,937520
131212,295379
131212,241768
1179012,4189895
1179012,3087615
1179012,40415
2560612,779826
4067226,2260061
279026,101251
2622026,9598168
2622026,158511
2622026,2622087
2622026,9598174
2622026,1020486
3365626,1563162
1767226,635810
1767226,226967
1767226,904930
1767226,4372164
979826,571854
979826,3154334
979826,740554
34630,33948
34630,35281
34630,700455
34630,213490
992230,2103552
992230,1158627
992230,992155
2487830,2308743
2487830,7279981
2487830,682095
2487830,1756785
2487830,1381663
6832630,3202311
3922230,3348610
3922230,258876
2106435,51431
3662435,7496
1512835,1156508
1512835,15744
1512835,4869155
2117035,45525
574435,165134
574435,402542
574435,483610
574435,235795
4418641,133986
8380641,8376012
7244441,6533073
7244441,3428159
39241,995681
39241,5709844
39241,32405
39241,149230
1349041,1349415
1349041,760
1349041,52828
4729444,117602
4729444,280514
4729444,154407
4444044,2400934
2175644,239526
2175644,8765658
903844,45687
903844,72537
903844,1663483
1345444,195167
1345444,2441411
1345444,69009
1345444,269788
3408446,3407934
4993046,4126760
3381446,267289
3381446,2247775
3381446,47164
3381446,47344
3381446,3402
3381446,18154
5384246,256955
5384246,429194
5384246,72169
545846,1072351
2918446,645019
890656,410472
122256,690220
122256,118937
1714856,3474719
1714856,3034773
8614256,13952
8614256,2339
654856,547132
654856,24501
654856,2940172
125256,10235904
125256,101797
125256,983579
125256,101856
1543660,404910
1543660,407048
1543660,5988442
1543660,573164
4889660,4048988
1855060,696876
1855060,70036
1855060,1215233
1855060,717036
2559063,47205
2559063,490611
2559063,187878
2559063,206159
2559063,1424
1514863,13952
1514863,11126
2183863,31896
2183863,89404
2183863,565474
1088863,389841
1088863,571854
1088863,934812
1088863,1382722
4671067,2206741
3276267,3276262
3276267,510828
3905667,3438399
3905667,6830009
71067,4371526
71067,4042323
71067,2137844
1202467,2358056
1202467,2358069
1202467,1835814
7880267,4908817
53867,8121005
53867,621804
645267,477497
645267,60679
645267,63991
645267,198984
197869,8999835
197869,989857
1553869,199122
1553869,2172921
1553869,2530502
6832669,3202311
194869,2704161
194869,92173
194869,6231
194869,69009
205680,1545509
205680,109871
205680,451939
205680,63680
898080,898216
898080,239450
898080,90259
898080,903853
8043085,2327
3938485,7034
3938485,409
3938485,89068
3938485,886322
1613885,245477
1613885,192750
1613885,192803
549485,2370825
549485,4227082
4052885,4050075
4052885,3316097
4052885,4141754
4052885,2701051
242085,384662
242085,2771845
242085,1377203
242085,101820
5712885,251162
5712885,7979064
5712885,5994113
3220885,1515222
3220885,2092622
3220885,3204407
2768687,1450
2768687,4379076
5820287,516150
6787487,118242
6787487,72413
3379487,97173
3379487,2285953
3564287,7496
3564287,955727
3564287,4142552
3239087,196458
1140487,195167
2710688,150183
2710688,534
2710688,46115
2710688,626186
5516488,85999
805888,700454
805888,70253
805888,797152
805888,1127823
661088,1389159
661088,7634452
661088,39365
7425088,444250
7425088,194930
637088,696369
637088,697622
637088,2322942
637088,637034
637088,194476
85690,8767493
85690,9316979
281090,1071982
281090,1452892
281090,1313233
281090,2096062
67890,2283766
67890,1419856
67890,2284139
67890,2818592
4086690,1526144
4086690,637220
4086690,3424574
570702,1770031
570702,4042323
570702,1297387
570702,2341
570702,8767493
6288902,5994113
1577302,400506
1577302,294787
4224902,2342701
4224902,230447
4224902,1517280
4224902,3470993
482902,8763538
482902,8764922
482902,5993506
5659904,1323275
5659904,5659728
5659904,6834610
5659904,3034257
130504,77968
130504,14737
130504,79914
130504,5819
130504,241768
3338704,2885122
3338704,1515658
3338704,2136
3338704,40415
3338704,121193
4670504,2813379
4670504,2076058
4864704,3404953
4864704,3404555
1656316,3020900
1656316,6618353
1656316,1450
7102316,3561643
1971316,875157
2424116,379169
708916,1204456
708916,376849
3693517,7496
3693517,96853
2668917,435741
2668917,404377
1423117,3087615
1423117,286502
1423117,2811600
6909717,48017
6909717,630878
6909717,13911
6909717,1629776
5910117,5907380
4224317,1323276
4416117,2339
4416117,2136
4416117,3417
4416117,4018
4417917,4417858
990920,8765658
125520,15926
125520,2003839
125520,415749
2802720,784088
377520,534
377520,376558
377520,430323
377520,525239
1438320,1122467
1438320,3930191
1438320,421872
3121520,1450
3121520,47344
3121520,1436848
1386927,8079
1386927,88700
1386927,127653
1386927,34966
1386927,35281
53327,729647
53327,5383805
53327,921142
53327,5383906
53327,2679576
30327,185365
30327,4080737
30327,444485
529527,154292
529527,3402
1004327,2078325
1004327,876747
1004327,1073737
1004327,395832
750135,2339
750135,37213
4234335,1204456
605535,4082263
605535,37213
605535,2339
605535,663848
4666136,3365634
1565736,263603
1565736,23492
1565736,4653
1565736,830313
4024136,2311
4024136,1148993
4024136,1369086
4024136,2894545
4074736,1340935
4074736,3400923
4074736,7790603
4074736,2342701
897136,115699
3085536,3417
3085536,16013
629736,2169240
629736,1013598
629736,16013
629736,195167
537348,1839718
537348,4119801
537348,982276
537348,1191839
43948,195167
43948,3387521
43948,654945
43948,71968
714348,2702152
714348,714181
714348,8801411
714348,4568863
6535348,599762
6535348,71863
6535348,443687
4020148,4014648
4020148,1629776
1703748,4976911
1703748,827644
778548,766351
381948,230447
381948,2632270
381948,836947
381948,1083403
381948,905907
239748,269788
239748,1143112
239748,239643
239748,1013598
937548,127900
937548,23074
937548,107438
1290549,923779
1290549,841734
6632549,6933776
6632549,3898402
6632549,6636728
6632549,16325
1342749,456022
1342749,195167
208149,1538115
208149,1584287
208149,68990
912149,1171361
912149,909116
912149,1033095
912149,2885122
481349,54603
7519549,18426
13955,53983
13955,3278172
13955,92173
13955,195167
1926355,41842
1926355,155895
1926355,1393531
1926355,1640068
1951155,1323276
1951155,6834610
3405556,3405142
3405556,4892346
1037356,207368
1037356,25971
99956,8780211
99956,8803453
99956,100197
3922156,258876
592356,81271
592356,911523
592356,430609
592356,397922
592356,3364
273356,1674005
273356,502225
4224156,1323275
4224156,6834610
4224156,1323276
1455557,16466
1455557,195167
1455557,16216
411157,53357
411157,535921
411157,1835175
411157,61556
6719957,133331
973957,391471
973957,8765658
973957,121335
1098371,3912126
1098371,203506
1098371,1098350
7453971,6688
7453971,7442467
7453971,1697127
3474171,21516
3474171,7496
1797971,430043
443372,195167
443372,92173
443372,654945
443372,3278172
2670972,404377
2806772,377230
3336972,3335951
459572,2371203
459572,941590
299572,100313
299572,25284
299572,550123
4225572,9149104
4225572,4452120
4225572,39365
4225572,13950
3067972,28882
3067972,176525
3067972,48094
790772,377542
790772,2260061
675172,76652
675172,294603
2869772,16890
1444372,1499370
1444372,28882
1444372,176525
1444372,963047
3997972,363872
1055372,196816
1055372,218530
1055372,5994113
3151580,216044
780380,2339
780380,1381805
780380,3898578
780380,1450
296580,18154
296580,484378
296580,5060779
1172380,195167
1172380,456022
1172380,16013
1172380,951427
1172380,269788
6533980,963056
6533980,907135
4416180,4043097
4416180,3161067
4416180,1064493
4416180,4042386
4416180,195167
4107180,37213
4107180,1889708
4107180,28461
3884580,1741313
3884580,3402
3884580,119478
404580,1219522
404580,25605
404580,11929
404580,1691013
205784,498929
205784,708714
205784,256373
205784,141147
205784,152913
1177584,852213
1177584,859772
1177584,767484
1177584,147875
85784,29299
85784,1835814
85784,29424
85784,198990
85784,362660
414384,484903
414384,52800
414384,1884704
414384,537352
222184,5956339
222184,1706368
222184,3830
157184,187918
157184,568576
2773384,16496
2773384,72709
2773384,451148
293384,634756
293384,4948075
293384,264408
293384,3278172
293384,195167
3836984,7496
1574996,421560
1574996,47164
1574996,1016602
1574996,23423
997396,554747
997396,11997
997396,1166424
997396,780668
1222996,853672
1222996,92861
1222996,91102
1222996,69009
684396,402369
684396,40415
684396,269788
684396,91789
1553196,269788
1553196,18154
1553196,3402
1553196,121193
4119196,4119139
260596,1527081
260596,71968
1316198,508429
1316198,45484
1316198,578174
935198,18154
935198,194943
5856998,6535808
5856998,3174444
5856998,681819
5856998,49908
5455598,2207107
3566798,2813201
489200,39365
489200,8780824
489200,90259
489200,1140586
201607,218558
201607,8780824
201607,2835207
3390807,17389
3390807,584823
511207,4570613
511207,5596039
511207,10446910
511207,10446775
154407,4042323
154407,4130167
4076407,8752559
4076407,4076454
48017,4441745
48017,195167
48017,32571
2694018,694931
2694018,25769
2694018,659430
1900818,1066054
1900818,1900863
1900818,8800539
6258018,5994113
485218,11242888
485218,8627455
485218,11242869
485218,4959108
1166430,7419944
1166430,402826
1166430,46827
149230,20256
149230,8764421
149230,90259
149230,8767492
149230,39365
377230,207120
377230,8765317
377230,8769533
377230,148147
377230,8769679
698030,924554
698030,1239491
698030,121335
1456842,1130484
1456842,32058
1020842,999068
1020842,1332684
1020842,1949629
1020842,1213953
1020842,1950828
3561643,1926810
3561643,195167
3561643,1851726
3561643,7102316
3561643,673206
239643,8768055
239643,239726
239643,6929300
239643,8778144
4518843,1920980
4518843,4169888
4518843,4677909
700859,4851726
700859,8837758
6921261,1381805
6921261,6919761
6921261,3403
6921261,4857703
653261,113956
653261,1419708
653261,90259
5658466,2778492
2819666,4077205
2819666,10082033
1122467,2056633
1122467,155962
1122467,1438320
1122467,4558530
1122467,137808
5757667,8764421
5757667,2963505
5757667,1735242
135670,430519
135670,720382
135670,99625
376472,1892582
376472,3099250
376472,672219
376472,681670
258876,3919737
258876,4713950
258876,195899
168876,148737
168876,152334
991276,8765317
991276,5884660
991276,52828
991276,5829497
991276,7814224
658876,8904294
658876,90259
658876,125110
48094,6925181
48094,3328077
48094,10676073
838899,86810
838899,90259
838899,1835814
109299,9064640
109299,1296554
109299,3187524
484903,671304
4209713,4209745
4209713,39365
4209713,10064861
4209713,4209922
4209713,617015
152913,2669550
152913,1835814
152913,714181
93713,3900822
93713,3900499
93713,3900610
93713,1151884
20516,221001
20516,8780941
20516,3278576
20516,5993506
640916,3390909
640916,8765658
640916,8825535
1785716,25214
1785716,444391
1785716,127911
729716,128830
729716,90259
729716,5739308
729716,1369969
1839718,3023037
1839718,2298909
847318,195167
847318,455190
847318,7375
847318,8800539
3422929,9112553
3422929,239726
3422929,10138007
3422929,7814415
195729,2561177
195729,6565450
195729,2831267
254929,9195736
254929,2095009
254929,9396364
1066138,3438
1066138,8121005
1066138,7496
1066138,1066106
556138,1329059
556138,4243803
556138,4150068
556138,429236
428939,377045
428939,59913
428939,9111914
428939,101856
2400139,151456
2400139,693968
2400139,5910606
2284139,67890
125352,113159
125352,2674501
125352,241559
125352,8773230
1298152,2452893
1298152,414354
1298152,4076454
5569352,39365
5569352,7779513
5569352,3221640
5569352,8767493
8352555,8352642
8352555,5455509
8352555,3036466
8352555,1321126
1158555,9710032
1158555,90259
1158555,61039
7813755,8879375
7813755,5380549
7813755,8898962
7813755,948630
992155,992298
992155,992320
992155,992230
992155,8998434
2112156,402826
2112156,10988832
2112156,5659
2112156,10602222
2112156,6766947
712956,40432
712956,3287304
712956,1493801
712956,90259
712956,5459040
1834156,85768
1834156,1701441
417761,417634
417761,418199
127761,8767493
127761,1835814
127761,127911
127761,127764
1171361,1629265
1171361,140385
1171361,195167
1171361,794794
1171361,2535858
2704161,2702152
2704161,17394
2704161,52828
2704161,2704179
4122561,8781172
4122561,3166295
4122561,8773831
2940172,5993506
2940172,654856
2940172,90259
102972,424531
102972,155769
102972,571038
859772,7276102
859772,8777618
859772,2177627
480200,1047597
480200,8765317
480200,8767492
480200,43500
111800,3919009
111800,1042949
111800,32571
111800,1463261
1031804,733177
1031804,228076
1031804,288616
1031804,1459086
1031804,259620
4121408,39365
4121408,4149622
4121408,2702152
1539808,1377175
1539808,230447
1539808,651688
1539808,3117289
2439808,14880
2439808,644475
2439808,1019559
6535808,5856998
6535808,6893786
6535808,7110948
6633408,386085
6633408,447791
6633408,267705
6633408,3356265
2561008,1851676
2561008,3121520
2561008,195167
2561008,1345444
149408,194943
149408,39365
149408,186100
5876608,3174444
5876608,6923848
613812,1700292
613812,613859
613812,1700318
1430212,1345444
1430212,7573633
1430212,2815472
1430212,978140
187814,907898
187814,4280847
187814,671304
187814,571931
690220,8782069
690220,789486
690220,2317016
1501820,46396
1501820,1323276
1501820,121193
1501820,7051
203820,8767492
203820,39365
203820,52828
203820,2702152
44620,2263328
44620,1222759
898222,1570985
898222,232195
898222,1668194
898222,5730557
2092622,8802555
2092622,1971096
2092622,1488219
562622,562677
562622,8900789
562622,1637797
4684622,4684610
706222,18178
706222,780389
706222,8785974
792622,3171680
792622,8961766
792622,793029
792622,8042291
792622,8962024
5987822,4043402
5987822,4124170
5987822,7623080
197423,1112643
197423,91300
197423,1759643
197423,11142
197423,1723064
23423,90259
1127823,8765658
1127823,8764421
1127823,39365
667431,572000
667431,1087255
667431,3384764
391431,8794309
391431,391471
5513035,7226410
5513035,7675927
5513035,7527633
5513035,7226558
5715445,7780211
5715445,45783
5715445,7780232
5715445,7780368
2771845,39365
2771845,9649258
2771845,2771890
92649,690811
92649,62378
92649,34819
92649,154616
407049,8596201
407049,3045014
407049,90259
379049,90259
379049,8859358
379049,101856
130655,3671282
130655,130504
130655,734891
177455,90259
177455,694931
177455,1835814
1490267,620759
1490267,7375
1490267,9183076
402267,9750623
402267,202200
402267,391178
402267,9750697
187878,2559063
187878,694931
187878,8770017
187878,426605
5501078,4151173
1509878,3384764
1509878,16466
1509878,195167
1509878,1629452
1527081,4007675
1527081,9081078
1527081,566985
1527081,260596
1527081,39365
1527081,6739246
869881,8794296
869881,9232551
4527081,39365
4527081,9883330
4527081,54031
4527081,10134541
448283,90259
448283,448347
448283,1836011
448283,12975
1663483,903844
1663483,8838437
1663483,8923313
1663483,8765658
269886,69009
269886,92173
269886,16013
4895486,5993506
4895486,8768055
1291486,2561177
1291486,195167
1325486,5687111
1325486,8774244
1325486,8767492
1033095,2979657
1033095,140385
24295,7061026
24295,32571
24295,3375927
4357495,43863
4357495,2341
4357495,1880112
3396295,8787316
3396295,8781454
3396295,134741
4189895,11024553
4189895,16216
4189895,455190
1953513,439166
1953513,9383236
100313,100197
100313,1329059
693514,2559204
693514,9578277
708714,12928
708714,126988
53914,195167
53914,1208609
53914,1071982
154714,8866866
154714,90259
4387119,2702152
4387119,561584
4387119,4387172
624719,28129
624719,287349
624719,122565
3474719,1162336
3474719,1714856
3474719,3503411
3474719,3030898
3474719,454789
190319,12928
190319,8765103
190319,90259
190319,904317
1336319,263814
1336319,574187
1336319,9026594
1336319,52828
87522,288088
87522,1735242
87522,299224
87522,39365
199122,16216
199122,1553869
199122,4986686
199122,8270822
199122,185365
1070722,24659
1070722,1207968
1070722,583880
1070722,1070726
1070722,1207977
6811122,5884496
6811122,39365
6811122,7076141
11539,5499853
11539,2290584
11539,195167
11539,4416117
5956339,5956375
5956339,10545801
5956339,222184
4385541,52828
4385541,8765658
4385541,2702152
2206741,4669999
2206741,619479
2206741,2290584
3007541,8766814
3007541,5621603
3007541,2621362
125141,1686227
125141,11039048
125141,4628583
2308743,11018154
2308743,1133704
2308743,2537608
1140343,2151100
1140343,2370354
1140343,3166295
1964750,1964748
192750,192601
192750,192549
644350,116000
644350,9062470
644350,9156873
644350,90259
412350,125110
412350,903853
412350,98447
412350,13650
1098350,9048520
1098350,9048530
1098350,9048488
23556,919628
23556,90259
23556,101856
23556,2378763
5988356,7943303
5988356,7943299
5988356,7943227
5988356,7690409
2484763,52828
2484763,1731688
2484763,2484832
2438363,90259
2438363,401393
2438363,282037
429563,1508908
429563,4857997
429563,1765046
429563,2057362
2443565,1348443
2443565,572000
61565,5659
61565,640254
61565,402012
61565,3572993
1864381,13950
1864381,4124170
1864381,7133706
1864381,7041564
1864381,7133900
7576381,9578523
7576381,2702152
7576381,6794350
7576381,8867919
7576381,9240059
1154783,298924
1154783,1835814
1154783,183130
1154783,129642
4613183,8764399
4613183,1489092
4613183,946742
4613183,57284
981983,1022209
981983,11252407
981983,225411
2124383,96661
2124383,34178
2124383,29862
2124383,9411132
493184,5993506
493184,8763510
493184,90259
493184,8764421
1374384,39365
1374384,2151100
1374384,9533688
1374384,3416680
5895993,10532098
5895993,3140217
5895993,84813
1329196,1329165
1329196,1628997
1329196,1191839
1864802,2963359
1864802,10050068
1864802,39365
1020802,445643
1376802,20754
1376802,20482
1376802,1681410
3173612,961582
3173612,44064
3173612,2106748
40012,2790043
40012,5675681
448013,2316036
448013,1111265
448013,1326548
448013,3485703
448013,1759080
84813,4109139
84813,1456397
84813,4249685
4149622,4121408
4149622,3053205
3900822,93713
5469639,5469625
5469639,6834347
5469639,72412
5807239,71074
5807239,594892
5807239,89404
5807239,59072
1676039,3402
1676039,18154
1676039,502746
1676039,6529854
5596039,511207
2908039,697460
1180051,670438
1180051,197860
1180051,729629
1543252,194943
1543252,18154
4828856,711273
8627265,963047
6532865,16252
6532865,3417
6532865,217798
534475,521395
534475,45690
228076,1325906
228076,730248
228076,407048
228076,4583
228076,1013598
1388876,554891
1388876,40480
1388876,642800
1388876,423512
3334476,37562
3334476,85999
3334476,7550888
568085,3385034
568085,3402
4520089,4520081
5007289,1133116
5007289,1859156
1553692,206039
1553692,513679
5397716,443687
5397716,46697
5397716,3095839
2239316,1161316
2239316,3322428
2239316,3503145
2239316,528013
8747316,620791
2713716,435468
2713716,1083403
28129,1876863
28129,4838534
28129,1605318
28129,8789176
2704929,1427100
1004932,395832
1004932,1202400
1004932,1186070
280938,101251
280938,1358557
1236138,376904
1236138,114134
709738,451909
709738,45687
1197738,432332
1197738,1025117
287349,70852
287349,72537
287349,2292506
553752,32274
553752,5146
553752,135670
553752,40415
553752,692032
5000152,509434
5000152,111800
8320952,56382
2971352,2970929
2971352,1956449
986576,1062628
986576,986264
986576,1298079
284979,912989
284979,72537
284979,2325187
284979,407048
1194583,3905642
1194583,1629776
1194583,1194580
5473783,230447
5473783,195362
45783,468
45783,1313282
45783,6231
1503388,195167
1503388,69009
1503388,4078169
1503388,1293434
264191,22464
264191,1381663
264191,70253
295405,135916
295405,422570
295405,512724
295405,2946265
295405,512540
3333005,297831
3333005,6746950
3357005,1149062
3357005,6929332
3357005,2035386
8633807,2697532
2396219,20584
2396219,45484
2396219,20347
1488219,2092622
1488219,3402
1488219,72413
730619,89068
730619,852213
730619,152730
1181024,163040
1433024,534
1433024,4530621
1433024,1450
1433024,46115
4788224,1629776
4788224,1659269
3168226,6636728
3168226,43558
3168226,1064130
3168226,3168194
1019451,97971
1019451,45690
1019451,1629776
1019451,561727
1541051,3295841
1541051,650358
1541051,379971
1541051,5994113
2387451,5570446
2387451,242930
2387451,1236984
2885054,18154
2885054,16013
251455,125577
251455,4629589
251455,37213
8627455,485218
4279462,2058398
4279462,441220
1149062,4855795
1149062,1150292
1149062,287784
1149062,1149873
1149062,1446789
240271,468
240271,69009
8480271,6623784
7107485,3402
7107485,1706611
7107485,2339
4986686,199122
4986686,902740
5349886,1192786
2077924,617592
2077924,3146478
2077924,853530
2077924,168657
3187524,17467
3222728,869773
2837930,216056
7735530,7748765
7735530,46562
7735530,7748669
1336330,47164
1336330,53468
1336330,3402
992330,992155
125136,72537
125136,995017
125136,165134
448347,448283
706751,7281115
706751,8768921
706751,7010593
2520351,692328
725965,1570578
725965,725954
29176,645001
29176,797152
2111576,187774
2111576,444123
2111576,17389
454789,3034773
454789,465182
454789,185828
454789,7071760
780389,1592725
217990,92173
217990,71968
217990,2811600
217990,16013
2819590,2622453
444391,37213
444391,76652
212391,1025967
212391,3402
212391,119478
212391,621666
2520391,692328
2520391,3903862
2520391,226967
1140392,780103
1140392,2070276
1140392,47991
1140392,85999
1140392,484205
8313992,56382
5476397,1513133
5476397,2427543
5476397,258589
962803,917933
962803,963047
962803,2471340
86810,933411
86810,86771
4892420,4892346
1301220,34858
1301220,87502
40432,40474
40432,806790
2363632,62636
2363632,35281
2363632,3110797
2093232,978966
2093232,6640
2093232,1167329
3034045,43129
3034045,1331141
3034045,3407072
8270848,1166736
4977248,29386
4977248,1876248
287649,507890
287649,262837
287649,37213
5485250,1142893
130850,103326
130850,79289
130850,1569155
2086857,237634
2086857,5537976
2086857,42900
2086857,160185
2086857,1640068
2086857,237501
2979657,117730
7787662,7690512
7787662,5987867
7787662,7787724
98062,1624934
98062,60679
98062,97220
1302065,2537497
1302065,534
1302065,1082965
1302065,3475461
5371674,3163610
5371674,5371667
2894879,2473877
2894879,3400923
3942879,3402
1307679,145038
1307679,592628
1307679,4213285
1307679,170933
1948485,865750
1948485,4167299
1948485,1449010
1948485,4065003
6819685,39146
386085,429236
386085,16466
386085,53767
386085,185365
1470885,456022
1470885,47344
1470885,195167
5522090,2464968
1494905,2206712
1494905,4109139
1494905,1083054
1494905,606646
300511,198990
300511,389953
300511,621026
300511,9098841
300511,90259
1996521,693205
298924,3319144
298924,297447
298924,1154783
707724,451939
1734924,5994113
1734924,436976
1734924,3034257
1734924,437256
4010933,66373
576533,1349110
576533,253327
576533,52351
3919737,258876
6176543,5994113
1590143,266069
1590143,268262
2426143,547132
2426143,63418
2426143,3402
2426143,451107
2426143,951899
1305344,7375
1305344,1305656
1305344,9105744
2456544,3141134
2456544,119446
2456544,1192276
541351,1651645
541351,534
1163755,1163534
4156560,195167
4156560,262837
4156560,16013
4156560,47344
7132574,7120134
5719774,5719657
18180,149573
18180,36290
18180,1981941
18180,3910122
126988,1030036
126988,4114793
126988,6559535
126988,126883
126988,1115937
6690188,107038
6690188,6491
6690188,1230511
6690188,3577245
4369389,2339
4369389,4369330
4369389,537352
1082189,2894530
1082189,1082112
3900610,93713
4684610,10101437
4684610,10136112
4684610,4684617
4684610,9988997
1829412,3428159
1829412,379368
116617,1073951
116617,2395800
6570217,18515
6570217,242186
2137419,3830
2137419,46232
2137419,47350
2137419,4156873
1686227,420756
1686227,6701981
128627,185365
128627,2831267
128627,32571
128627,3384159
128627,1353273
2065427,606607
2065427,4179427
2065427,89706
1764633,898216
1764633,6530576
1764633,9233191
3403833,4670576
3403833,3404731
3403833,672712
130235,468
130235,45031
130235,68532
295835,4851079
295835,1303051
295835,4444154
1369443,142264
1369443,200362
1369443,415730
2847051,7942795
2847051,7790603
2847051,125353
43863,195167
43863,16013
43863,152568
43863,55586
1723064,1724665
1723064,1723659
1723064,1635067
7527064,1064130
7527064,2059646
4860683,226967
4860683,2106748
1151884,85716
1151884,60547
1151884,93713
1455884,284687
1455884,119020
1455884,782704
205497,376849
205497,376558
205497,451939
3335897,242186
3335897,3335444
6644709,194943
6644709,195167
6644709,55067
4947917,3983837
2843117,571854
269518,194943
269518,1113038
269518,18154
269518,47344
269518,55586
1750318,1142893
1750318,1750197
1750318,16270
3345521,25659
3345521,3402
3345521,407048
3345521,69009
3345521,18154
1357521,5408953
1357521,1357520
1505524,16013
1505524,195167
7076724,6636728
7076724,664239
2044735,1658693
1807943,1807931
3321555,94160
3321555,1505933
3321555,1320082
4704755,4704737
4704755,1938572
1584757,598234
1584757,25288
1584757,211169
1584757,45687
2597567,610412
2597567,30769
2597567,418594
2487967,7900486
2487967,5044222
2487967,6841952
2487967,7761041
715967,35987
715967,1068579
715967,144649
2111186,4665149
2111186,263603
536793,40415
536793,194582
536793,69009
536793,47344
536793,283710
2823194,147875
2823194,1670239
2823194,473331
2823194,838875
2823194,89068
888015,8926673
888015,892620
888015,121335
888015,8770017
1025619,9018460
1025619,1025628
3905642,3905667
3905642,9985689
3905642,8890288
3905642,8947507
3905642,9985676
3334456,4456501
3334456,8767354
3334456,2702152
3334456,445112
1305656,487180
1305656,853913
1305656,1305344
27276,572000
27276,3273139
27276,40432
27276,8868540
1064130,8418807
1064130,7527064
2894530,4943396
2894530,4943401
2894530,13950
379368,1829412
379368,9296413
379368,125966
379368,231160
681779,3036053
681779,5542382
681779,194943
681779,7125257
3291383,2669605
3291383,8898488
1910615,79936
1910615,4212171
259424,90259
259424,2632164
259424,84540
259424,1202464
259424,1339787
963424,7606599
963424,963488
963424,814303
963424,90259
963424,726138
1062628,491153
1062628,8809340
1062628,1062782
118629,2422831
118629,1796299
118629,2417825
5993851,7666828
5993851,3016099
5993851,4169888
5993851,7659448
27477,34665
27477,300979
27477,90259
27477,1663298
2473877,1764725
2473877,7207858
2473877,1210805
2473877,2894879
4217890,38436
4217890,203356
4217890,1956057
568303,715967
568303,9036478
568303,1068485
387517,2263894
387517,195167
387517,1383090
387517,1087255
5501125,3117289
5501125,4151173
1166736,3341859
1166736,8270848
1166736,8271257
4683545,681670
4683545,3390317
4683545,567932
4963545,8773835
4963545,531580
30769,4123512
30769,1049548
30769,1122687
30769,10087509
645170,10380798
645170,1463261
645170,5495605
1721970,2325187
1721970,1293440
387570,9030442
387570,5349886
387570,768884
387570,251943
3110797,90259
3110797,29424
3110797,706345
3110797,8762941
7958824,8107764
7958824,5359240
7958824,6200335
7958824,1675702
7958824,7788646
7958824,4831928
1221224,40432
1221224,3116346
1221224,8545383
1221224,54447
2787641,7690870
2787641,7792016
2787641,9101697
2787641,3885844
2787641,7635174
120441,3923424
120441,29599
120441,4224902
120441,600818
3917249,3594891
3917249,4318190
3917249,7062606
2086863,2386539
2086863,2400934
2086863,2342920
6701271,17774
6701271,8765041
6701271,11051644
6701271,8490599
5808488,1532590
5808488,2455514
5808488,1509100
7550888,1735242
7550888,185863
7550888,6794350
7550888,4659515
7550888,3334476
7550888,9240059
34101,2783978
34101,88990
34101,2520249
34101,5813887
2888510,8423973
2888510,8423992
2888510,8423975
2342920,3490770
2342920,2391926
2342920,1029887
2342920,1017022
1770127,195167
1770127,3384764
1770127,619479
1770127,655204
2274127,8763510
2274127,20256
2274127,90259
2274127,5993506
2938127,2105455
2938127,2702152
2938127,4026787
2938127,4026333
1574932,1781693
1574932,9686892
1574932,801732
1574932,4156560
114134,2434541
114134,568842
114134,9144658
114134,2152716
387743,26085
387743,694931
387743,29564
387743,541496
8107764,7671508
8107764,2558442
8107764,7222185
8107764,7923547
154170,89068
154170,153798
154170,534
387773,9350243
387773,8862406
387773,90259
3759016,946742
3759016,8942126
3759016,7090990
3759016,10878734
287039,61392
287039,3517758
287039,90259
496655,90259
496655,12057
496655,8764922
946325,7468666
946325,9838834
1592725,1593005
1592725,2430171
1592725,16216
151130,9572137
151130,2147357
151130,1344214
151130,8143754
853530,2467560
853530,1067211
853530,3146637
853530,2077924
853530,8764421
152730,730619
152730,55663
152730,1371330
152730,9273541
152730,6783811
451933,727771
451933,90259
451933,1516643
1515936,495394
1515936,194943
1515936,1516475
1515936,1629452
650358,1833076
650358,29862
650358,6185994
650358,8765658
1056763,929605
1056763,8781172
1056763,116294
1056763,9107687
192773,140385
192773,4042323
192773,192601
1751240,121335
1751240,1985864
1751240,20432
1575240,8763201
1575240,90259
1575240,79117
738441,90259
738441,2341
738441,1709765
732049,8779491
732049,8802987
732049,1639024
732049,8780941
1888853,8765658
1888853,946742
1888853,8765317
1888853,8778928
1026453,633216
1026453,6824078
1026453,1159761
984853,8780941
984853,8948795
984853,1333751
984853,9092857
386457,9950148
386457,3572483
386457,8905573
386457,2430171
245669,8735772
245669,9018325
684100,2650316
684100,6929300
684100,140385
85716,8786121
85716,198990
85716,8858756
444123,6565450
444123,444485
444123,1755442
444123,3919009
1167329,2093232
1167329,1329059
1167329,402840
1167329,6737628
375352,904317
375352,26085
375352,187306
375352,1835814
375352,193998
2464968,8767492
2464968,3905667
2464968,946742
152970,52828
152970,8765317
152970,426605
152970,1835814
152970,617213
6530576,1764633
1210607,39365
1210607,8949072
1210607,2894691
1210607,2828220
5513017,7986990
5513017,7642095
5513017,4330226
5513017,7893764
5513017,3285948
63418,59913
63418,8766797
63418,2426143
63418,376913
63418,90259
401018,380011
401018,2815506
401018,67165
401018,1083882
36226,3358643
36226,3356170
269842,1502641
269842,53767
269842,46805
269842,1087255
269842,5475141
825066,7209805
825066,2187976
825066,9018150
825066,9099906
1007470,1700607
76278,919628
201078,1196285
201078,8780389
201078,1835814
7141880,8804322
7141880,5995662
7141880,2394688
7141880,5513016
7141880,7676872
657080,657135
657080,140385
657080,7174002
657080,657150
3479541,9908726
3479541,8770978
3479541,9881964
1981941,8763387
1981941,106792
1981941,2396031
1981941,670750
1474743,3207721
1474743,1431140
1474743,3212765
1781943,4686643
1781943,53767
1781943,5724647
1781943,195167
23543,90259
23543,3306377
23543,28526
3362753,1905831
3362753,5903650
3362753,9986633
3362753,8767492
3362753,3908774
725954,3288858
397967,5453457
397967,1348418
15574,16466
15574,16216
15574,16794
15574,16383
1332383,2274211
1332383,391471
1332383,13950
1332383,4703187
1332383,4802897
55586,3151580
55586,610753
55586,1981905
17186,2845731
17186,2142087
17186,560382
17186,560452
3314796,4505657
3314796,185365
3314796,99625
447620,54447
447620,101856
447620,59913
447620,2968083
447620,39365
441220,99625
441220,15767
441220,4279462
441220,16216
441220,71968
233221,54576
233221,697507
233221,194024
233221,85622
113238,9714826
113238,2953880
113238,403612
113238,101856
113238,2953959
1124438,8764421
1124438,90259
62051,16216
62051,3140360
62051,402826
3071686,1755442
3071686,572000
3071686,195167
711697,9683160
711697,3199425
711697,90259
711697,4042323
2777297,525649
2042905,1417258
2042905,26849
2292506,122177
2292506,287349
2292506,1494022
2292506,1629776
1263747,2702152
1263747,240931
1263747,1322250
1263747,8765317
1263747,3234822
60547,387987
60547,989386
60547,25953
60547,245805
60547,1974832
1057366,39365
1057366,4042323
1057366,8829791
855777,2047622
855777,9628175
855777,407326
855777,1571236
1532601,7780211
1532601,2465603
1532601,2212974
1532601,6875478
1532601,10253547
1532601,1543252
5809403,1660317
5809403,2151100
5809403,7101464
5809403,3091763
406221,245345
406221,11929
406221,54576
393428,8834425
393428,10299358
3903862,4207912
3903862,5391274
3903862,8776187
1724665,1723064
1724665,1636601
6582265,8908923
6582265,8780198
6582265,1329131
867076,116294
867076,8923313
867076,8765658
867076,8767492
2537497,52828
2537497,1094253
2537497,5592592
2537497,2537508
6899106,8769540
6899106,3142387
6899106,8764922
6899106,620759
191906,585004
191906,1730356
191906,8770973
191906,192199
191906,1835814
1849509,455190
1849509,195167
1849509,655415
20754,2137432
20754,90259
20754,1377223
1859156,8767492
1859156,4130167
1854364,601068
1854364,621297
1854364,1140487
387179,256496
387179,1012989
387179,9381365
387179,2559204
54422,36284
54422,53229
3145684,34974
8467284,6898426
8467284,9576992
8467284,6502929
8467284,4446801
8467284,10593038
1347286,2963350
1347286,2963333
1347286,2963312
1347286,9717585
1347286,375673
2985706,117730
2985706,938259
7606599,53932
192199,909116
4339413,5914783
4339413,4176848
61075,654945
61075,71968
61075,932470
61075,668234
1725075,3310179
1725075,7496
1725075,1864392
1725075,534
7677090,7647017
7677090,7226559
7677090,457856
7677090,7248821
1488340,234046
1488340,847318
1488340,7496
1910751,700058
1910751,39795
1910751,5994113
7043572,89068
7043572,4955979
531580,16252
531580,530647
3475592,3475461
4861192,4700105
4861192,226967
1360413,262890
2099642,1064492
2099642,424531
2707688,1119807
2131688,2131679
2131688,1114610
1146121,39007
1146121,26690
1146121,45039
3395808,2768051
2813440,1624934
794248,794062
167048,740554
167048,148737
5408655,622760
5408655,744302
5408655,86612
1088700,3204407
1088700,627824
1088700,481668
3283918,39515
381518,3441
381518,44057
381518,386108
8055126,2893062
7677526,7647017
7677526,8000160
7677526,7214759
912771,52828
912771,617015
912771,90259
912771,970503
4672771,10001
35981,4757857
35981,2271912
35981,9142420
1322407,1234454
1322407,5972459
1322407,13950
1322407,6743006
3517609,196861
3517609,658777
525649,2777297
525649,90259
525649,1368400
2205649,113385
4631308,6537029
4631308,8596246
4631308,1769451
8298527,744986
1533744,1351324
1533744,1521306
1533744,1455664
1533744,129097
1533744,1463261
3517758,9164
189810,1367868
189810,376913
189810,693790
189810,186623
189810,692380
189810,98209
7453832,743338
282644,4120212
282644,423512
282644,282629
282644,547005
3885844,284688
3885844,25659
3885844,47350
5063490,5063486
5063490,263339
7121117,6852488
7121117,2474484
3140360,62051
5031563,5031526
743584,743465
743584,2236659
743584,1199056
7501994,3123341
1348418,397967
4113262,4113281
4113262,4109139
4113262,4112135
5962876,3040871
1985324,4105625
1985324,534
1985324,148877
1985324,86757
4692531,91789
4692531,71863
4692531,3417
4692531,604602
186931,550093
186931,186623
186931,780374
529385,2928850
529385,149641
1905405,1905312
4955020,71143
1838256,864698
1838256,488540
2263894,47344
2263894,76652
2263894,3402
2263894,194943
1643110,1343756
1643110,648905
1643110,8400206
1643110,648896
4455910,4122807
4455910,5501244
417510,34194
417510,645019
417510,177246
417510,1753610
5518330,133172
8423975,2888510
776008,1783557
776008,1706368
776008,7637
670413,78539
670413,262452
251233,6746950
251233,624788
251233,494804
251233,250987
46433,269788
46433,4021231
46433,510564
46433,262837
299233,127565
299233,418594
1192048,262452
1192048,1706368
1192048,670438
1531321,151456
1531321,72537
1531321,185669
2440144,35806
2440144,1131747
8120181,4330274
113827,195167
113827,69009
113827,16013
113827,24146
113827,654945
2520249,335082
2520249,34614
2520249,2457982
699452,1936110
699452,6841952
699452,451909
699452,696776
699452,560213
3093052,3093207
3093052,4007675
3093052,10202179
3093052,1023204
1186081,1186070
1186081,885254
1970088,575584
1970088,410513
1570092,697477
1570092,45687
1570092,2339
1570092,1965141
1675702,1513133
1675702,8107764
1675702,7923547
5938125,5914783
2130130,1097292
2130130,196861
2130130,96142
923773,697530
923773,94955
923773,2723473
2510991,54447
2510991,3212598
2510991,8791443
952599,69009
952599,18154
952599,153379
952599,119478
3416611,3416241
3416611,3415341
3416611,3415031
4133446,2339
4133446,256955
4133446,264408
4133446,213358
959046,1538783
959046,149505
53470,2826422
53470,3269496
53470,53229
53470,570907
53470,185828
1083882,5603399
1083882,401018
1083882,551023
53550,53229
53550,6491
53550,194582
53550,149897
53550,2377291
869564,52828
869564,55480
869564,8765288
869564,8765317
2079171,5470592
2079171,1663405
2079171,5421029
389571,1163614
389571,232214
7816773,5987897
7816773,5987964
2088806,363565
780049,175731
780049,8785974
780049,637636
5007271,1133116
5007271,5799167
4047345,3358496
4876159,4876126
1637794,1122930
1593005,1592725
1593005,4377003
748233,152875
748233,534
748233,45484
748233,869163
2393066,295241
7141866,11102481
7141866,7893764
1122687,81868
1122687,2516
1122687,1280118
1122687,550093
1122687,688798
1029887,1029653
1029887,2386539
2069920,7496
2069920,5552504
2069920,1381086
3116324,12801
1298770,7496
1298770,241513
1298770,3402
1298770,194943
6559580,3403
6559580,8528
6559580,1205244
6559580,2960346
6559580,134618
962786,1210805
962786,8766797
5334017,4451305
5334017,5333940
3234822,89068
3234822,40415
3234822,44057
3234822,504473
182059,195167
182059,43835
182059,1336817
182059,165134
182059,4684286
12459,7177310
12459,2311413
12459,217894
12459,2310223
4671674,618837
4671674,10001
1369331,444250
1369331,7051
1369331,32405
950146,7954573
950146,8817944
950146,8985428
4930989,3428400
4195035,5362909
4195035,46643
4195035,25659
4195035,456022
108646,694931
108646,107301
108646,424531
108646,424140
108646,23803
108646,1050186
7468666,1209913
1750277,1750197
1750277,4082263
1750277,5662790
7587082,2496105
2633496,188764
2633496,423728
428752,1290964
428752,2441411
428752,654945
428752,69009
428752,262890
428752,1508954
