1525940,72537
1525940,7496
1203295,571823
186623,90259
186623,1835814
186623,426605
571823,8783337
571823,217784
571823,8783607
571823,113956
571823,289807
152143,8766797
152143,8767688
152143,198990
152143,4255044
152143,1835814
1835814,427594
2991114,117730
2991114,5947543
2991114,510230
376500,1042808
376500,39365
376500,90259
6640,195167
6640,429236
6640,13950
63680,2018550
63680,59913
63680,718880
63680,90259
63680,1546239
718460,426605
718460,31818
718460,101856
2113802,106805
2113802,1848189
215102,9671920
215102,198990
215102,2104046
215102,90259
215102,1210502
427702,2175663
427702,90259
149182,694931
149182,165134
149182,426605
149182,90259
149182,59913
3402,6565450
3402,2831267
3402,2363940
3402,2238339
385294,1031474
385294,3245485
385294,1518987
565734,626842
565734,629944
565734,195167
534,2831267
534,185365
534,10781036
427594,1835814
427594,115150
598234,8766797
598234,4040675
598234,212758
202580,4114793
202580,284688
202580,287508
202580,1054578
262160,262123
262160,155305
262160,2456976
2342680,598234
2342680,8694062
2342680,186361
903880,66333
903880,2516892
903880,96853
4688780,561727
2363940,119478
2363940,54476
2363940,43129
3032222,207889
1210502,215102
1210502,79647
1210502,2339
1535562,1535373
2086082,599762
2086082,258845
2086082,49908
2086082,4018
6043642,5994113
33902,122557
33902,1125328
33902,119446
33902,34050
626842,69009
626842,565734
626842,3402
420682,53282
420682,4838997
420682,613245
420682,4450393
420682,787281
4043402,5987848
4043402,4124469
4043402,1980728
4043402,1191839
158814,643481
158814,551768
1031474,262890
1031474,385285
233734,8079
233734,39146
15874,194024
15874,231466
15874,69554
15874,22861
1015734,4018
1015734,3485092
1015734,645049
1015734,416161
1015734,3999074
717814,1124800
717814,451909
717814,387021
495394,92173
495394,69009
495394,76652
495394,294603
626654,1311341
626654,69009
626654,269788
1124800,8822466
1124800,8766797
1124800,698910
4208980,3430437
4208980,10063813
4208980,10063822
4208980,8465024
5710400,4938940
5710400,10463192
5710400,9432474
2811600,2416305
2811600,1287813
2811600,4860062
2811600,429236
695480,1835814
695480,916390
695480,90259
1443960,1083225
1443960,620759
1443960,3332872
1443960,29473
63060,90259
63060,714181
63060,9826049
63060,76233
63060,198990
3020900,9894370
3020900,1332703
3020900,4408385
3020900,9562346
4680740,10287068
4680740,7817633
4680740,4042323
4680740,2341
114740,114812
114740,1207159
114740,114747
114740,115150
1202400,9561100
1202400,1929777
1202400,8763510
1202400,1186675
2457982,11104759
2457982,3030619
2457982,11104744
122442,94703
122442,671304
53282,194943
53282,420682
53282,269788
53282,18154
456022,53767
456022,1353273
456022,1087255
2095362,8820670
2095362,1493801
2095362,2889279
2095362,1050108
599762,3384754
599762,2086082
599762,6535297
599762,2321219
823842,90259
823842,8763510
823842,5993506
823842,8764421
93442,8765658
93442,402577
93442,93503
597042,597074
597042,9642993
597042,870914
8694062,7579170
8694062,1900049
8694062,11271694
8694062,8694126
5988442,4013547
5988442,293745
5988442,5951741
5988442,10571747
619142,6563651
619142,6565450
619142,1502641
62402,113159
62402,3782763
62402,9417907
62402,28337
512102,8769533
512102,4624742
512102,982057
512102,3492939
5716314,2341
5716314,1329059
5716314,10735333
165134,1690045
165134,5469
18154,32571
18154,6565450
18154,42890
18154,4186764
383874,671304
383874,8969713
383874,3896241
383874,90259
721034,3031971
721034,510338
101374,718880
101374,52828
101374,1828282
101374,714181
14714,4073017
14714,119067
14714,3282756
4020974,7803791
4020974,7803783
605754,546058
605754,1493801
605754,90259
45614,1178826
45614,12928
45614,1477408
1293434,32571
1293434,53767
1677554,223328
1677554,1081876
1677554,4009173
1677554,119067
69554,665992
69554,90259
232214,90259
232214,8766797
232214,1721384
232214,184594
402574,2883751
402574,223817
402574,68990
402574,19254
402574,9692533
423994,52828
423994,59913
423994,90259
423994,8888781
33214,2107276
33214,9698768
33214,121335
4518160,558519
641420,1636601
641420,7790603
641420,2339
641420,455843
1420300,3167807
1420300,3952658
1420300,4077631
1420300,152139
1420300,53468
2996020,534
2996020,238898
2996020,7496
2529660,429226
2529660,47344
2529660,72413
2529660,1349110
2529660,2441411
13120,165134
13120,695946
13120,43129
3209340,4566019
3209340,8765658
3209340,3908820
3209340,4256448
77960,1421570
77960,132088
77960,129466
1368400,262452
1368400,4339
1368400,556177
1368400,2529241
1368400,2484481
18020,3621159
18020,6231
18020,2421674
18020,3922383
18020,3595597
1161400,4397773
1161400,4078169
4680580,71555
4680580,4680461
56880,195167
56880,1013598
53060,3417
53060,1769451
4020700,4014648
4020700,7790603
2430100,1019187
718880,508113
718880,1545509
718880,1445619
718880,451939
2151100,54576
2151100,4629589
2151100,2339
2151100,18097
2151100,4391933
2614460,447806
2614460,487556
2614460,7101682
2614460,18732
2614460,823415
1747780,3365711
1747780,2056174
1207660,185669
1207660,2764532
1207660,830213
1207660,490206
6257400,5994113
13520,145013
13520,195167
13520,513590
13520,295379
134980,2120043
134980,2668449
134980,5459705
134980,64435
710740,534
710740,120050
1623900,1783557
1623900,4142552
1623900,4011620
1623900,119446
4684680,4410745
4684680,4583
4684680,284687
492100,984752
492100,19836
492100,54603
492100,689994
4690380,47344
4690380,119478
4690380,493682
4690380,217798
4690380,32405
259620,654945
259620,194943
259620,71968
259620,3387521
1187720,1187020
1187720,282606
1187720,1188748
240480,78834
240480,131882
1615880,705211
1615880,190177
1615880,20305
1615880,285421
1615880,411343
4938940,37168
1034640,7051
1034640,1033095
45642,45687
45642,45602
45642,240115
45642,45690
45642,1033013
1755442,654945
1755442,551768
1755442,3387521
1755442,2170796
1624602,19836
1624602,185828
1382622,194943
1382622,69009
1382622,47344
4860062,2811600
4860062,2441411
4860062,18154
4860062,47344
4860062,226967
2207942,645049
1188322,1187020
1188322,117112
1314582,1292980
1314582,39895
1314582,1156508
1314582,2713410
1314582,32405
1328902,92173
1328902,1369086
1328902,4025874
1328902,604717
4624742,292862
3029662,3417830
3029662,207889
3029662,4631469
765982,1881527
765982,941257
765982,64435
765982,752652
1828282,101374
2647242,5586401
2647242,3402
2647242,376971
5401342,715610
412462,81092
412462,7496
412462,78539
412462,45975
4502042,1168089
4502042,8079
1071982,4018
1071982,3887
1071982,1815835
1494022,52828
1494022,4875227
1494022,1493372
1494022,986824
2349142,930412
2349142,636028
155474,144708
155474,3116438
155474,148737
155474,155016
984734,689994
984734,984752
79914,242642
79914,386249
2766394,253507
870914,597042
870914,797152
870914,1202951
870914,22216
2607994,3493
2607994,418636
2607994,2311
2607994,1693
184594,148737
7634334,5982524
7634334,589923
7634334,2280648
7634334,249489
7634334,8842612
7883134,66450
116294,600137
116294,195167
33234,575849
33234,639496
33234,194024
3384754,16013
3384754,69009
414354,2764636
414354,606646
414354,4406805
414354,71356
597074,596537
597074,41001
597074,40883
5990454,5988442
113620,925418
113620,1639024
113620,8768921
113620,653771
136660,1348116
136660,626265
136660,253506
136660,19836
136660,482154
136660,13616
648560,1495337
648560,483793
4011620,54031
4011620,10032162
4011620,4011665
8357660,8754404
8357660,8754418
8357660,9861418
22820,207120
22820,68990
22820,671304
424140,198990
424140,224780
424140,90259
1517280,2359091
1517280,5951741
27040,243018
27040,59913
27040,377931
292220,6923406
292220,4042323
292220,13950
292220,293416
6929300,4078409
2169240,9840155
2169240,10388423
2169240,3387261
2169240,8439459
706120,81292
706120,12928
706120,9142420
1264700,128830
1264700,1829866
346560,317596
346560,2702152
346560,8767493
2751720,3373495
2751720,1019629
2751720,3432083
2751720,215690
1496540,56880
1496540,401393
1496540,8765712
1496540,921920
432660,2290584
432660,1502641
432660,185365
432660,53767
641600,8785974
641600,780713
641600,9048628
641600,780325
52800,266546
52800,9579196
52800,8765658
52800,53060
42900,4009390
42900,66732
42900,269788
1187020,18178
1187020,1187720
1187020,229605
1187020,1188599
7115220,2311
7115220,132075
7115220,196453
2427400,4504932
2427400,9482012
2427400,5496727
175020,1631339
175020,66341
175020,263328
175020,580962
149322,3034908
149322,1485124
149322,5327613
149322,891006
45602,45642
45602,2702152
45602,1019812
131882,386077
131882,1559358
131882,242642
2672782,6893786
2672782,1508908
2672782,54447
2672782,9017521
37562,2831267
37562,1087255
37562,53767
176542,84486
176542,3991229
176542,13950
379322,571031
379322,90259
604602,1755442
604602,1502641
604602,4966222
604602,457715
604602,53767
1382722,111498
1382722,4329061
1382722,111415
335082,8785792
335082,95845
335082,3148262
335082,1835814
118422,7824601
118422,1861699
118422,661242
118422,2290584
3682,402826
3682,8607
3682,444485
3682,8766210
2184082,39365
2184082,9427146
2184082,4264216
2184082,8802987
7288522,7288576
7288522,3121580
7288522,1380796
15322,1042949
15322,3885905
15322,1590580
15322,1533925
15322,6532865
508342,9037923
508342,8778270
508342,8764421
248502,694931
255142,165134
255142,914319
292862,4192743
292862,595058
292862,53767
174982,595058
174982,13950
174982,1148622
444842,53767
444842,4192743
444842,1161997
444842,444485
6928022,7843576
6928022,8766491
6928022,6928025
408202,424140
408202,99117
408202,226278
408202,109299
408202,38993
46562,536868
46562,6833467
46562,8789176
46562,7756818
46562,195167
46562,7756644
117602,1332536
117602,655204
117602,13950
117602,7202490
3121262,11044352
3121262,8517377
3121262,7597575
195362,1087255
195362,2831267
195362,3384159
195362,1353273
242642,78834
242642,113358
242642,16013
3123402,1366920
3123402,13950
3123402,2062791
3123402,569359
644642,179976
644642,90259
644642,8947398
644642,148147
2432762,1351324
2432762,1288152
2432762,6814367
2432762,46590
1588922,39365
1588922,3144027
1588922,1329059
1588922,10731038
1588922,1329131
376822,6929300
376822,7239707
376822,8763510
376822,3153065
554842,3143225
554842,1522863
554842,90259
554842,1140586
554842,300626
554842,10177297
91742,2363940
91742,1926810
91742,1353273
91742,3919009
91742,2561177
1949834,128830
1949834,32571
290154,301794
290154,16216
290154,1908323
290154,13950
783394,9464775
783394,2894691
783394,788973
5765374,4372838
5765374,1657183
5765374,8768055
2421674,3086614
2421674,8774426
2421674,1835814
2421674,8766797
187754,90259
187754,8865381
187754,2131878
187754,2131968
211154,8766797
211154,8914447
211154,113159
211154,8826517
407894,192549
407894,140385
78834,9441990
78834,242642
452534,39365
452534,579209
452534,579450
1299214,9263611
1299214,1748216
1299214,569359
689994,8766782
689994,984483
689994,8811456
689994,984734
1112774,4073297
1112774,1071982
1112774,1516606
740554,8868686
740554,32182
740554,3153065
2940534,29299
2940534,29424
2940534,90259
237634,4009390
237634,66732
4171634,8897816
4171634,8800539
4171634,8820340
4171634,572129
113294,241559
113294,90259
113294,9164468
14754,7187033
14754,3165690
3948694,5380549
3948694,4233113
3948694,8764922
3948694,1764792
20194,62232
20194,115927
20194,1391561
4025874,9420948
4025874,4456501
4025874,4025342
2056174,4141072
2056174,4138861
2056174,4141036
2056174,4141147
374854,5458201
152334,5294514
152334,3094229
152334,1819721
429194,1353273
429194,11146867
429194,2831267
429194,444485
7626640,7623415
207120,421943
207120,14782
407940,654945
407940,195167
407940,3118536
661420,44442
661420,39365
661420,2137432
661420,946742
995560,1455821
995560,877902
221020,17389
221020,220668
221020,1559268
7576680,1205244
7287180,196816
7287180,4410137
7287180,4630388
922480,513878
922480,1031631
922480,1354332
1366920,1528439
1366920,5170617
1160220,132075
1160220,127522
1160220,4570346
1160220,1329165
1160220,645120
2244800,932104
2244800,8769533
2244800,8769370
951060,46115
951060,840773
951060,89068
951060,4158575
6907260,3221988
6907260,5884496
2199960,25288
2199960,692536
2445040,1540352
2445040,2346536
402840,239543
402840,5788360
402840,1329099
231160,379539
231160,403760
8232340,1202400
2125440,269788
2125440,16013
2125440,47344
2125440,195167
2125440,4114793
4015740,49908
4015740,5459705
4015740,3365711
1081440,2300528
1081440,25659
1081440,447606
1081440,16252
1081440,38436
4082580,4082263
1529180,3167807
1529180,72537
1529180,1122289
3121580,29281
3121580,7288522
2604660,740554
2604660,4867643
224780,424140
224780,198993
224780,376904
224780,644739
921920,1658269
921920,1496540
921920,661289
921920,152504
2082800,13100
2082800,46467
2082800,5322
2082800,97173
2082800,3065592
1768120,175020
1768120,59105
726940,4660261
726940,1349056
726940,1222721
726940,2635113
2044100,144649
2044100,550365
2044100,2043992
2044100,85785
1513600,18154
1513600,92173
1513600,195167
145760,2169409
145760,136897
145760,740554
5889080,97173
5889080,1074072
218640,245255
218640,1445619
218640,99955
218640,16890
3505900,3402
3505900,2339
3505900,16013
1419100,5481931
1419100,2476620
1419100,4119139
1419100,2384619
5476600,451148
5476600,230447
5476600,33391
5476600,3887
201880,14423
201880,2474484
201880,226967
3204820,739758
3204820,1450
4979900,1818004
4979900,470698
881402,14565
881402,645019
881402,590668
580962,253327
580962,175020
4526962,43558
5725342,2342701
2393882,182986
2393882,234702
2393882,696289
683442,1450
683442,72537
4263942,385294
4263942,15728
3237222,456022
3237222,195167
3237222,269788
1239762,535351
661242,2997194
661242,4025874
661242,47164
661242,3402
5889402,1879027
1143362,565734
1143362,24963
1567342,255432
1567342,21357
1567342,1528821
5479602,1290997
5479602,429236
5479602,2117046
5479602,195167
2322,8739638
2322,11094354
2322,11094581
2322,2779003
2322,92173
722922,616620
722922,3402
722922,161349
722922,46232
722922,142664
1720842,383886
1720842,639413
4724962,635810
4724962,1424
4724962,447791
946742,946311
946742,4133508
7187482,1629776
4510642,1178906
202442,505475
202442,913203
202442,53983
563302,78684
563302,14737
563302,1535077
32182,641757
32182,534
32182,740554
32182,1873929
972762,113620
972762,495817
972762,933615
972762,17389
646502,92173
646502,71968
646502,195167
646502,194943
6057322,5994113
3148262,335082
1084442,963056
1084442,2103552
1084442,917430
1926782,984233
1926782,6688
1926782,1148993
3430562,3430485
3430562,3404555
3430562,672712
3430562,3404953
29862,1084289
29862,858885
29862,388618
29862,90603
29862,3199230
29862,255601
185642,2668449
185642,148737
1735242,2136
1735242,120076
1735242,213358
1735242,1843759
227522,16013
227522,630439
227522,113261
227522,78834
3916502,3190431
3916502,1392572
8149922,8121005
110402,127900
110402,735857
110402,401959
1190102,670438
1190102,2202302
4722042,1818004
4722042,1541072
4722042,374734
1148622,16013
1148622,421648
1148622,43835
1148622,455843
6811322,6702027
6811322,6537463
2621362,2323
2621362,1208935
2621362,2803213
2885182,12486
2885182,216044
13162,69009
13162,456022
119082,213358
119082,121193
119082,2339
3913782,1881527
5806062,3229011
5806062,8079
4966222,932733
4966222,604602
3590454,238898
3117514,738930
3117514,14427
1173374,12928
1173374,921142
1173374,90259
3359034,3359019
3359034,2136
3359034,119446
3359034,7790603
1218854,974660
1218854,2747169
3396894,37168
3396894,3996305
3396894,13100
2963814,710890
2963814,70414
2963814,63624
3386394,17389
3386394,217798
3386394,292862
3386394,796663
3386394,397157
3386394,241998
3386394,411210
134894,888042
134894,150050
134894,195167
1737354,14176
1737354,1737335
1737354,385294
130434,8949627
130434,1421570
130434,386249
130434,87846
130434,90259
535754,1392566
535754,72709
535754,453966
535754,563276
452134,402689
452134,70936
452134,452126
1140374,6834610
1140374,473787
1140374,4160634
1140374,1148993
5294514,1349110
5294514,37562
5294514,152334
5294514,16252
1495514,71968
1495514,16013
1495514,195167
1495514,39365
4013874,4012070
4013874,4908817
4013874,2339
4013874,4121758
1222174,1119827
1222174,91102
218134,3151370
218134,828633
218134,2478949
218134,4023345
218134,3983837
5456814,374854
4065634,297831
4065634,4065419
4455674,4122807
4455674,4980447
152354,2333575
152354,568108
152354,13950
152354,4042323
152354,90259
217894,195167
5568714,481503
2560954,55124
2560954,3345359
2560954,70701
2560954,4018
2136494,1202951
301794,294603
301794,119446
2423294,2490475
2423294,626186
2423294,685643
3086614,2421674
8434234,1074072
536854,536811
536854,739758
3385034,681670
3385034,10918271
3385034,1485253
3385034,7375
1881474,97971
1881474,3117289
1881474,189465
1881474,3356265
2980894,1893300
2980894,262890
2980894,55511
2980894,5332031
70174,194943
70174,43835
70174,654945
70174,951427
1886554,4652
1886554,4120089
1886554,3290156
62154,62177
62154,2697731
62154,37497
62154,76652
62154,33099
593620,4838534
593620,1181272
593620,127932
593620,950051
644300,8765103
644300,90259
644300,384828
644300,8765658
616620,2077881
616620,163135
616620,722922
616620,4235676
4156620,4042879
4156620,9889839
4156620,2391926
4156620,8767493
4022920,4022988
4022920,10054704
4022920,1447264
583880,1070697
583880,654856
1720,581565
1720,32571
1720,1087255
985560,90259
985560,1276042
985560,113555
1188700,1187020
1188700,974686
1188700,117112
576780,39365
576780,1312219
576780,535771
83720,2443084
83720,35909
83720,18154
83720,15643
5907380,4694569
5907380,34484
5907380,5712885
5907380,1830188
5907380,5910117
6765140,6690427
6765140,7072236
6765140,5349926
1879920,5481523
1879920,1581278
1879920,3407072
2280460,1329059
2280460,3064296
2280460,1944145
2280460,1021700
937520,78834
937520,113358
937520,101820
1293440,195167
1293440,13950
1293440,185365
1293440,4042323
1293440,572000
5788360,16216
5788360,11203389
5788360,2821465
12760,140385
12760,125520
12760,651289
12760,1338343
186380,495394
186380,547247
186380,5331020
186380,429236
7493600,649649
7493600,5726014
7493600,4659515
7493600,96574
662920,95725
662920,90259
420180,121335
420180,4563918
420180,8808123
1380620,3348066
1380620,1379589
1380620,2637785
1380620,2686186
1874920,29424
1874920,90259
1874920,8762941
1874920,2963505
1874920,8763523
1874920,1415379
93060,93503
93060,68990
93060,1083225
1937200,5385
1937200,16216
1937200,3384764
2949800,113555
2949800,1735242
94160,520782
94160,1950828
23240,377931
23240,8434234
23240,3165690
58200,5893681
58200,1502641
58200,7950622
58200,301794
58200,1360413
4960,29564
4960,90259
4960,232905
4960,41429
4960,421560
403760,1872638
403760,106961
403760,4441874
403760,5612114
974660,3168277
974660,8765975
974660,5918
637220,3379298
637220,4086690
645120,694931
645120,8767688
645120,9068014
645120,1160165
645120,1835814
5044960,1828506
5044960,39365
5044960,1735242
1346940,1037356
1346940,1171291
1346940,5048960
122700,1187742
122700,7176643
122700,1958009
122700,90259
122700,8765658
622760,1071078
622760,4408385
622760,1419856
622760,1202051
622760,11205716
127900,110402
127900,1017195
127900,937548
127900,90259
49620,1880112
49620,6719957
49620,2773025
49620,628228
1193600,2151404
1193600,140385
1193600,562696
3236440,285319
3236440,9840950
3236440,3236468
3236440,9840932
101820,1629388
101820,7115220
101820,613859
3901520,39365
3901520,4799528
3901520,3593489
13100,2082800
13100,3400933
13100,13950
654580,90259
654580,3410084
654580,919628
1929220,8820995
1929220,7503454
1929220,1686498
1929220,275430
1929220,903440
4628280,2872312
4628280,6816538
4628280,1514863
4628280,2259740
4628280,2259751
783320,190511
783320,101856
783320,780325
783320,8785974
1893300,7420468
1893300,140385
1893300,2980894
1893300,1553196
2476620,9942972
2476620,7602866
2476620,11047621
54262,53767
54262,1208690
2246642,730992
2246642,53767
888042,8764421
888042,995849
888042,134894
1220602,8975279
1220602,2266143
1220602,8843454
1220602,2265543
116162,8941613
116162,722377
116162,714181
116162,714348
1174522,780305
1174522,383725
921142,631164
921142,53327
834562,77772
834562,1020432
286502,194943
286502,567830
286502,288616
286502,671304
4227082,9879567
4227082,10468965
4227082,4398140
4227082,3366338
4227082,549485
252262,2347600
252262,131212
252262,1706530
252262,1301284
8449942,6617768
8449942,52828
8449942,8449991
25442,5475141
25442,2363940
2885122,620759
2885122,3338704
2885122,195167
2885122,16216
3898402,6820914
3898402,1329059
3898402,6820807
5042922,8764922
5042922,8765526
5042922,395840
5042922,53092
873602,9609408
873602,8764421
873602,3239087
44442,1454862
44442,3387521
44442,194943
44442,654945
1162002,1481597
1162002,45614
1162002,849938
1162002,99117
501622,39365
501622,5993506
501622,20256
5988142,96661
5988142,620759
5988142,7597575
3222022,1329196
3222022,25953
3222022,8765317
3222022,90259
29462,569359
29462,2070981
28882,53767
28882,2561177
439142,10158561
439142,1641875
439142,4476623
210982,8822466
210982,8766797
210982,211133
118242,53767
118242,1502641
118242,730992
384662,467963
384662,412416
384662,242085
644982,8766797
644982,1835814
644982,8767688
5047442,71968
5047442,1735242
5047442,71858
2331922,243999
2331922,6540128
2331922,8783337
4848322,954075
4848322,422508
4848322,7735436
4848322,7735448
697622,1611762
697622,8765894
697622,1207159
697622,8774597
697622,8767246
14782,198990
14782,195167
14782,207120
1206622,2246662
1206622,1444387
1206622,733809
1206622,2894691
2202302,4007675
2202302,3428465
2202302,1190102
1563162,91295
1563162,90259
1563162,3365626
234702,1087255
234702,2831267
234702,6565450
234702,53767
3315042,5468223
3315042,4042323
3315042,3315073
2926902,9270119
2926902,2962506
2926902,121335
2926902,2961967
7627002,5522620
7627002,980307
7627002,239748
7627002,9272111
7627002,3420622
886322,3938617
886322,1217027
886322,3938485
886322,10008506
2767362,4212992
2767362,4686805
91102,1222174
91102,535771
91102,195899
91102,1222473
877902,9000960
877902,1061699
877902,8765658
877902,995207
3899482,598934
3899482,4685333
3899482,1610499
3899482,3407072
3405142,3405556
3405142,3405276
1562402,1765033
1562402,10434252
898282,1090073
898282,898080
127522,448429
127522,1160220
127522,8793438
45402,28337
45402,130235
45402,1631339
45402,90259
5322,233734
5322,1631339
5322,198990
5322,90259
913362,53767
913362,6609909
913362,4082580
4195942,6734436
4195942,1293434
4195942,4114793
4195942,25659
4195942,619088
1219522,404580
1219522,90259
1219522,1219538
1219522,32182
77034,77446
77034,77085
77034,77772
644394,2347821
644394,90259
644394,8766797
23234,10146983
23234,2268650
1671454,15889
1671454,32182
1671454,39365
1348154,8765288
1348154,67165
1348154,1348208
34194,7453971
34194,423407
34194,421166
210274,8766797
210274,1835814
210274,4659515
210274,2199960
210274,210289
1328494,569359
1328494,13950
1328494,9156981
1328494,1288152
954914,52828
954914,8774998
954914,2018550
954914,954955
954914,239726
2768094,1944481
2768094,1944475
2768094,9646162
169514,8765658
169514,8768921
169514,2595828
169514,925418
2400934,4445494
2400934,4444086
2400934,4444044
2400934,4446735
2400934,4444165
470394,3513089
470394,5993506
470394,90259
3407934,3408286
3407934,3408446
2997194,9877996
2997194,9878011
2997194,3315775
2997194,8814089
70414,4259300
70414,8764421
70414,10037034
1819594,1819721
1819594,1819910
1819594,3955247
2426894,628228
2426894,3348066
2426894,1292361
40474,429236
40474,673206
40474,2622425
40474,3435195
40474,16216
997214,4979720
997214,4042323
997214,6909717
997214,1355429
3365634,2477570
3365634,4666136
1084494,4570613
1084494,67223
1084494,90259
1084494,101856
1084494,67165
1104134,20256
1104134,8767492
1104134,3997972
1104134,653771
522834,768884
522834,1206663
522834,2693194
522834,8987861
188414,921142
188414,1493801
188414,90259
578174,1290555
578174,5331020
578174,8592925
578174,1329059
578174,9597316
851454,2510038
851454,16466
851454,195167
23074,1019090
23074,241559
23074,2674501
2253874,8765658
2253874,1208986
2253874,395823
398134,69009
398134,1202547
398134,208149
398134,20516
41894,1393386
41894,41646
1951014,2136
1951014,622760
1951014,6834610
1951014,550123
1951014,3402
4160634,222184
4160634,2151100
4160634,9075929
1336634,1140487
1336634,1342749
1336634,914319
146694,90259
146694,727943
146694,549806
146694,1835814
102914,90323
102914,101814
102914,571031
102914,102972
23614,68990
23614,90259
23614,589894
23614,444485
23614,1744636
23614,24791
1518994,1329059
1518994,39365
1518994,9576300
1518994,2265952
1499774,194943
1499774,4222410
1499774,2648294
374734,4803789
374734,81338
374734,4722042
374734,653771
415274,126398
415274,90259
415274,2963505
415274,8766797
1700200,613812
116000,2439808
116000,554844
116000,451939
1239600,1919628
1239600,1850197
2767000,16431
2767000,17389
2767000,4527081
2767000,7496
507200,5993506
507200,90259
507200,8802987
202200,3274540
202200,1489506
202200,402267
202200,684550
5424600,5421029
26409,2114883
26409,2001213
26409,904317
4421409,4421365
4421409,2297
733809,695997
733809,2130974
733809,1668761
733809,697460
8296609,676115
8296609,654945
527009,527036
527009,8782081
527009,4007675
527009,18020
2095009,1054607
2095009,255093
2095009,590658
2095009,254929
409,2831267
409,1926810
409,2363940
1022209,654945
1022209,47344
1022209,269788
4696009,39365
4696009,8765658
3329409,38436
3329409,259989
3329409,3335515
189610,23074
189610,186623
2900010,411343
2900010,4046390
4129010,1784481
2171811,641757
2171811,3441
380011,424531
380011,376822
380011,154714
380011,400506
2762811,5728864
2762811,2762689
298611,297447
6783811,1450
3503411,604717
3503411,3315078
3503411,6834610
3503411,1369086
3503411,3503447
4323611,16013
412416,384662
412416,684550
412416,241768
412416,846602
433016,195167
433016,654945
433016,16013
4065616,297831
4065616,4065419
4281016,1162675
4281016,8657299
4281016,513660
4693216,3396483
3005416,2169527
3005416,7482013
581616,33214
581616,15656
581616,1147472
581616,288368
558816,1208557
558816,684492
558816,7051
558816,5737970
558816,3417
3938617,20455
3938617,886322
3404417,4382455
3404417,3404953
3404417,4387119
2866217,25659
2866217,1450
2866217,44064
2866217,1086276
2866217,269788
1314217,5799167
1314217,512176
1314217,63429
672617,667832
4193629,456022
4193629,3417
4193629,269788
4193629,262837
4193629,16013
448429,448283
536829,1663167
536829,536850
8245429,1202400
793029,3402
793029,1656168
417634,419833
417634,417761
94634,262123
94634,63680
1368834,116000
1368834,8773298
1368834,1329196
1368834,8766782
386234,4308371
386234,651415
386234,421648
386234,47164
2236834,69009
2236834,194900
2236834,269788
2236834,16013
2236834,7527781
1180034,729629
7834,444485
7834,7373
1378634,194943
1378634,149505
1378634,18154
1378634,3402
1055034,40821
565234,76652
565234,2842559
4421453,16325
4421453,4421365
1846453,572000
1846453,455190
1846453,3249732
1084453,7496
1084453,917430
903853,70704
903853,131443
71062,70701
71062,194821
71062,70850
1454862,10232148
1454862,2265511
1454862,44442
1454862,90259
1454862,9040287
1454862,3492685
1454862,5883157
48862,257769
48862,23297
48862,129379
48862,694931
48862,99075
1328462,25659
1328462,2339
1328462,121193
1328462,213358
302262,217659
31462,4176147
31462,160045
31462,743446
31462,869773
445062,2363940
445062,1353273
445062,6716367
445062,53767
445062,444485
5813865,365066
4963265,447806
4963265,4894126
4963265,6033100
578865,2647468
578865,9612806
3428465,4631469
3428465,3417830
3428465,4050075
1716265,1552153
1716265,3315078
1716265,1064493
1716265,18154
1716265,444225
1716265,1369086
2821465,18732
2821465,11539
2821465,25614
58465,955727
58465,3402
58465,117992
7420468,1893300
5983268,2441598
5983268,9397028
5983268,2001213
5983268,9009661
5983268,1735242
5952068,238793
5952068,2949592
5952068,2340
5952068,116621
999068,59105
999068,119446
999068,4209713
999068,573848
999068,1020842
9672,6640
9672,641757
9672,1443960
4474872,18154
4474872,1450
4474872,4018
7279272,111800
4864672,3404555
1181272,5799167
1181272,163040
6536672,545089
6536672,1097292
6536672,545199
6536672,1606224
2959474,419311
2959474,2960346
2959474,4404560
2959474,462753
2117874,985560
2117874,2167512
2117874,127305
2117874,905907
2117874,2236755
561474,76652
561474,1212468
561474,3402
561474,1106710
412674,918819
412674,187924
412674,23074
4441874,1382473
4441874,619395
4441874,1325873
1806481,195899
1806481,3064296
1806481,4042323
1806481,3166295
5146881,1349110
2077881,5187070
2077881,168657
2077881,616620
1944481,94160
1944481,2768094
1944481,188176
1687891,125141
1687891,3364
1687891,420756
1239491,25659
1239491,698030
1239491,3887
1239491,3402
1239491,1450
4695891,1162002
4695891,673206
4695891,3365793
4695891,3591009
734891,34762
734891,78869
734891,43468
1171291,5826993
1171291,13950
1171291,10524309
527692,424531
527692,8121005
2341692,2474484
2341692,1349110
2341692,176525
376892,376558
376892,376663
376892,645717
376892,385294
473692,197306
473692,658207
3935692,89068
3935692,3402
3935692,16201
3930092,56382
3930092,427771
550093,1835814
550093,32182
550093,694931
18893,192340
18893,18838
18893,148653
1590693,61486
36693,99117
36693,825378
36693,421315
3379295,2285953
4890095,4558751
4890095,3417
4890095,3402
4890095,663848
4890095,621804
642495,424878
642495,429226
642495,44057
642495,571038
735095,536850
735095,30908
735095,1663167
3166295,838899
91295,91255
91295,1563162
91295,4014648
119895,5994113
119895,119826
119895,45484
3491895,950702
3491895,932733
3491895,3402
1048295,1123658
1048295,427702
1048295,1927538
1048295,490422
1048295,53839
283296,282726
283296,5773
283296,554844
562696,696876
562696,407894
562696,700549
562696,705861
562696,562622
984296,5719657
984296,188646
984296,1892989
984296,534
2442896,5337436
2442896,5421029
2442896,5454607
2151907,2488033
2151907,8079
2151907,2151863
2151907,2151763
89307,22666
89307,112165
89307,135670
89307,3323232
451107,2347821
451107,6909717
1084311,116621
1084311,1084289
699111,1835814
699111,272737
699111,8783693
699111,4558530
109311,411343
109311,4050075
109311,107301
109311,5994113
109311,621649
127911,1785716
127911,2635003
127911,593620
127911,127761
7476311,1007092
113711,113528
113711,1158106
294511,53468
294511,15391
294511,16890
294511,283103
1297311,1279463
1297311,34819
4520111,4520081
1149111,376472
1149111,287784
4123512,2001501
4123512,604602
4123512,2339
729912,951899
729912,33391
729912,28984
729912,1068372
4065712,297831
4065712,4065419
2872312,4881840
2872312,31773
2872312,593781
1880112,4357495
1880112,6640
1880112,4179427
1880112,4681
1880112,4652
3440912,45484
1783912,4948075
1783912,2136
407326,536844
407326,407603
407326,11929
5349926,6765140
5349926,1192786
5349926,1323275
15926,125520
15926,937520
15926,241559
195926,195167
195926,3387521
195926,16013
195926,4503654
195926,654945
2391926,2391378
2391926,3594741
2391926,3595018
239726,1094636
239726,239643
239726,4023345
84726,5895993
84726,72537
84726,683912
84726,1608201
1785326,5988079
1785326,1785212
1785326,584373
28926,16890
28926,39895
28926,1340935
28926,7496
28926,1095888
239126,51985
239126,3174444
239126,116621
239126,8079
239126,239074
4174531,4174436
8403731,4018
937531,113261
937531,107438
937531,113350
937531,109396
7879531,4382455
1499339,195527
1499339,92173
1499339,3402
36739,36670
3386139,579450
4251339,85785
2907744,249342
2907744,3488239
2907744,451645
2907744,800481
1490744,1490267
1490744,1715498
6507544,203356
599144,739758
599144,536844
599144,693944
599144,19382
7419944,490564
7419944,2747169
7419944,1166430
7419944,60710
244944,76233
244944,8862406
244944,919854
244944,1868008
6718346,133331
6548546,154292
2108946,2767362
2108946,984233
2108946,3911247
40546,1191839
40546,107712
40546,70672
40546,150502
4866546,3316097
4798754,4724201
1680554,71968
1680554,47344
1680554,194943
2343554,481503
2343554,2343526
924554,94955
924554,704849
924554,3307591
924554,1223810
4212754,3900235
649354,4018
649354,667431
649354,79647
649354,72412
649354,682095
649354,619296
222754,195227
222754,3498174
222754,7072443
222754,129379
222754,179076
5044354,3390807
5044354,1735242
5044354,9903380
5044354,39365
1483160,979719
1483160,739758
1483160,4530083
1483160,4530621
1483160,2339
421560,1498689
421560,5658466
421560,253101
421560,90259
4157560,3492342
4157560,4684622
4157560,1349056
4157560,2702152
3309360,3307591
5048960,5048953
3349760,3349504
1774360,90259
1774360,15889
1774360,54031
4126760,10300224
4126760,9168127
4126760,4993046
4126760,1563532
3450560,45484
3450560,915460
3450560,264613
34761,1349110
34761,797152
34761,34819
34761,1021074
1292361,37213
1292361,16013
1292361,2426894
1292361,119478
37761,37716
37761,89068
285761,160617
285761,932733
285761,427564
1902369,85785
1902369,248429
1902369,85690
4694569,92173
4694569,292862
4694569,195167
4694569,7292441
1369969,129044
1369969,729716
1369969,4631469
1369969,129131
184569,2911502
184569,65980
184569,4124549
184569,72537
4057169,4050075
4057169,4343637
3315775,1380620
3315775,2997194
384975,195923
384975,194582
384975,26849
384975,536390
384975,1953513
8008175,3617029
12975,195167
12975,92173
12975,2997194
12975,69009
1958175,3381529
1958175,6633408
1958175,2185395
1958175,7251743
1958175,7261246
1958175,1847692
2951585,11142
2951585,5513035
2951585,3404635
2951585,97173
7105985,3402
7105985,25442
7105985,16270
7105985,3462752
6618385,6537029
6618385,18101
389985,129379
389985,402689
1208986,1208576
1208986,2339
1208986,28461
1208986,1964750
1393386,155895
1393386,41894
1393386,1394017
1393386,42900
4077986,984233
1328586,37865
1328586,3916951
1328586,515874
1668194,11997
1668194,898222
2693194,3926639
2693194,951231
8421394,2058398
8421394,6623784
61794,4164932
636805,1419682
636805,1419856
636805,1419771
636805,1419639
1823605,1690101
1823605,9292617
1823605,2702152
1823605,2137432
25605,1163198
25605,76233
25605,98447
1674005,1686227
1674005,1333037
1674005,1686498
1674005,116294
1674005,8764421
1636005,8767492
1636005,2477570
1636005,39365
686805,8767493
686805,53473
686805,2265615
686805,198990
99613,616620
7482013,8800539
7482013,10945956
7482013,3005416
6702027,20256
6702027,39365
6702027,7062589
6702027,1483160
38436,8364815
38436,626842
38436,10069338
38436,8313992
38436,10068273
4174436,39365
4174436,768884
629236,1351324
629236,185365
629236,5962030
629236,8594275
7292441,7293094
7292441,7293093
160045,160061
160045,31462
160045,8817281
3577245,1231647
3577245,2205099
3577245,10608144
451645,59913
451645,421529
2472449,1144250
2472449,6533084
621649,2998041
621649,9164753
621649,5473783
621649,6608422
621649,6609578
704849,8813954
704849,1835814
704849,52828
376849,708916
376849,260083
376849,205729
3646454,1982303
3646454,8781454
3646454,39365
700454,4007675
700454,8780004
700454,805888
700454,682464
700455,34630
700455,921385
91255,91263
91255,91295
91255,8799766
91255,90259
659655,13950
659655,3595386
20455,106278
20455,618733
20455,1289116
20455,1087255
1249658,4959487
1249658,8968097
1249658,3469367
1249658,735913
700058,90259
700058,1752337
700058,694931
196458,15767
196458,619137
196458,16216
379258,1064448
379258,9034872
379258,125966
379258,9034900
379258,1958009
34858,919628
34858,1301220
34858,221427
34858,1301284
5728864,5728915
5728864,5728910
5728864,2762811
1298079,986576
1298079,8937991
1298079,986824
5988079,7789987
5988079,8776240
5988079,5990454
2791679,2020415
2791679,4134344
2791679,39365
2791679,7953493
48885,642495
48885,198990
48885,81307
48885,8766797
48885,90259
3378486,2004952
3378486,1908323
3378486,4082580
4451297,787234
4451297,401121
4451297,9458560
4451297,101487
4451297,9854890
1516102,619479
1516102,5331020
1516102,2646424
1426102,556177
1426102,109015
1426102,17467
1426102,448013
2530502,5989083
2530502,401393
2530502,3378518
2530502,1556206
2530502,1553869
2530502,3145771
150502,90259
150502,645
870902,116294
870902,90259
870902,427294
870902,2240733
870902,8767492
697719,3043123
697719,90259
697719,198990
535719,6909717
535719,8576685
2921719,10263568
2921719,8783560
2921719,29862
2921719,4310031
34926,2142866
34926,34630
34926,239450
5659728,5991272
5659728,10037551
5659728,10461661
5659728,1331251
5659728,5659904
2437728,441521
2437728,1436848
2437728,1092011
1017728,1182113
1017728,8274621
7744,402826
7744,10777398
7744,6176543
4978944,9481516
4978944,8767492
4978944,4995892
1552153,4174784
1552153,916269
1552153,3473513
1552153,3432315
5048953,6583417
5048953,5048960
5048953,2888858
1388953,889135
1388953,240215
1388953,401603
5408953,1611762
5408953,1357521
125353,65367
125353,3145771
125353,13950
125353,258507
3404953,5371674
3404953,10394565
3404953,8773831
3404953,3404367
3404953,5499246
3404953,10394591
4141754,4152392
4141754,8780824
4141754,1020266
2173754,10470960
2173754,10470996
2173754,4022215
4135362,2115299
3305762,3449392
3305762,2648294
3305762,8646366
3305762,10900947
160565,8817649
122565,571031
122565,897036
122565,2333713
122565,430211
122565,1083961
827365,20256
827365,39365
827365,9656042
827365,2783978
6823765,1485253
3439374,1196879
3439374,5890996
3439374,4843736
3439374,1646842
3424574,8765658
187774,2111576
187774,101856
187774,9404477
2130974,20256
2130974,1463261
2692974,7496
2692974,694153
2692974,1693121
8301774,1985864
8301774,6690427
8301774,121335
19382,2958969
19382,8910317
19382,8820340
465782,1333550
465782,8421394
465782,10482485
465782,3994739
465782,8764421
839782,2595828
839782,9586343
839782,1307679
839782,481507
194582,1087255
194582,8337309
6535782,4124170
6535782,39365
6535782,6820914
241784,90259
241784,8815933
241784,1573443
559384,3333454
559384,3408863
559384,2504345
559384,53767
28984,198990
28984,1569739
28984,226494
2847786,485497
281386,9465045
281386,2279772
281386,215690
281386,8781172
3406586,3406573
195786,1680554
195786,1502641
195786,195167
195786,3384159
4674586,1972887
4674586,3173612
4674586,6915966
106587,6750245
106587,4799599
106587,113956
681787,6540014
681787,1329059
1297387,34819
4211794,3480088
4211794,3917036
245794,1236138
245794,388590
245794,90259
245794,1623565
4892194,23969
4892194,1161099
14597,113956
14597,125520
14597,919628
6825797,7091952
6825797,2306
6825797,1329059
6825797,569359
6825797,1628997
6825797,52828
1608201,713591
1608201,381349
1608201,8770017
1608201,382419
16201,2363940
16201,6565450
16201,1353273
16201,1087255
16201,2831267
4119801,10550944
4119801,45875
4119801,8789176
4119801,2151100
1788601,5518294
1788601,8970174
1788601,3034767
1788601,1123509
1788601,4687563
1788601,4011401
1158627,3067972
1158627,93503
1158627,992230
4179427,1880112
4179427,2065427
4179427,4983399
700227,9079712
700227,59913
700227,109743
700227,3508308
700227,9322101
4896630,72050
4896630,2066528
4896630,258507
4896630,200239
1332230,11252049
1332230,195899
1332230,16216
1332230,54447
1332230,7226558
85832,39919
85832,2789207
85832,90259
395832,1004932
395832,8681551
395832,9004972
113832,16216
113832,620759
7034,3439277
7034,185365
7034,53767
7034,1087255
7034,4082580
637034,291923
637034,72537
637034,637088
637034,637091
1619442,2053790
1619442,4953499
1619442,8899050
1619442,611228
16242,2831267
16242,2561177
16242,1353273
89442,9422899
89442,194943
89442,7375
89442,1706530
41842,106068
41842,1926355
41842,1178906
41842,41646
963047,1444372
963047,2825321
963047,8627265
963047,1686227
3503447,604717
3503447,1716265
3503447,3503411
3503447,3322424
3503447,1762824
3503447,3315073
5884647,5979597
5884647,3358958
3356247,11073055
3356247,7692754
3356247,11073062
3356247,11073049
449047,90259
449047,1894028
449047,201566
2838665,4212992
2838665,4042398
7748669,7735530
109871,214366
109871,109851
109871,5045904
109871,1277774
109871,412674
148671,8774244
1149873,1939438
1149873,8601000
1149873,1149062
1149873,6819644
1325873,20256
1325873,3145771
1325873,5043920
893073,282901
893073,59925
893073,290105
2762689,600818
2762689,90259
2762689,2762811
7435889,149455
7435889,8121005
1498689,1450
1498689,89068
1498689,32058
1498689,47344
1498689,25659
213490,2885261
213490,8779491
213490,34630
213490,418389
23492,1380624
23492,202580
23492,5522090
1051092,186348
1051092,400047
1051092,1087255
1051092,2831267
2297,444485
2297,6814246
2297,4324558
5967509,5967515
5967509,2702152
5967509,2060007
3369909,39365
3369909,9009955
3369909,4939558
151909,90259
151909,2043562
151909,768884
187918,8780824
187918,1835814
187918,3191303
187918,9819722
187918,8765975
1140718,1852557
1140718,1197738
1140718,269886
3922720,52828
3922720,8765041
2874320,374689
692328,2520351
692328,1807943
692328,1744636
692328,789486
692328,90259
71528,599750
71528,572945
71528,8850590
6636728,578886
6636728,3168226
6636728,11208989
6636728,7076724
4977928,9839728
4977928,4131316
4977928,4326307
4977928,621896
96328,3297547
96328,3366101
210729,6810742
210729,598365
210729,1208690
3360729,3426717
3360729,3360790
3360729,2702152
3360729,1027075
155929,5574011
155929,165134
155929,7744
155929,155850
1513133,1197961
1513133,6537029
1513133,5476397
1513133,1150007
1513133,11228556
1513133,8447659
129566,2236509
129566,12928
129566,9109127
501568,1668194
501568,3165690
501568,1161997
501568,3028240
903968,1098304
903968,1322
903968,90259
903968,128830
931968,5904549
931968,4130167
931968,195899
931968,931996
931968,4704755
552772,8767492
552772,239726
552772,8767493
685572,791006
685572,8765658
685572,10521309
685572,584226
685572,1836011
1068372,3415627
1068372,9410867
1068372,4792457
438372,1140718
438372,3417
438372,1558261
499574,8808018
499574,2920783
499574,8766690
79974,1706680
79974,10702871
79974,7401158
79974,1706530
3574,8765658
3574,245805
3574,1966395
3574,382536
484378,1178826
484378,8787316
1878778,3358643
1878778,892452
1878778,10847869
1341582,72537
56382,8320952
56382,53767
56382,1087255
56382,2363940
1515582,1593159
1515582,195167
1841587,1378773
1841587,41996
1841587,6319752
1841587,1438320
620791,3387261
620791,11160862
620791,54999
620791,8747316
6609991,1848189
6609991,1329059
576001,253327
576001,904813
576001,8376012
2092004,90259
2092004,617015
2092004,970503
2092004,2092034
2060007,293537
2835207,63680
2835207,21392
995207,645019
995207,877902
995207,2362785
368016,105897
368016,500936
368016,4018
1900844,1900818
1514446,7051
1514446,480245
1514446,2339
1333646,1333644
1333646,984853
1333646,4397906
5499246,16431
5499246,3404953
5499246,619437
5499246,5535657
5499246,128627
1234454,32405
1234454,46562
1234454,22631
5915278,5914783
6824078,289913
6824078,2344071
6824078,217659
6824078,241998
5496878,5988442
5496878,3407111
5496878,1517280
15278,1171137
15278,216037
15278,2395800
15278,68532
1975278,119446
1975278,89404
1975278,630439
1975278,3402
1975278,226967
1975278,121193
784083,784088
784083,1020167
784083,620719
784083,696517
6835283,6834610
6835283,1202400
6835283,2496105
260083,26849
260083,797152
260083,1906914
260083,376849
260083,211087
960891,870887
960891,769128
4136891,1436848
4136891,25659
4136891,195167
4136891,2135854
4136891,621804
4136891,619296
1964895,617187
1964895,1964865
54506,11539
54506,47743
54506,53229
7133706,3415409
7133706,5716132
7133706,1864381
2044915,1658693
2044915,3487
2044915,269842
5728915,5728864
67318,721793
67318,1766676
67318,1531292
67318,79394
67318,1766632
67318,477974
3378518,7327743
3378518,3314796
3378518,1706362
3378518,6612969
6838520,3034257
2263328,590658
2263328,1516333
2263328,58317
2263328,44620
2263328,534
1208128,455563
2066528,6893784
2066528,6533707
2066528,25938
2066528,8439256
937736,47164
937736,194943
937736,575849
937736,597042
937736,194024
2656136,704370
2656136,232303
1590536,121193
1590536,2339
1590536,6708223
1590536,1679538
2713743,1083403
3571345,28461
3571345,175020
3571345,2474484
572945,1312185
572945,1835316
572945,80356
4209745,4209713
3332955,4065419
3332955,3332934
3332955,297831
5408955,5408953
168160,727021
168160,148737
168160,235856
1222575,195167
1222575,43835
1222575,37213
1222575,16013
1222575,92826
5879375,1202400
5879375,3174444
5879375,1309655
8588175,1919409
8588175,6737803
3120975,10396888
3120975,8662455
3120975,655415
3138594,897992
4983399,4179427
3045014,534
3045014,1140555
3045014,53327
3045014,45687
3045014,1424
2317016,690220
154616,3006087
154616,9243636
154616,3165690
154616,658977
247416,235856
247416,1701441
247416,23268
1005016,395836
1005016,395832
4983420,4179427
86620,86505
86620,3049950
1432220,335082
1432220,88700
1432220,1381663
1432220,1436848
133839,1220926
133839,1386414
133839,101856
133839,198990
133841,908540
133841,198990
133841,52828
133841,90259
4881841,4881840
1767443,3482555
1767443,18154
1767443,78834
1767443,54889
46643,7529636
46643,53767
46643,402826
3289857,218509
3289857,4631469
3437864,8773831
3437864,8930205
3437864,8930200
3437864,4456501
4881864,594892
4881864,4881840
4881864,52498
7127464,2247400
7127464,3356265
1985864,1751240
951477,990842
951477,47164
951477,901605
951477,397839
951477,3010366
562677,562622
1474677,121335
1474677,924554
1706680,219293
1706680,244112
1706680,262048
5989083,5988442
5989083,2474484
401083,154714
401083,45687
401083,5988442
401083,60679
43500,194943
43500,71968
43500,2274127
7133900,5478982
7133900,292862
7133900,89404
5455509,2207107
5455509,8352555
1123509,2848344
1123509,1666140
1123509,4631469
1123509,1532601
2051514,245460
2051514,257769
2051514,470269
2051514,422493
2051514,32494
1289116,20455
1289116,653037
904317,375352
1982725,828633
1982725,5527172
1982725,3799615
8544325,128627
3592349,47164
3592349,1382473
3592349,654945
3592349,40415
3257150,1056763
3257150,167595
4713950,43129
1164359,697530
1164359,99955
1222759,4993566
1222759,1834169
1222759,537352
781159,121335
781159,8766797
781159,924554
781159,2963505
781159,1328462
1593159,1593113
1019559,45690
1019559,447427
1019559,695254
1019559,2439808
1643574,185669
1643574,2472449
1643574,267289
2244374,126621
2244374,4869155
1602774,1128756
2073974,167780
2073974,20826
441174,727904
441174,422654
441174,72537
881985,20256
881985,938333
881985,39365
1034799,1033095
1034799,715875
4799599,4799590
4669999,174968
4669999,2449843
4669999,1349110
4669999,2206741
2344399,1513133
2344399,1516333
2344399,682095
678809,626265
678809,14737
678809,13616
678809,398124
8402018,6601524
8402018,595249
8402018,6623784
7795618,7790603
1690026,165134
1690026,1166424
1215639,482568
1215639,192497
1215639,705861
2909239,645019
2909239,218509
6923639,6919761
6923639,2878326
6923639,681819
6923639,6618449
1419639,122565
1419639,636805
4076454,4076476
4076454,4076407
110055,107301
110055,16890
110055,23074
1181255,163040
1181255,77968
1298055,148092
1298055,1192159
1298055,1178698
2882059,5063040
2882059,2882054
4010059,721768
8447659,47604
4696473,195167
4696473,4696487
644475,492352
644475,699785
644475,562535
644475,550093
1851676,195167
1851676,654945
1851676,18154
1851676,3417
1851676,269788
4986076,8764922
4986076,15889
4986076,2796699
7516476,2110425
1731688,713122
1731688,705861
422888,2646909
422888,1269753
422888,2242002
422888,1411
1006888,39895
1006888,59080
1006888,3403
647709,647711
647709,216170
647709,93477
2298909,70253
2298909,2067501
2298909,107038
2298909,1839718
8337309,48915
8337309,194582
3390909,17389
3390909,2136
3390909,7292441
3390909,630439
1581315,3278172
1581315,16013
1581315,456022
88515,133839
88515,861988
88515,288658
88515,684100
88515,644604
7402125,15322
4843736,16201
4843736,3439374
4843736,404810
4843736,55567
4843736,513493
3288536,218509
3288536,5408953
5585341,22159
4123750,4124170
4123750,7634452
4123750,4043402
3358958,3358905
3358958,5951609
2900578,53881
2900578,1735850
2900578,232214
4726978,128437
4726978,8765317
1073386,951427
3052593,249876
1359006,743338
1359006,1132753
1359006,879074
791006,68377
791006,70850
225411,100762
225411,693447
225411,3402
225411,72413
430211,122557
430211,424531
2275016,45436
2275016,6491
2275016,38963
2187828,494268
3023037,3887
3023037,432371
3023037,1839718
3023037,2136
859037,8764421
859037,2963505
859037,925418
859037,90259
465437,705698
465437,16013
465437,15656
465437,876747
868641,194943
868641,2472270
868641,1419856
868641,2282125
986241,2764532
986241,6834610
6814246,3402
734246,884215
734246,411564
734246,18154
734246,1214460
87846,99104
87846,47344
87846,238243
87846,15926
4573446,3930191
4573446,5994113
4117486,4116951
2076690,2076659
2771890,2771845
2771890,581606
2771890,1349110
184693,2443565
184693,99955
184693,89068
184693,438134
1235893,376904
1971096,875157
1098304,122442
1098304,4661605
1098304,903968
1098304,620791
138304,160617
138304,1314652
138304,160565
3407111,4177627
3407111,8773831
3407111,3407072
3407111,5496878
3473513,230447
3473513,4043097
3473513,1552153
1675913,78847
1675913,447791
1675913,2311
1675913,502746
1162336,2397063
1162336,3104464
1162336,3034773
2669550,1074072
2669550,404377
2669550,1628845
6794350,67035
6794350,292862
6794350,206738
659956,659813
659956,295955
659956,2342920
3111156,2339
3111156,3169509
3111156,4713906
1515156,195167
1515156,16013
7941559,3356265
1753564,640755
247964,2893062
247964,247910
7041564,6586106
7041564,89068
2821573,700167
2821573,693944
4151173,5501061
4151173,5501110
4151173,5501125
4151173,4903218
3052779,81584
3052779,296289
3360790,217798
3360790,651688
3360790,1605598
3360790,72413
1966395,3574
1966395,444555
1163198,450562
1163198,115081
4042398,197997
4042398,4039526
1240008,1488340
1240008,9287032
4166414,10462072
4166414,8778433
4166414,9158629
2110425,10992594
2110425,10992434
2110425,53550
2110425,10992525
704025,133839
704025,69554
704025,407603
161635,8480271
161635,681670
161635,8765658
4249685,10087752
4249685,4249731
4249685,18020
4118485,5398459
4118485,1345444
4118485,7545456
2396885,8765658
2396885,1430320
2396885,2831267
2396885,35370
2396885,32571
515292,5993506
515292,4001327
422493,8812527
422493,26085
422493,113555
422493,1219685
422493,2051514
2761722,8764421
2761722,39365
2761722,20256
7120134,7132574
7120134,9091151
7120134,2613427
7120134,963074
1192159,1298283
1192159,1298770
1192159,13950
2963359,1347286
1220967,1419682
1220967,5334017
1220967,9954341
1220967,8325571
436976,1325406
436976,1734630
436976,10065450
436976,10037034
4670576,2151100
4670576,9031564
4670576,9389069
140980,126631
140980,2847152
140980,8773230
5777780,6563502
5777780,9947366
5777780,9092857
5777780,956168
851398,99625
851398,8789176
851398,9609757
851398,545519
2661003,8835679
2661003,8796035
2661003,4144344
2661003,414481
2661003,1658547
16203,6618412
16203,4409492
16203,3384159
16203,1161997
5661027,10996694
5661027,10996699
5661027,1341005
5661027,8802555
741066,1519116
741066,8797606
741066,121335
1381086,1322
1381086,2069920
1381086,2123921
6747505,285421
5501110,4151173
125113,7536345
125113,444485
125113,402826
289913,10213521
289913,5416304
1931,9975148
1931,8291350
1931,9646201
1931,2845731
1931,2144079
1931,702954
432331,8925846
432331,803284
432331,90259
457932,979397
457932,16216
457932,3176286
457932,620759
1505933,9878481
1505933,1345444
1505933,3323371
4169958,5736598
4169958,13955
4169958,7227408
4169958,5675570
1062758,4000297
1062758,4042323
1062758,16466
1662840,4180248
1662840,66732
1662840,4009390
1662840,3478031
990842,951477
990842,946742
990842,662703
990842,533247
70852,1028747
70852,13616
70852,194943
70852,227644
1186070,1186081
1186070,9077398
1186070,1186098
1186070,1004932
102875,2099642
102875,381518
1064492,7129214
1064492,2897783
1064492,2042572
1064492,7129373
32494,2051514
32494,90259
32494,4026391
32494,198990
6586106,6586053
6586106,8258881
6586106,8637717
6586106,2963505
6586106,7041564
125316,2815685
125316,90259
3390923,221001
3390923,1605485
3390923,1735242
3390923,128601
1851759,4408385
1851759,629736
1851759,1470885
1314163,3386060
1314163,3298617
1314163,10542364
38963,1143621
38963,176089
38963,2443949
38963,178930
7647017,7677090
7647017,7875984
7647017,5465615
7647017,7675927
7647017,7677526
1771820,785309
1771820,140385
1771820,4274099
715875,2818708
715875,140385
451879,1606583
451879,425514
451879,1547407
1759080,6148
1759080,4284979
2419892,184471
2419892,13183
5987921,4025671
5987921,454789
432744,3564944
432744,3030270
432744,1366431
3319144,3321555
3319144,39365
3319144,2151100
3319144,9140707
3319144,4456501
384749,133986
384749,1012010
384749,43835
35949,186138
35949,300626
35949,2452893
13582,913602
13582,101856
13582,90259
13582,2557516
13582,13650
423191,8764421
423191,63636
4147991,1019510
4147991,2702152
2671212,8539663
2671212,6928840
2671212,10679191
284012,8773897
284012,730992
284012,892452
1386414,133839
1386414,1682214
1386414,138040
2480828,2139621
2480828,962295
2480828,2482597
7530471,47105
711273,1611762
711273,2213416
7068097,263858
7068097,3493
970503,912771
970503,2092004
970503,4448939
970503,912989
780103,1557086
780103,8783560
780103,2004952
23326,54999
23326,627427
4876126,87670
4876126,4876258
4876126,4876159
4876126,8938149
5716132,7133706
5716132,1329059
5716132,4124170
447343,4444165
447343,4839973
1269753,1349110
1269753,45484
1269753,89068
1269753,712956
269756,92173
269756,195167
4424962,8765658
4424962,8769533
4424962,8820500
450562,52828
450562,283558
450562,90259
450562,232035
685774,6939827
685774,3507269
685774,4963365
685774,1858746
5380180,285421
5380180,3163610
5380180,4861245
632988,633569
632988,9547225
632988,2474310
632988,2168761
3464988,9649499
3464988,2504345
3464988,57284
3464988,8765658
3464988,2507909
2247400,4222868
2247400,39365
2247400,4042323
199411,199436
199411,200239
4007441,700896
1181873,940678
1181873,1185040
1181873,9076197
1181873,1184527
68286,8814089
68286,61392
68286,155474
68286,198990
68286,90259
388296,453035
388296,453630
882728,90259
882728,1752669
882728,198990
882728,36243
882728,546914
769128,960891
769128,2430171
769128,90259
769128,628228
917933,136568
917933,2068134
917933,2638471
897158,424531
1319571,8817467
1319571,1320991
1319571,2341
1319571,1865065
1319571,8828620
892380,8942126
892380,892479
892380,8768921
892380,892452
167595,3359873
167595,221469
167595,8768921
167595,8781172
167595,5831683
22009,439392
22009,439341
22009,2508524
1194809,853967
1194809,1643110
1194809,5421029
5047614,11042853
5047614,134894
63636,780713
52498,9007976
52498,8578138
52498,2282119
1177304,1313282
1177304,47344
1177304,654945
1177304,71968
1228508,2151673
1228508,7567499
1228508,2487743
1228508,7566138
1161316,4042323
1161316,3503411
1161316,1988024
1161316,1328902
692526,1541051
692526,8764421
2970929,946742
2970929,2971352
2970929,8764421
6929332,4078409
47743,53767
47743,2131598
7327743,11114847
7327743,3378518
7327743,6559580
7327743,8301462
2057357,9270196
2057357,2057362
2057357,8780824
2057357,4232590
2057357,80503
4458957,2067093
4458957,1704235
4458957,5904549
4458957,3492342
4458957,122224
4194988,3409640
4194988,1703694
4194988,195167
4194988,4882155
2714988,1073951
1411,16013
1411,43835
1411,654945
5740620,212625
5740620,41144
5740620,1669017
5740620,29473
1670239,8774244
1670239,9914905
1670239,2830148
494268,8764421
494268,9431045
494268,246489
494268,90259
4851079,4851091
4851079,295835
4851079,4042323
1580690,8762941
1580690,69324
1580690,1580692
1580690,706345
513493,1020266
513493,8768921
513493,8802555
513493,1851676
513493,4843736
196701,8820313
196701,8765167
196701,1688880
196701,90259
3903949,4169888
3903949,8107764
3903949,8002558
81584,8835034
81584,9084856
81584,101856
81584,9021819
5465615,297831
121647,169514
121647,69009
121647,888042
16054,654945
16054,195167
4505657,8299400
4505657,3314796
4505657,4505656
700896,10029352
700896,4007485
700896,4007441
700896,2185992
3590528,4163709
3590528,4176848
3590528,151914
4963365,1516333
4963365,685774
4963365,494508
672219,4193097
672219,2113802
672219,432371
512220,10030723
512220,10030492
512220,125520
86640,39365
86640,3233949
16261,195167
16261,16013
16261,18154
4336262,4176848
35474,1125318
35474,534
35474,1029377
35474,47350
35474,1436848
2953880,113238
2953880,437342
2953880,435741
3894702,3894687
3894702,3903393
3894702,3594474
3894702,3470978
2953959,113238
5747577,1156508
5747577,1436848
5747577,7292441
5747577,2136
6185994,5994113
1910794,264408
1910794,47344
1910794,654945
3494794,5994113
3494794,2174085
3494794,295955
3494794,1777745
4838805,700219
4838805,187332
4838805,2056630
2662830,2778492
2662830,98759
138040,447672
138040,1386414
138040,89043
138040,226494
138040,9144424
138040,1835814
4861245,194943
4861245,288616
4861245,1470885
2074062,127653
2074062,145224
2074062,34614
2074062,21647
3475674,3475461
2131682,15744
2131682,16013
2131682,5349655
2131682,399586
3360569,3360500
8458207,3402
2279023,144830
5453457,5421029
1939857,14735
1939857,1883617
1939857,80223
1939857,656622
659875,2400934
659875,3228907
659875,1954348
659875,508017
1383090,47164
1383090,387517
1383090,1382538
4176696,3428400
4176696,4343637
4176696,4176466
1818321,3034773
1818321,7071760
4176728,133331
4176728,4176466
3306377,1349110
3306377,23543
7875984,7226559
7875984,2327
2717584,3421141
2717584,97173
2717584,6623784
1584860,697066
1584860,3493
1584860,1693
4215322,203356
4215322,38436
4215322,263339
4717775,1290824
4717775,3918369
8490599,6623784
8490599,6701271
1748237,46562
1748237,43835
1748237,1156508
3146637,853530
1185040,1181873
1185040,4788629
7943475,4248292
733905,654945
733905,16013
733905,888042
733905,195167
1981905,3471405
1981905,3176369
1981905,55586
7825115,5988137
5610728,5605673
5732391,212830
5732391,33975
1518004,2134773
1518004,72537
1518004,96853
1665204,5716314
1665204,1885835
1377223,20754
1377223,20482
1377223,383874
3335635,3335444
3335635,3589392
3015661,2239813
4001327,515292
2487743,1228508
2487743,245238
4839762,447343
382202,227612
382202,90259
382202,1958009
1195002,8096430
1195002,853967
8596628,4661605
814303,8121005
814303,226486
814303,2927586
3431921,3000066
3431921,3298522
1028747,8822466
1028747,10131924
1028747,110196
4839973,447343
8423973,2888510
4177586,39365
81586,81598
81586,81750
81586,27040
81586,45687
81586,81470
7748831,4137078
7748831,4672979
7748831,7748837
7748831,8780895
4673640,4018
4673640,32405
4673640,3104484
289725,1783155
289725,78539
289725,1150777
2705734,8646807
2705734,1588798
232195,6919761
4584205,61014
4584205,149268
4584205,653636
1669017,267705
1669017,1668761
1669017,5740620
1669017,4706678
3067431,4130434
3067431,2206856
1905831,3422372
1905831,859185
1905831,1715969
1905831,3851261
126631,451909
126631,126628
126631,45687
126631,140980
126631,149220
3899461,1311624
3899461,1553698
3899461,1956729
3899461,3407111
6702733,3402
6702733,16252
6702733,16242
584344,3278172
584344,16013
6523544,15656
6523544,217798
6523544,262890
6523544,619296
2392383,2391378
2139621,563727
2139621,2480791
2139621,186348
2139621,3511315
4222868,1323276
2078946,5767770
2078946,605419
3058171,2120536
3058171,150893
4725380,5043743
4725380,3594741
4232590,2057357
4232590,1349110
4232590,395246
5736598,47344
5736598,7923547
5736598,284688
5736598,8107764
6939827,629995
6939827,3417
6939827,6623784
6939827,685774
2613427,880924
2613427,28882
2613427,4856313
1083833,2312467
1083833,2312481
1083833,610412
1083854,424531
1083854,426675
4123858,10406612
4123858,11058326
4123858,11058329
4123858,7634334
1298283,148092
1298283,1629776
1298283,96853
1298283,3403
6936683,5797449
6936683,6882672
6651891,6645991
6651891,6688
6651891,18115
79117,13626
79117,13616
79117,684550
79117,1636871
251943,2389987
251943,15009
251943,2441411
2443949,743338
2443949,2442892
6914495,3403
6914495,207909
6914495,447806
6914495,1140555
4418529,1066695
1180147,69381
1180147,1021178
1180147,904813
1180147,69554
1017022,5988029
1017022,1108472
1017022,4406805
1017022,7646974
1017022,4164932
3362649,3394827
3362649,606646
3362649,4109139
3362649,4112135
428256,455843
428256,232214
4876258,4876126
5884296,2067501
783503,6841952
783503,18097
783503,696517
7436303,420940
7436303,3438
7436303,2283
2818708,715875
2818708,175567
610753,411343
610753,120076
610753,475681
610753,55586
633216,654945
633216,195167
3148506,3887
3148506,335082
3148506,35281
726138,218509
726138,696517
726138,254948
726138,205767
1199738,7790603
1199738,1122289
1199738,122565
4111745,1920972
4111745,4109139
4258945,3188990
546957,195167
546957,1013598
546957,654945
1148581,287784
1148581,792491
1148581,4790812
1148581,6746950
4665381,4665149
7222185,4330274
7222185,4330253
7222185,8107764
7222185,4169888
7222185,7958824
681387,5713727
681387,3402
681387,537352
681387,440148
1458998,456022
1458998,1382473
1458998,71968
2825426,1605598
2825426,1424
2825426,1883617
2825426,1222404
1094253,390846
1094253,248442
1094253,378562
1094253,141222
7545456,4118485
2537508,2537497
4831928,4831902
4831928,3617029
4831928,7924101
28728,93503
28728,3065821
28728,195899
4380731,1020167
937537,8816372
937537,230403
937537,9597291
937537,10976555
54355,53229
54355,132075
111967,1889547
111967,107656
111967,3402
4396794,4144360
