2107276,33214
2107276,18216
2107276,399586
2107276,283103
2692916,1062836
4908616,96853
4908616,174982
4908616,4370847
2172996,2172481
2172996,2516892
2172996,1629776
723476,658668
723476,995676
723476,35344
723476,20432
13616,136660
13616,9327962
13616,34616
13616,59096
188116,214324
188116,631164
6505136,203356
288616,1704733
288616,1476492
288616,654945
4378116,1020167
211596,4412210
211596,25288
211596,547572
59096,78539
59096,188311
59096,129136
59096,626265
3426236,3417830
3426236,4112135
1081876,1516333
1081876,635810
4276916,387021
919496,8766905
919496,90259
919496,9281403
919496,3426717
1870756,3446169
1870756,1456397
1870756,1870719
179976,644642
179976,59105
179976,740554
179976,60679
179976,2493
614816,1253946
614816,14441
614816,14427
2712076,47344
2712076,2441411
2712076,15656
2712076,262837
2712076,3402
4654556,4631469
4456556,3169509
4456556,651688
3282756,14714
213136,8764421
213136,1239552
1171916,195167
1171916,1293434
1171916,18154
1171916,16013
287916,782017
287916,12028
287916,4402996
287916,5765374
287916,2323
4144376,4105625
4144376,33391
4144376,3365711
20256,135916
20256,145013
20256,513590
20256,295379
2778492,572000
136897,85756
136897,16137
136897,1576647
72537,1528223
72537,53767
85756,947468
85756,1235886
85756,376904
85756,32058
113956,583912
113956,20432
113956,2002011
113956,653243
69009,185365
69009,1015734
144649,2018550
144649,90259
144649,8767492
144649,8766797
20432,1630436
20432,1196517
20432,782459
20432,1752412
583912,233734
583912,584816
583912,113956
5913112,789581
5913112,8882110
5913112,39365
5502557,5502567
5502557,4677915
5502557,10394819
995017,451075
995017,119067
995017,2341
995017,8764922
245477,9939075
245477,2991896
245477,3557666
579450,4402927
579450,1124238
579450,4210097
579450,984233
128830,6231
128830,47344
128830,269788
1024710,16890
1024710,644739
1024710,565734
1024710,8121005
1024710,376904
902870,4208980
902870,43835
902870,18154
902870,4154428
954170,376677
954170,1314652
13650,124651
13650,131443
13650,684550
13650,13525
115150,114740
115150,3887
115150,16890
115150,30145
1392210,5910606
1392210,718460
654290,24501
654290,427383
654290,451939
654290,1897661
2018550,489586
1463370,8765317
1463370,2168783
1463370,69554
1463370,90259
6565450,3402
6565450,3417
6565450,16013
6565450,18154
4270693,385294
618733,69009
618733,194943
1168913,4247589
1168913,4130434
1223733,99955
1223733,93442
1223733,33214
1353273,456022
1353273,955727
1353273,40415
1353273,195167
1125328,694931
1125328,9620821
1125328,8774765
284688,32571
284688,2647242
4154428,4154453
4154428,8777526
4154428,4154443
4154428,20256
551768,1087255
551768,1755442
287508,1889541
287508,1081876
102428,2830148
102428,8804689
102428,102488
1188748,5592592
1188748,1187720
1188748,3034805
1188748,714181
4256448,3209340
4256448,2121789
185828,3031292
185828,570871
651688,2309185
651688,4456556
651688,1023204
651688,3338704
651688,1956044
264408,185365
264408,3402455
264408,5398459
264408,2135341
264408,195167
3589428,5993506
3589428,4256249
3589428,9153664
3589428,1011995
3589428,8842651
269788,1087255
269788,2831267
8357908,5990454
8357908,8766905
8357908,4042323
241768,185365
241768,186348
241768,1449353
241768,429236
241768,195167
5987848,4124170
5987848,739147
21828,259501
21828,3347021
21828,710740
21828,59913
21828,417510
573848,66341
573848,1950828
573848,13950
573848,1019090
573848,1668279
573848,999068
1980728,1507186
1980728,1848189
61048,115927
61048,2321219
61048,79066
71968,53767
71968,3885905
71968,6565450
71968,32571
71968,444485
422008,59913
2441411,1850197
2441411,730992
2441411,2831267
2441411,2529660
2441411,1144250
1769451,53060
1769451,1171916
1769451,7110948
2311,272387
2311,2607994
2311,4210226
6231,46827
6231,947395
6231,999406
6231,128830
682931,925418
682931,5057332
682931,2963505
682931,5056841
707151,710740
707151,789454
707151,8785974
707151,2963505
1048171,2894884
1048171,39365
1048171,7202490
1048171,13950
1048171,8930200
1048171,971533
1062836,13024
1062836,59913
1062836,2692916
1062836,1590922
1062836,1627166
1616116,1835814
1616116,26085
1616116,594873
196816,145013
196816,337583
196816,195167
54476,2363940
54476,1353273
54476,1870756
5884496,4946168
5884496,10669879
203356,6505698
203356,6505136
203356,5386564
179076,53473
179076,9204235
4677516,9188591
4677516,4677926
4677516,2331
461496,10262056
461496,10261939
461496,10262033
461496,4040675
35976,198990
35976,59913
35976,8837758
1629776,641420
1629776,1629457
1629776,5993506
696876,140385
696876,1858005
1172609,1293434
1172609,195167
1172609,456022
1172609,5884496
246489,888853
246489,29770
246489,422858
2399509,195527
2399509,402369
2399509,1666523
2399509,850241
1559749,2878378
1559749,1588922
1559749,1329165
1559749,1164505
1958009,379675
1958009,287255
1958009,896673
3387989,2339
3387989,103390
3387989,17389
3387989,3417
1900049,3417
1900049,2339
1900049,15744
1900049,2632270
6628269,32405
6628269,46562
6628269,6528612
788609,1130053
788609,152879
899969,3402
899969,951427
899969,853012
899969,262890
1875889,451939
1875889,641600
1875889,568724
41049,40997
41049,597042
41049,40704
41049,598234
5469,165134
5469,1340935
5469,662504
8557469,5400853
572129,483600
572129,992925
572129,4171634
572129,1535077
3031292,207889
233692,198990
233692,408202
233692,958855
233692,2364243
233692,29424
1196412,1025117
1196412,43558
1196412,1054607
3042072,60679
3042072,45687
665992,69554
665992,93949
665992,195167
665992,1313597
665992,54576
6743132,285421
4925932,96853
4504932,3031640
4504932,525518
4504932,2427400
4504932,11126
4504932,3033659
1221572,411343
1221572,216391
1221572,18515
1221572,184207
1221572,953252
2764532,4664527
2764532,5512108
2764532,6929300
114812,114740
114812,3830
114812,188393
114812,114838
3211512,284688
3211512,4114793
3211512,69009
12852,600137
12852,188289
12852,2940534
12852,1739690
1872172,248502
1872172,1901610
3346512,1392566
1022512,46562
1022512,18097
1022512,149923
2897932,262837
2897932,3402
244112,8607
244112,195167
244112,444485
244112,1704601
1294292,645019
1294292,231466
1294292,534
2818592,1020167
2818592,377111
2818592,1147472
2818592,207889
5592592,63680
250452,654945
250452,16013
250452,195167
6735492,564964
6735492,13911
404792,1159761
404792,8779491
404792,681670
2646752,1447799
2646752,3429484
417252,113294
417252,34194
417252,424140
417252,694176
5057332,682931
12028,4000297
12028,8851189
12028,1958009
12028,3595092
12028,119067
1574488,300979
1574488,4932989
53468,3297547
53468,1087255
53468,4210226
53468,32571
132088,740554
132088,550123
132088,78057
92368,282037
92368,90259
636028,8921028
636028,115846
636028,3407399
636028,52828
636028,2349142
636028,263687
6747228,7790603
6747228,285421
25288,2386995
25288,126398
7572188,4009390
912648,5750110
912648,90259
912648,202442
912648,914319
3221988,1500571
3221988,6701901
3221988,6907260
3221988,5715533
1930428,569359
1930428,8838437
1930428,13950
1930428,223328
144708,198990
144708,331073
144708,90259
1156508,3408076
1156508,1023204
1156508,9411815
1156508,5904549
6825768,1064963
6825768,2280657
6825768,3480857
6825768,17875
89068,185365
89068,1087255
89068,2363940
152568,1020266
152568,3362327
152568,116294
37168,69
37168,3396894
37168,4941003
37168,37159
421648,1540447
421648,1148622
421648,595058
3477048,8773897
3477048,1858005
3477048,8766523
3477048,5586975
4123968,5843972
4123968,1848189
658668,268455
658668,1493801
658668,722922
33948,418389
2280648,1848189
2280648,1829866
1540468,2911779
1540468,11008382
4123828,1513600
4123828,6536235
4123828,4124170
4123828,7634452
4123828,739147
174968,8766797
174968,1828506
174968,9153664
174968,7235011
4014648,4015740
4014648,4020544
3356868,962466
3356868,39365
8528,3919009
8528,53767
8528,3384159
8528,1926810
5512108,3911247
5512108,48407
61728,90259
61728,54403
61728,555139
61728,29564
61728,19254
28011,8916074
28011,8618758
28011,3008538
28011,8786121
16591,595058
16591,200426
16591,8765658
16591,710740
188311,187830
188311,59096
188311,90259
188311,239450
473331,448006
473331,7270523
535351,1239785
535351,1239753
535351,1239762
376971,891006
376971,8765658
376971,8872887
2697731,62154
2697731,982057
2697731,1389911
669171,1497785
669171,185365
669171,1765623
669171,2686186
4123771,4124170
4123771,10181784
4123771,9223890
13911,5475141
13911,1087255
13911,8604068
447791,8265475
447791,1144250
1202951,870914
1202951,2136494
1202951,1899448
1202951,2136491
1202951,9416809
424531,8766797
424531,2099417
33391,6563651
33391,32571
33391,5476600
33391,1502641
5477491,195167
5477491,3396437
5477491,1140487
5477491,11217770
3188791,1879027
3188791,7567911
3188791,1516333
3188791,898647
6645991,8819243
6645991,8768087
451391,53767
451391,1502641
451391,195167
451391,3387261
705211,1196285
705211,57284
705211,5374250
705211,1197045
705211,53092
297831,5466137
297831,1071084
297831,4065634
297831,52828
4077631,3899036
4077631,3349088
4077631,5561997
4077631,4455674
3365711,4144376
3365711,1747780
3365711,299323
3365711,8770017
1709551,925418
1709551,2504345
1709551,2423294
5332031,3034805
5332031,5355757
5332031,8769227
5332031,1785313
5332031,116294
5332031,2341
216391,9302592
216391,194943
216391,771085
1202491,8765712
1202491,180296
1202491,443564
1092011,1043230
1092011,9466384
1092011,9619204
1092011,8278956
1092011,90259
3219631,2766630
3219631,3402
3219631,47344
3219631,668058
1917091,4818166
1917091,52828
1917091,1737354
1917091,1210805
377111,377366
377111,376904
377111,376558
377111,9556837
377111,782496
606531,8913092
606531,606610
91071,475569
91071,1878378
91071,1834169
91071,152354
3229011,11291605
3229011,71968
2456976,1019090
2456976,262160
34616,39895
34616,682587
22216,1758948
22216,870914
22216,2018550
22216,573051
1288056,429236
1288056,1502641
1288056,6558349
1288056,195167
155016,4252358
155016,39365
155016,155474
155016,121335
2170796,54999
2170796,194943
2170796,195167
2170796,1755442
639496,52828
639496,892768
5497636,5497642
5497636,5497659
5497636,219758
391136,1067686
391136,5121815
391136,10579302
391136,3955153
391136,4853029
91696,3590454
91696,889497
91696,195167
238776,2002463
238776,113956
196476,2290584
196476,3384754
196476,195167
995676,1920899
995676,137808
995676,737172
31896,3384159
31896,195167
31896,8783337
31896,53767
418636,145013
418636,8814669
2136,185365
2136,1861699
2136,32571
2346536,1391561
2346536,2125440
2346536,2445105
120076,1755442
120076,429236
120076,195167
1165156,1563284
1165156,8443779
1165156,5829497
4402996,96648
4402996,39365
4402996,442678
421136,9014451
421136,1231966
421136,1657183
240156,3165690
240156,9579036
240156,8793438
240156,241559
240156,1052681
15656,444485
15656,4080737
15656,53767
963056,2529324
963056,1084442
963056,4670789
694176,1087456
694176,272737
694176,1835814
694176,198990
135916,1133704
135916,20256
135916,8042291
135916,4741457
70036,2140648
70036,192549
70036,140385
70036,837098
129136,2894691
129136,9149289
129136,9149294
63776,59913
63776,3510198
32516,15874
32516,9080427
32516,1390683
32516,90259
7279836,116817
7279836,220688
7279836,10383862
7279836,2308855
1315556,866925
1315556,232153
1315556,1279829
3209276,3060561
3209276,219567
3209276,606610
1197456,2560954
1197456,450535
1197456,185365
1197456,10681956
3629236,2960715
3629236,619479
3629236,7375
3629236,16466
6656,1502641
6656,2831267
6656,4860062
18216,412462
18216,2629396
18216,2629373
54576,406545
54576,8983669
54576,16466
619296,1755442
619296,3384159
619296,185365
619296,1087255
70936,2894691
70936,250452
70936,2950305
70936,90259
70936,8818045
3223036,1042321
3223036,8473588
3223036,90259
2764636,2716564
2764636,2773025
2764636,4993046
2764636,1577167
1006456,262123
1006456,15537
1006456,8997808
1006456,90259
1006456,63680
487556,2614460
487556,8968331
487556,2963505
19836,730992
19836,1624486
614049,384662
2098989,4566019
2098989,998701
2098989,52828
4046749,4046390
4046749,5044937
4046749,3365969
649649,2764513
649649,5884111
5710389,5710332
5710389,3462752
5710389,6533845
6608089,2076058
6608089,1323258
6608089,6922279
6608089,2897783
959329,919628
959329,4239119
959329,4007675
959329,39365
25769,288368
25769,453945
25769,146694
25769,694931
8267989,2632270
8267989,681819
3407989,3407934
4670789,3349289
4670789,2206741
4670789,963056
4670789,5421029
4670789,49908
3094229,474724
3094229,8121005
4078409,9982719
4078409,8767812
4078409,1865065
2720009,2120043
2720009,175567
2720009,12890
192549,70036
192549,192573
192549,192750
475569,5993506
475569,932104
5904549,3117289
79289,79066
79289,128830
79289,4000297
79289,1369969
79289,131212
5351589,561845
5351589,447806
376809,3222022
376809,1206455
376809,376558
41429,69009
41429,16013
41429,71968
41429,20194
41429,654945
69,534
69,898101
69,65470
69,41
2062929,2872272
2062929,285421
2062929,3400923
2062929,918665
3798549,7496
3798549,83950
3798549,3648768
221469,643481
221469,405908
221469,1067632
1355429,3887
1355429,1070436
1355429,68961
7185649,1629776
267289,1087255
267289,1850197
267289,2831267
267289,2321219
193969,3278172
193969,1095888
193969,16013
193969,24963
1228809,35987
1228809,6841952
1228809,740554
1228809,427564
4932989,1574488
4932989,18426
4932989,117752
1279829,90259
1279829,8843044
1279829,3999716
1279829,646441
6609909,547572
6609909,15744
6609909,32405
6609909,913362
5329,112165
5329,468
5329,152354
210289,115687
210289,596784
210289,210274
5380549,2444768
5380549,97050
579209,452534
579209,253327
666109,3342945
666109,165134
666109,262837
666109,72413
7874089,3421141
121009,70772
3919009,3402
3919009,746183
3919009,4018
3919009,444123
3919009,217798
4853029,3463944
4853029,517524
4853029,391136
2844949,992925
1624429,19836
1624429,45687
125609,125577
125609,78834
125609,101820
125609,15926
948289,21647
948289,1643544
948289,665444
948289,7380329
948289,38993
1042949,83779
1042949,256955
1042949,1381663
1042949,3039347
4864149,635810
4864149,1143112
4864149,4629589
418389,34194
418389,98209
389892,374854
389892,1783557
389892,207889
2109572,654580
2109572,3054608
4999232,578174
4999232,76376
81292,119270
81292,473838
402012,45484
402012,412208
402012,482463
402012,125544
4406572,5662790
4406572,4112135
4406572,1332556
4980072,1178698
4980072,4211936
3166932,1704733
3166932,3417
3166932,16013
227612,227644
227612,102877
227612,382202
227612,122700
2702152,1389753
2702152,2701051
2702152,244411
1019812,4020536
1019812,3049950
1019812,3400923
4141072,2056174
1323112,624983
1323112,1266169
1323112,120076
2862612,1393204
2862612,2848344
2862612,954930
973572,670438
973572,216391
973572,7496
973572,534
2274152,285421
2274152,2067127
2274152,979719
445112,72537
445112,16013
445112,4114793
445112,92173
445112,621666
223412,3402
223412,20033
223412,13952
223412,1206622
363952,105897
571172,227644
571172,729659
571172,631164
77772,157539
77772,77034
77772,834562
77772,110466
4963312,4894126
525412,583880
525412,780325
525412,1907605
730992,71968
730992,2441411
730992,730985
3308752,3307591
3308752,6923848
3308752,6919761
3308752,1769451
3308752,15744
131492,8607
131492,4000297
131492,88303
131492,61039
1567352,21357
1567352,1122401
1288152,2136
1288152,213358
1288152,1381805
1288152,79647
3595092,3594469
3595092,2894545
3595092,5988442
3595092,4120212
822972,33948
822972,165134
822972,797152
822972,35281
66732,41894
66732,1217290
66732,42900
66732,155895
6575032,18101
6575032,28461
6575032,2280648
6575032,6535793
737172,995676
737172,737118
737172,534
5843972,3174444
5843972,4124467
4152392,3401603
4152392,7790603
4152392,4152424
127932,946705
127932,593620
127932,86512
127932,683623
510652,7496
510652,54603
62232,234106
62232,20194
4567392,379807
4567392,432324
2641312,192512
567932,16890
567932,133986
567932,619296
567932,292862
3023472,856172
3023472,1123658
3023472,1970686
1764792,7790603
1764792,1208897
1764792,28461
1764792,46697
1629452,3417
1629452,294603
1629452,6533073
97857,195167
97857,951427
97857,16013
4072917,3922324
299497,490611
299497,25284
299497,3627026
4046477,4046390
5829497,1629776
5829497,658928
5699737,1456397
121157,913203
121157,195167
121157,92173
121157,53983
8517377,6623784
78057,4000297
78057,2950305
78057,90259
78057,1421570
78057,1736139
78057,132088
1491077,4114793
1491077,284688
1491077,117992
2561177,16201
2561177,117961
2561177,70701
2561177,16242
2561177,28882
4014137,3400923
4014137,4012070
3365917,1563162
3365917,3117289
3365917,4046390
4073297,5987938
4073297,1140346
4073297,3922324
974617,933615
384657,2339
384657,2323
384657,118242
660017,2247775
660017,3402
660017,54476
660017,40415
4802897,294603
4802897,374734
3482657,3315046
3482657,226967
1443757,196476
1443757,89404
1443757,62115
1443757,468
1192557,1176649
1192557,670438
1192557,1331141
4142837,4142552
694557,9386558
694557,9386565
694557,958855
694557,8766523
694557,9386604
729937,400861
621297,16013
621297,18154
621297,195167
621297,654945
584597,238898
584597,59105
584597,35281
584597,534
584597,502164
1504737,404810
1504737,47164
386077,3403
386077,243556
386077,53881
386077,131882
347377,105897
4741457,280514
4741457,135916
140417,27040
140417,517415
140417,696971
140417,697507
3390677,3402
3390677,18084
3390677,1377203
3390677,17389
3390677,15744
5885697,2041453
5885697,1202400
5885697,97173
4123657,4123828
4123657,4124469
4123657,1518994
7377177,31355
7377177,71559
7377177,2377291
5466137,297831
3111017,3054698
3111017,4406805
3111017,1769451
3480857,47344
3480857,3087615
3480857,1628997
3480857,121193
99117,645091
99117,8777576
99117,408202
99117,1162002
197997,1755442
197997,5965271
282037,101251
4527437,739758
5561997,4077631
3323837,984233
3323837,2445658
3323837,1889547
552217,408124
552217,3010366
552217,32405
552217,47250
552217,260296
4792457,4043097
4792457,2474484
4792457,4530083
4792457,4857816
1085417,195167
1085417,456022
1085417,2106748
134217,40474
134217,69009
134217,654945
134217,3387521
5577477,379675
5577477,6919761
116817,1834169
116817,7279836
116817,256955
116817,7425223
1581457,721837
2099417,699316
2099417,424531
2099417,102914
8433197,1074072
881717,98447
881717,647995
881717,4136463
4000297,131882
4000297,1020167
738930,1355429
738930,1449353
738930,195167
4892690,3428159
4892690,96853
4892690,1629776
4682130,8767493
4682130,8995898
4682130,3404123
4682130,4680741
4682130,2702152
1947250,4018
1947250,3438
1947250,1450
1947250,1389297
1947250,32405
3199230,5952068
3199230,1675884
3199230,29862
3199230,5952275
3348610,9626864
3348610,3922230
3348610,3348066
3348610,3921401
3204190,644711
3204190,1081767
3204190,257986
3204190,90259
6834610,5659904
6834610,9867313
6834610,1332684
444250,4408385
444250,3384754
444250,195167
1450,6565450
1450,2831267
4979270,10286338
4979270,8781172
4979270,7845454
4979270,1567215
644210,2830148
644210,642534
644210,8766797
644210,1133704
710890,84726
710890,2265952
710890,59913
710890,4007675
710890,8854911
710890,9384771
119270,81292
119270,2151907
119270,2334190
3445030,8121005
3445030,1349110
3445030,1878378
3445030,7761041
65470,430519
65470,1774360
65470,7312745
94590,1892582
94590,9986480
94590,54999
94590,3581815
150050,80586
150050,1826821
699030,3440912
699030,997379
699030,8766877
699030,8793659
699030,8802887
954930,914319
954930,2862612
954930,8415286
161090,411551
161090,4398949
161090,4398910
161090,391471
174930,25953
174930,1368834
174930,1061699
692390,8785974
692390,1174522
692390,780325
1425650,267705
1425650,108457
1425650,48042
100450,293416
100450,4130167
379050,231160
379050,1958009
6746950,4677909
6746950,9817615
6746950,8042291
15770,113956
15770,29564
411210,1607674
411210,3237222
411210,2692082
411210,3386394
1217290,699111
1217290,134618
565110,1419708
565110,10119994
194930,2831267
194930,3085536
194930,744019
194930,4966222
14890,1297311
14890,95845
14890,90259
14890,2043562
14890,34616
100910,2077450
100910,52828
100910,8766488
100910,8797606
100910,637088
1266710,1574925
1266710,8765658
1266710,1431140
1208910,3417
1208910,129379
510050,8768055
510050,90259
510050,19062
510050,239450
510050,9077
5737970,7375
5737970,629736
5737970,10758903
5737970,558816
97050,11084136
97050,7202490
97050,4042323
97050,4013874
97050,8802555
917430,188816
917430,1084453
917430,1084459
917430,1084442
113193,62232
113193,231160
113193,19254
262733,39365
262733,2529324
2285953,3379487
2285953,127911
2285953,3379295
2285953,13955
6533073,646502
6533073,1629452
6533073,4568616
6533073,7244441
513,444485
513,2321219
513,1444808
1741313,3884580
1741313,5918
1741313,6540128
1741313,6850740
395353,4228643
395353,1239491
395353,9579036
395353,5659
395353,1568954
2001213,5983268
2001213,26409
840773,9491375
840773,951060
840773,60426
840773,3935692
6535793,1329059
6535793,5898501
6535793,10667113
6535793,7062669
600533,599750
600533,9322114
600533,139973
600533,86230
1610113,110421
1610113,8762941
1610113,18178
1215233,3019314
1215233,2720306
1215233,3019524
1215233,1855060
737233,737118
737233,984233
737233,37213
737233,188077
148253,194943
148253,5686
148253,2659023
148253,1979529
148253,295703
2209473,922480
2209473,3608480
2209473,10842007
2209473,1758211
302273,1020266
302273,8828620
302273,302262
302273,2341
4699833,1199566
4699833,5979597
4699833,4140418
1026833,39365
1026833,90259
1026833,251598
1382473,195167
1382473,4441745
1382473,46805
192573,192549
192573,712211
192573,2702152
192573,1711457
198993,8766797
198993,90259
198993,224780
198993,198990
1389753,8765167
1389753,2702152
1389753,90259
690353,41429
690353,175471
690353,90259
690353,1211561
690353,3287304
1588713,34616
1588713,90259
1588713,95845
3435233,9893596
3435233,8773897
3435233,3437297
3435233,2300385
904313,8765658
904313,187830
693373,1314217
693373,1835814
693373,18393
693373,571031
219293,5475141
219293,32571
219293,2831267
219293,3474181
462753,925418
462753,4954522
462753,2960715
462753,2959474
2803213,245002
2803213,4044718
2803213,52828
932733,94907
932733,7425088
932733,2960532
267753,144934
267753,467050
267753,1806481
267753,43835
126153,1702300
126153,1958009
126153,231160
7174002,620812
7174002,1629776
245002,830213
245002,3402
245002,2764532
245002,25659
245002,167802
245002,91155
5468602,931968
5468602,33975
5468602,2340
148802,63680
148802,54525
148802,1835814
2200402,7790603
2200402,3400923
1957202,269788
1957202,4699833
2124803,401959
1817203,3417830
1817203,1323275
8690403,117961
421003,797152
421003,696876
421003,216037
421003,34194
4243803,4243781
4243803,681819
4243803,3231571
4243803,2280603
4243803,1705394
4243803,1329150
1765403,1083123
1765403,64406
4259803,573028
230403,4076407
230403,3925888
230403,3319104
2503203,186347
3360815,6598716
3360815,3435233
3360815,3360729
2145815,684513
2145815,263108
2145815,3365969
2145815,7496
2145815,4144360
645415,695946
645415,7496
645415,144649
645415,1445915
3581815,94590
3581815,3581807
1874615,63624
1874615,281910
240215,2416305
240215,1388953
240215,2423294
240215,4860062
8618619,1329005
3072419,62177
1312219,576780
1312219,1312217
1150819,1624934
1150819,1150777
1150819,61048
1150819,19836
6643219,213358
6643219,207909
6643219,1535077
6643219,2339
1218819,8079
1218819,4708
1218819,35281
1218819,33948
1218819,119446
5522620,5032136
5522620,89068
4449420,465782
4449420,528181
3327620,979719
3327620,3054608
3327620,18732
2116420,2116419
2112620,429236
2112620,625914
2112620,455190
2112620,194943
2112620,195167
119020,655415
119020,53767
119020,1455664
707020,451909
707020,451939
5331020,1516102
5331020,2433212
1143621,879074
1143621,897992
709021,5565107
709021,1329780
709021,198990
709021,8597558
4178021,4177989
4178021,3911247
4178021,2767362
4178021,78541
3898021,3897925
110421,107301
110421,1570578
110421,109871
1816621,35792
1816621,499574
1826821,89068
1826821,3402
1826821,2063809
1826821,150050
10822,2339
10822,213358
1621622,422508
1621622,7496
1621622,34852
3405822,3405142
3405822,16203
3405822,683307
3405822,8646807
3420622,7627002
3420622,3417830
5011036,175567
45436,195167
45436,1195124
45436,2831267
7072236,6765140
603836,411131
603836,603749
7889036,24295
1744636,151981
1744636,692328
2284836,22299
1095638,621804
1095638,17389
1872638,195923
1872638,695454
1872638,1445024
8613038,2339
3438,1495514
3438,1066138
3438,195167
3438,7637317
2510038,2041453
2510038,186347
1199238,1298079
1199238,1064703
1199238,11997
3221640,1983740
3221640,1879920
3221640,3367730
3221640,5569352
395840,705211
395840,395702
395840,395832
395840,395836
395840,52498
8037640,4133508
8037640,18097
7538840,2949800
7538840,96328
651043,270831
651043,235795
1573443,56669
1573443,535719
1573443,11749
1573443,241784
1573443,918125
15643,426605
15643,90259
15643,83720
2449843,8874356
2449843,8765698
2449843,8765136
2449843,1750971
13643,13616
13643,684545
13643,468
131443,4000297
131443,903853
131443,90259
7176643,1629776
1186643,3387521
1186643,195167
1186643,2169240
4224048,15322
4224048,1323276
238848,238549
238848,4122181
238848,590668
1720048,4046390
1720048,3365634
1720048,639413
26048,449108
26048,144649
26048,694931
26048,563371
2697848,505415
2697848,856238
2697848,3117289
139248,34194
139248,448582
139248,550365
139248,1616116
139248,61486
139248,451939
5561648,4143454
7623048,4124467
7623048,3415409
7623048,5987822
1143448,1377203
1143448,2136
1143448,24963
1143448,1509878
7085648,1864381
7085648,1867656
7085648,6609991
1768648,59105
8607648,595249
3117248,96853
3117248,18097
3117248,3911247
3117248,4121758
1436848,2437728
1436848,4409252
1436848,8753472
1436848,6555900
7735448,7761041
7735448,3103132
7735448,7748669
4172848,3602196
4172848,2764636
4172848,8357660
4172848,6688
6923848,6921261
6923848,9395714
6923848,10041849
6923848,5876608
2526649,9330
2526649,3446169
2526649,4892194
164849,740554
164849,99955
164849,257769
995849,888042
995849,45484
995849,3402
8739455,1507440
8739455,669281
149455,8767492
149455,8604770
149455,8764421
149455,200426
149455,7435889
149455,90259
1602455,715824
635855,685572
635855,7496
635855,1377203
635855,68532
385055,121193
385055,1381805
5659,630809
5659,11929
5659,2112156
5659,3682
3110459,7637
3110459,285421
3110459,562566
3110459,979719
1653059,598471
6801259,1609569
6801259,4792457
6801259,8769604
6801259,2897783
6801259,8769572
113659,897992
113659,2949800
113659,113528
1084459,917430
1084459,1866871
117066,411343
117066,2997194
117066,69009
117066,4406805
1679666,127653
1679666,32291
1679666,6702027
6520866,203356
7602866,2476620
3348066,1380620
3348066,3348610
3348066,3348540
8043476,2327
4235676,616620
4235676,203356
4235676,1424
4235676,16252
2894676,8988176
2894676,4073515
1055276,4039526
1055276,898693
1055276,35912
2870676,16890
3734676,7496
381682,606646
381682,2767362
381682,121193
1324082,1192149
653682,269788
653682,194943
653682,389841
2692082,700058
24482,190319
24482,424531
24482,694931
7956882,2701051
7086082,6618449
4966082,117992
4966082,932008
4966082,4409765
4966082,4558751
1301284,34858
1301284,430609
1301284,3487
1301284,1629776
1675884,2949592
1675884,502746
1675884,3199230
1675884,3503033
946684,3402
946684,654945
946684,269788
4047484,3358496
1332684,1190895
1332684,47164
1332684,1783557
2443084,113555
2443084,892620
2443084,5925678
2443084,8764421
2443084,121335
2443084,2963505
768884,6640
768884,2151763
768884,154856
768884,3275796
768884,979532
485497,642420
485497,1662672
485497,2847810
485497,155895
485497,2847786
3437297,3435233
5172697,5170617
5172697,1349110
1070697,1070684
1070697,1070722
403697,245805
403697,919854
403697,1220926
4996497,269788
4996497,2811600
4996497,262837
1389297,1947250
1389297,5536229
1389297,2646293
3379298,2397063
3379298,551768
2785498,26849
2785498,118242
2785498,23803
1686498,1674005
1686498,154292
1686498,1929220
6916298,3402
6916298,72413
6916298,71863
6916298,399586
6916298,262837
4207298,12890
4207298,1893300
4207298,267853
1230106,4294812
1230106,518927
1230106,115081
1230106,180150
2954306,2106748
2954306,213358
2954306,2339
2954306,407048
2954306,2136
735913,735836
735913,573848
735913,6599398
735913,6834610
2333713,45687
2333713,122565
625914,2397063
625914,3402
625914,54476
625914,1175194
5612114,47344
5612114,18154
3019314,8111557
3019314,175567
3019314,1215233
6820914,6618449
6820914,6535782
1170714,389841
1170714,138158
2806714,377230
2806714,1020167
6824714,234046
6824714,2558988
6824714,13911
6824714,1381663
2704114,1445013
2704114,686805
2704114,665444
691914,90259
691914,2288020
691914,158511
4066115,444613
4066115,4066104
4066115,1436848
5967515,3403
5967515,635947
5967515,5967509
1150515,16013
1150515,46562
1150515,3402
457715,604602
457715,121193
457715,256955
1540315,659655
1540315,718696
4843915,154292
4843915,2185299
4843915,65187
1584715,3400923
1584715,455843
1584715,284688
2388715,1914255
5454119,5421029
5454119,8096430
285319,7790603
285319,24146
285319,1629776
285319,3356265
285319,6746950
39919,107712
39919,39905
39919,85832
8411724,3487
1082124,1331141
1082124,5727447
1082124,1082112
2391724,6623938
2391724,4123828
2391724,4629589
2391724,4123968
2391724,4124469
3019524,1215233
286129,2791679
286129,5487799
286129,257459
3381529,17389
3381529,1958175
3381529,1449010
289729,603290
289729,79137
289729,78627
289729,78847
289729,53357
3269729,3463944
3269729,4018
3269729,45484
9929,233725
9929,534
9929,912989
9929,23795
9929,913876
9929,1953513
2284729,151522
2284729,3477841
2284729,8613
1462929,1146779
1979529,40415
1979529,148253
1979529,626186
211133,115687
211133,621804
211133,210982
5728133,5727447
5060933,5060779
3400933,386108
3400933,1436848
3400933,13100
4685333,54262
4685333,3899482
2266143,1220602
727943,240355
727943,658928
727943,727904
1338343,1336634
1338343,2121789
4708343,44098
4708343,3441
4708343,267705
4708343,1354332
109743,109418
109743,700227
109743,620791
2317943,2323
2317943,2339
2317943,1514596
2265543,1220602
7234145,3428159
7234145,174968
4957545,1377203
4957545,2340823
781345,554842
781345,979532
781345,1190895
781345,1118432
7312745,7744
245345,90259
245345,1220926
245345,198990
245345,606786
158745,682095
158745,156176
1944145,76652
1944145,659655
1944145,117602
1944145,213358
4059947,4018
4059947,1450
4059947,7480981
4059947,3402
4059947,1509878
3297547,3402
3297547,192454
3297547,4018
3297547,1017728
998547,9002658
998547,9002466
998547,999043
2259751,46562
2259751,3484428
2259751,547572
2259751,3887
285351,24146
285351,269788
285351,195167
285351,195227
285351,456022
411551,83465
411551,161090
411551,3948694
1817759,35792
1817759,2851801
1207159,148092
1207159,3417
1207159,286165
45559,585678
45559,18154
45559,269788
45559,16013
45559,195167
8362959,107037
8752559,3349289
423959,8916074
5755959,610412
949964,5535018
949964,4838534
949964,127932
64164,68308
64164,7496
64164,26987
64164,149182
64164,991276
1423964,12975
1423964,52828
1423964,9986660
234164,195227
234164,262837
234164,3417
234164,16013
234164,18154
5903570,3117289
3356170,2457982
3356170,3039347
3356170,222444
3356170,97173
2477570,1636005
2603970,534
2603970,740554
2603970,1629776
928370,149505
928370,695818
928370,1960670
2339976,658734
2339976,91696
2103576,148909
2103576,2103552
2869576,16890
2869576,26849
2869576,2384274
1055579,59105
1055579,1239600
1055579,1374421
1055579,35912
983579,262837
983579,226967
983579,47344
1143379,3202311
1143379,24963
1143379,72537
1143379,1938572
59179,1919409
59179,28461
59179,213358
59179,2136
59179,2339
1415379,1349110
1415379,1381663
1415379,2443565
2525979,590668
2525979,1401521
1219189,150993
1219189,3204407
4072389,5987938
4072389,4133508
2112189,2905263
2112189,6701525
228189,7637
228189,427564
4803789,374734
4227389,222184
4227389,1589105
4227389,5898299
4227389,5898431
1379589,3422929
1379589,398358
24791,43835
24791,654945
24791,71968
24791,16013
24791,195167
4944991,3441
4944991,667564
7430591,1878778
8449991,8449942
1693197,25697
1693197,165134
1693197,89404
1693197,971436
1693197,1636601
1047597,3922720
1047597,480200
1047597,626186
5979597,3400923
5979597,2041453
5979597,4121758
669597,568108
669597,10107695
669597,2419145
1481597,401393
1481597,6258018
1481597,1828506
4857997,116621
4857997,287875
4857997,429563
4857997,293438
483610,2183863
483610,5659
483610,2783978
483610,113956
3498816,1420300
3498816,2423942
3498816,39365
2116419,760
2116419,2116484
2116419,2116420
34819,8765975
34819,95845
34819,3148262
918819,1835814
918819,8767493
918819,412674
2646424,92173
2646424,3417
2646424,3387521
1166424,1690026
1166424,946742
1166424,2996195
1988024,1147472
1988024,47575
1988024,1313597
1988024,176542
20826,2073974
20826,8766797
20826,90259
527226,858187
527226,827087
527226,5408701
92826,160645
92826,6697188
92826,1222575
13626,78945
13626,8770017
13626,8942126
13626,8799353
13626,13650
729629,1180051
422829,88515
422829,90259
422829,26048
422829,1835814
248429,253506
248429,908540
248429,216596
1333644,1333646
1333644,2837726
1333644,9115487
1333644,6819685
217244,195167
217244,3994752
217244,2303857
217244,1781693
554844,8766814
554844,8882374
554844,8766797
4176848,52828
4176848,5915278
4176848,2443982
4176848,8768076
1149248,4156560
1149248,1735242
1149248,1736139
1149248,217894
2198448,52828
2198448,2702152
2198448,8769533
2198448,8765167
2198448,8814695
5453250,5421029
5453250,5994113
70850,903844
70850,13650
70850,903853
70850,101856
536850,109743
536850,101856
513660,4007675
513660,8787306
1964865,83892
1964865,1964873
1964865,9341212
1964865,1964895
1964865,1965024
4156873,3390317
4156873,20256
4156873,140112
4156873,1291740
802473,4500480
802473,2674501
802473,3482654
1323275,1514446
1323275,8549022
1323275,39365
1323275,601068
3387280,5993506
3387280,10675240
3387280,39365
61680,243999
61680,1444808
61680,8607
4689280,4689457
4689280,35381
4689280,8768126
2456084,8825682
2456084,5807486
2456084,8370833
2456084,9238767
784088,8762941
784088,780123
784088,784083
1158106,1835814
1158106,297121
1158106,90259
1158106,4673643
1423306,7496
1423306,108457
2763306,8592925
2763306,4124170
2763306,6923639
4976911,628228
4976911,11046093
4976911,7600447
4976911,1735242
419311,8880243
419311,2275016
419311,7375
419311,39365
513311,9416738
513311,3165690
513311,5993506
513311,8781172
513311,9961175
513311,9641485
3340111,1590143
3340111,1828506
2239311,8979661
2239311,132005
2239311,2239316
54525,214324
54525,537352
54525,405908
176525,2341692
176525,11212562
176525,4639072
176525,998392
23332,569359
23332,5952275
23332,3487100
23332,29862
4164932,735913
4164932,62154
1732935,39365
1732935,1734924
1732935,20256
843335,8979977
843335,90259
843335,6617768
491341,7473457
491341,7473373
491341,20256
491341,2073811
491341,39365
435741,52828
435741,116000
435741,7813839
435741,15889
78541,131212
78541,551626
78541,227522
350548,21647
350548,105897
138158,8765041
138158,22893
138158,90259
138158,29424
138158,1835814
22159,5585323
22159,5585341
22159,565863
2188959,39365
2188959,90259
2188959,1522863
2188959,2180272
721768,10031335
721768,4010059
721768,109851
207368,9023500
207368,3334476
207368,1037354
207368,29176
427771,3930092
427771,9015437
427771,1290555
2003373,451939
788973,979719
788973,1190895
788973,8652785
869773,3222728
869773,2791813
869773,31462
869773,4250912
7373,120076
7373,654392
1274976,259620
1274976,5542382
1274976,8765658
512176,903853
512176,8797606
778976,39365
778976,3594891
778976,5904549
568576,158511
568576,90259
568576,240931
568576,697037
568576,388590
1506576,53767
1506576,195167
1506576,5379610
1506576,2885054
6933776,3056011
6933776,6933786
6933776,5716314
593781,626842
528181,4449420
528181,1020802
7527781,7787620
7527781,2236834
7527781,2831813
7527781,7675712
7527781,2458047
7480981,11258233
7480981,11258232
7480981,7950094
7480981,2344399
4122181,8781351
4122181,9006827
4122181,3609850
912989,9351470
912989,9929
912989,8911807
912989,1700607
873389,8767492
873389,54031
873389,90259
35792,175428
35792,4977248
35792,9288684
35792,1028738
21392,119067
21392,448429
5454607,4999126
5454607,2442896
5454607,5143889
5454607,1582441
795007,541351
795007,1216995
658207,8765658
658207,99625
658207,1366920
658207,8799766
3581807,52828
3581807,3581815
3581807,3581809
264613,491417
264613,195167
264613,1114897
1445013,2035386
1445013,1202464
1691013,384981
1691013,15278
852213,1177584
852213,730619
129813,1316161
129813,90259
129813,29299
129813,726987
444613,1208609
444613,185365
444613,11218753
444613,3356170
8613,551626
8613,1083225
8613,2284729
8613,402826
1038628,234225
1038628,1956057
1038628,4726978
1038628,1202547
3617029,39365
3617029,7690072
3617029,8820340
574229,24791
574229,1828506
574229,39365
574229,2768687
5536229,1389297
419833,1686227
419833,417634
419833,273356
201833,11002654
201833,417177
201833,655415
201833,1493801
3503033,1675884
3503033,8767492
3503033,285761
828633,3330113
828633,1982725
828633,1983101
2687833,859037
2687833,616620
1379436,1541051
1379436,1000926
1379436,2672100
1379436,9620625
1379436,2953201
971436,7375
395836,9004688
395836,395840
395836,1005016
395836,3488630
527036,39895
527036,527009
527036,7637
1094636,239726
1094636,1094653
1094636,8706372
769037,8860835
769037,8768921
769037,7481889
107037,3389261
107037,5475141
107037,1847796
107037,1343612
515037,1979529
515037,3938556
515037,653771
515037,295405
515037,10025003
3983837,10261209
3983837,2047668
3983837,218134
425450,5247225
425450,1431140
425450,8769533
622250,412674
622250,937520
622250,655953
148653,8770686
148653,140385
267853,10061431
267853,929605
4653,90259
4653,8766814
4653,389953
4653,914319
4653,571750
4653,8767812
168657,2077924
168657,2504345
168657,99625
3034257,1023204
3034257,4042323
3034257,5890864
1228257,6608089
1228257,6923848
1228257,160650
973872,994903
973872,5968764
973872,39365
421872,8797606
421872,295835
363872,20256
363872,9890065
363872,3997972
363872,295405
1662672,3478031
1662672,485497
1662672,66732
1662672,76009
1662672,1662429
189477,426605
189477,4838566
189477,8765167
189477,2674501
1743887,2456541
1743887,5412817
1743887,266546
1743887,99625
1743887,2501553
1743887,6522999
827087,1503388
827087,1431140
827087,1641875
122687,430211
122687,1958009
122687,101856
122687,571031
5898299,4227389
22299,2284861
22299,2284836
22299,9468397
22299,3287304
22299,155474
22299,121335
951899,3030449
951899,17671
951899,1083684
950702,8770978
950702,3479745
950702,8790603
950702,395087
950702,9915695
950702,1602774
862303,3213546
862303,2702152
862303,9634973
862303,7606599
862303,2417847
232303,1902369
899103,20432
899103,2814899
899103,2814914
899103,90259
677906,2871422
677906,134381
677906,1329059
677906,3942879
677906,250452
4713906,194943
4713906,429236
4713906,2783978
4713906,11022843
4397906,39365
4397906,4397847
482306,9002092
482306,1341550
447510,8767492
447510,90259
447510,8792040
1106710,7813839
1106710,561474
247910,248050
247910,8773230
60710,2347237
60710,10822
60710,6895566
60710,4447
281910,8814669
3335515,11060706
3335515,8922461
1445915,1445926
1445915,426605
1445915,85336
1445915,391471
1445915,1835814
1445915,1445941
4073515,47105
32723,1380624
32723,62232
32723,62382
1083123,67165
1083123,380011
1083123,1162339
911523,8770978
911523,9522157
911523,9522236
911523,2413285
911523,8770773
430323,59913
430323,241559
1343123,220968
1343123,8767492
1343123,584597
1511130,1148993
1511130,3407072
61930,8763033
61930,2437823
61930,61953
61930,61417
61930,525482
6623938,6536672
6623938,6824078
6623938,4124170
6623938,2072087
6623938,1329131
1927538,426605
1927538,2018550
1679538,1222575
1679538,8799766
1679538,1590536
3351138,8923313
3351138,8780824
3351138,9339200
3351138,5904549
3351138,8765167
1310344,8789176
1310344,8783560
404744,8764421
404744,90259
404744,5833481
404744,29564
404744,8766797
861944,389373
861944,709738
861944,708916
693944,2821573
693944,2056963
693944,9282893
3368744,3317711
3368744,3435195
3368744,3489434
3368744,4803789
3368744,1470950
2072346,21647
2072346,838058
2072346,133841
2072346,133839
2960346,195167
2960346,2960715
502746,1675913
502746,29862
502746,1675842
502746,1676039
4892346,4343588
4892346,4892420
4892346,3034045
52351,288616
52351,737118
52351,576533
52351,1554365
52351,584597
1072351,8795095
1072351,2076690
1072351,8868237
1072351,1998666
1878354,1379589
1878354,1052602
1878354,1541051
5811554,11045754
5811554,11045811
5811554,9169148
411564,1367687
411564,15874
411564,4876358
411564,101856
411564,734246
1422764,199436
1422764,5454932
1422764,633569
2679576,2074052
2679576,128627
1627976,9680652
1627976,1019699
1627976,1302065
114776,627427
114776,90259
114776,15009
1146779,8988176
1146779,13950
1146779,1686227
1146779,1043971
1146779,1462998
1382388,452134
1382388,646046
1382388,678242
1382388,1239448
4177989,4672803
4177989,4178021
4177989,1972442
3296389,53767
3296389,4695161
3296389,1610499
1214395,13187
1214395,125966
1214395,426605
1214395,14880
76795,480322
76795,46232
76795,4986076
76795,22691
76795,510932
76795,881985
7942795,7943001
7942795,2847051
7942795,7943030
929605,5518748
929605,1056763
929605,1709705
1836011,705211
1836011,1520705
1836011,3307591
3056011,1724689
557618,112712
557618,3887
557618,16201
557618,490749
557618,17389
600818,600803
600818,23179
600818,120441
3596024,4024136
3596024,3898213
5350427,2459123
7943227,5988356
2177627,859772
252830,8775267
252830,407326
252830,1061699
252830,9211926
252830,90259
252830,200239
129642,3036653
129642,5847387
3036053,566435
3036053,3188990
3036053,681779
8296857,6821570
7759257,7735448
7759257,7758915
7759257,5715445
1956057,1916880
1956057,54999
1956057,3060561
1956057,4217890
3507269,46562
3507269,7735881
3507269,81868
3507269,685774
5991272,5988442
7094479,293438
1196879,3439374
1196879,161635
2072087,6624461
2072087,47344
2072087,269788
2072087,1628997
1972887,217659
1972887,2183768
1972887,3402
1972887,47164
7276102,12469
5739308,1723928
259308,2637094
259308,259192
259308,452415
6899308,5884517
6899308,2450685
6899308,3898402
3154508,3154334
6698509,1849509
6698509,5047614
6698509,3402
6698509,1450
6698509,796663
1316109,402689
1316109,129633
1316109,109418
1953723,82831
1953723,1629776
2950525,1118432
2258544,151130
618544,480525
618544,4116951
618544,16013
2477746,1375101
2477746,5951168
2477746,22792
3995357,3428400
3995357,979647
3995357,3625097
3995357,4208964
3995357,481738
2822567,148671
2822567,645170
728167,515292
728167,1674005
728167,728281
7062589,6702027
421789,8923135
421789,3212598
421789,93503
800189,72537
800189,2441411
800189,456022
8601000,1149873
781009,1626252
781009,377739
781009,10322414
781009,9013865
1225009,99955
1225009,438134
3581809,3581807
611415,1663405
611415,4530621
611415,611138
611415,185624
554618,7496
554618,1381086
627427,23326
627427,114776
627427,46115
659430,453945
659430,165134
659430,422508
2689830,70779
2689830,98209
2532230,5799167
2532230,13911
2532230,150876
2532230,565110
1211436,692526
1211436,3759016
1211436,2207107
1211436,690353
199436,199411
3917036,3319163
3917036,1369086
3917036,3034773
3917036,4120212
2089838,593781
2089838,69009
2089838,422654
1939438,4065639
1939438,980873
1939438,1149873
1939438,3099038
38638,2325187
38638,626265
38638,62402
3028240,1209106
3028240,619296
3028240,513679
4881853,4881840
3433073,545662
8031475,18097
2649075,119478
2649075,493566
45875,1101214
45875,3851261
45875,4119801
45875,3498702
6533084,18154
6533084,91789
6533084,47164
4193097,8733375
4193097,195167
4193097,444786
4193097,619479
1796299,430043
1796299,118629
1796299,1349110
1453899,841924
1453899,2048855
1453899,482306
1453899,2067440
8605899,5884517
1161099,1541537
1161099,3117289
2149899,177144
2149899,904313
7493899,496469
6903502,1770127
6903502,1140718
6903502,10565
3508308,13582
3508308,422508
3508308,109015
3508308,7768
3432315,1552153
3432315,3319163
3432315,4225928
1693121,8859411
1693121,8766488
1693121,8819986
1693121,165134
1693121,32182
297121,428240
297121,22787
297121,408693
297121,124646
1851535,4118485
1851535,16013
1851535,264408
1851535,18154
657135,8121005
657135,717036
657135,657080
7432335,4753845
5950744,91789
5950744,3417
5950744,4409765
231544,194024
231544,69554
231544,388296
1147548,432331
1147548,7623415
1147548,5709844
8592362,483507
8421180,2058398
6925181,48094
4174784,1552153
4174784,3319005
4683595,4683545
194001,26849
194001,484378
194001,1151541
2953201,650571
2953201,11126
2953201,2340
2789207,85832
2789207,269842
2789207,85999
2789207,3413465
3011607,876747
3011607,3358565
1899612,239692
1899612,8376012
1899612,696369
4152412,264408
4152412,1450
4152412,2339
1343612,423191
1343612,1450
3219612,913362
3219612,445062
1229215,46115
1229215,152139
1229215,6636728
1229215,495817
1229215,2714988
1519634,1474743
1519634,72537
1519634,4343637
1519634,222525
644443,207565
644443,142428
644443,562535
1348443,397967
1348443,573848
1348443,2443565
838058,8762941
838058,706345
838058,8794557
560463,559577
560463,560503
560463,260213
496469,681670
496469,5968764
496469,1159761
496469,558816
496469,10027228
970072,2878378
970072,2910246
970072,3087615
7690072,5513017
7690072,3617029
7690072,4330274
7690072,7102252
14880,288368
14880,694931
4500480,8763510
4500480,2168783
4500480,2396031
4500480,54031
3171680,15096
152492,8778928
152492,8774244
152492,9671776
152492,20256
1042107,194943
1042107,71968
7882107,8107764
7882107,5993851
7882107,7958824
7882107,1675696
81307,48885
1336516,1336512
2116518,2116419
4693323,1208935
2621334,5621603
2621334,2634223
2621334,3007862
2621334,5621609
2621334,1158650
2169338,409
2169338,2095858
2169338,2169337
8419753,1064493
1852557,1140718
1852557,18154
1852557,269788
1852557,16013
2089364,3926639
2089364,1575504
127764,2323207
127764,127761
127764,86512
7870967,4424962
15767,15574
15767,119477
15767,441220
7473373,491341
389373,386941
389373,152879
61392,33214
61392,402574
61392,287039
61392,68286
3449392,45484
3449392,6645991
3449392,743338
1290997,241768
1290997,551768
1290997,71968
1290997,3402
1950205,1883617
1950205,573848
892620,4323248
892620,269788
892620,128469
629,131443
629,29770
629,903968
4228645,1781943
4228645,395353
6750245,1382473
6750245,55402
1382273,174681
1382273,3298522
1382273,393428
1382273,1128372
2177473,859772
29473,3402
29473,5740620
2290273,2370825
2290273,565110
2290273,6899106
2290273,121193
1027075,468831
1027075,486402
1027075,2661378
1027075,667564
3416680,103390
3416680,1374384
3416680,3887
3416680,53468
3416680,1450
7623080,5987822
1478280,904813
1478280,253421
1478280,69441
101487,40474
101487,194943
101487,487447
5518294,133172
5518294,464034
5518294,1788601
4827094,1147472
4827094,1445013
4827094,2134000
4901498,8820340
4901498,4371526
4901498,7202490
5408701,52828
5408701,8770017
5408701,8767722
84701,2482982
84701,4008909
84701,90259
84701,8765658
3067107,3948694
3067107,2206856
3067107,3979634
97507,131443
97507,626265
97507,97220
97507,61048
4959108,1202400
4959108,3174444
4959108,3917249
425514,451879
425514,16890
425514,424531
2647922,39895
2647922,3887
2647922,7790603
2647922,195527
183130,129642
183130,23803
183130,297831
1133540,4039995
1133540,2342701
1133540,1116022
1133540,7790603
3213546,862303
62382,422508
62382,131443
62382,15641
62382,32723
2443982,448013
2443982,2442892
1313597,8278584
1313597,5376144
1313597,1988024
1313597,400047
22397,1133116
22397,72537
486402,2963505
486402,20256
486402,925418
486402,8967280
2430405,1430807
2430405,1169211
2430405,11085678
4065639,11228927
4065639,9193918
4065639,11206830
4065639,1444372
1628845,2669550
1628845,426605
1628845,428256
4323248,2669605
4323248,8765103
4323248,8778270
545662,116294
545662,3433073
545662,1199738
545662,9270104
3236864,927478
3236864,979826
3236864,160153
3236864,10088916
3236864,4250912
148877,90259
148877,189620
5452879,8765658
5452879,8977322
5452879,260596
86512,189751
86512,101856
86512,127932
86512,90259
86512,1696506
1320112,4982886
1320112,2860853
1320112,8957563
1320112,6700930
1326548,6640
1326548,376500
1326548,119446
5750563,1313282
5750563,47575
3168194,4525668
3168194,3168226
3168194,2341
3168194,8958859
1350599,548945
1350599,2074062
1350599,8767493
1350599,8785817
62636,1329059
62636,20256
62636,10020845
62636,39365
3219447,71968
3219447,3219631
3219447,1042321
3219447,1829866
435468,10373741
435468,8872662
435468,2099967
435468,6929300
435468,5399962
617869,8567976
617869,7140882
728281,728167
728281,1686227
296289,81586
296289,2956910
296289,13266
296289,641833
1133116,8799353
1133116,5007244
1133116,2324026
1133116,5007289
1781123,5884571
1781123,8914586
1614723,69009
1614723,188963
1614723,1682214
1614723,103390
2427543,39365
2427543,9002092
2427543,1735242
2427543,215690
1581161,4324558
1581161,429236
1581161,195167
1581161,3384764
1128372,9265080
1128372,246489
1128372,113555
1128372,8766797
133172,5518330
133172,266519
133172,99625
133172,5518294
3053205,3407072
3053205,3899574
3053205,4150332
693205,9248139
693205,2076690
693205,8765712
1101214,946742
1101214,8765712
1101214,1210805
1101214,5993506
1651645,9338751
1651645,387503
1651645,1653059
1651645,8776623
1651645,39365
2882054,90259
437256,1052765
437256,1735186
437256,1735242
437256,2953880
437256,8787316
437256,667293
437256,1734924
2206856,3067431
2206856,3066919
2206856,3067797
128469,2830148
128469,8862417
128469,8765658
266069,185365
266069,16466
266069,5007289
266069,1332536
1605318,534
1605318,780049
1605318,7496
1915718,8780824
1915718,9016598
1915718,9937315
1915718,1613885
1915718,8738580
694918,257681
694918,90259
694918,220423
693340,8773831
693340,8765658
693340,8773911
512540,88518
512540,5993506
512540,8764421
512540,295405
1666140,11040718
1666140,1735242
1666140,16466
405344,1512092
405344,3416680
405344,195167
405344,626842
1130144,2057362
1130144,9270196
2082152,1822660
2082152,1511521
2082152,195167
2082152,9840155
2082152,7327664
1877367,195167
1877367,4042323
667767,429236
667767,72033
667767,195167
667767,4868373
8733375,4193097
699785,144649
699785,10442428
699785,5592056
699785,8767677
2088594,80383
2088594,266748
2088594,2047668
2088594,10469505
274212,9432410
274212,8200995
274212,10303319
95018,2831267
95018,185365
95018,618733
95018,1087255
4152619,221020
4152619,7573633
605419,2079000
605419,2078576
605419,116294
605419,2078946
551023,1083833
551023,1083844
551023,1083854
551023,1083865
551023,1953723
693447,1623900
693447,137808
693447,910812
693447,8395290
1331854,258507
1331854,1208135
1331854,4224902
1331854,10107282
1331854,1283125
1325456,8778105
1325456,3364750
55067,2284836
55067,1781693
55067,654063
55067,10243410
5987867,7787662
5987867,7690870
4330274,8120181
4330274,8042911
4330274,7923547
71074,7409062
71074,1443960
71074,3148506
71074,7409180
71074,4594172
15096,1892582
15096,1326499
15096,5968764
15096,13950
237501,1393386
237501,1029653
237501,5986714
4890301,9186105
4890301,1376933
4890301,10973812
1375101,2477746
1375101,8768921
1375101,2717584
1375101,194943
6834347,11212562
6834347,11212429
1128756,1233424
1128756,52828
1128756,17394
1128756,90259
402369,541092
402369,54447
402369,6651891
1555974,1556206
1555974,1944145
2800806,376742
581606,10035614
581606,2771890
581606,5904549
581606,4126841
4903218,71429
4903218,96853
4903218,4151173
1116022,4725380
1116022,5972445
1116022,1192048
1116022,3322755
5570446,2387451
695254,1835814
695254,2631913
695254,9603472
1111265,439886
1111265,7496
1111265,280514
3594474,9992483
3594474,1762824
1916111,8772564
1916111,8804252
1916111,1314758
1916111,52828
1916111,617422
743338,2443949
743338,1677865
743338,7453832
263339,5767392
263339,5063490
263339,80503
263339,71858
263339,4215322
263339,1382622
1223345,61075
1223345,120835
1223345,91299
2180145,287649
2180145,1637797
2180145,8770017
258589,2614460
258589,1087255
55402,1144250
55402,2831267
55402,1497785
55402,2363940
1185005,9407964
1185005,1185231
1185005,1594012
1185005,1182130
1663405,2079171
1663405,9387662
884215,9116776
884215,101856
884215,34178
884215,1514446
617015,913203
617015,2092004
617015,962786
617015,1635597
1927430,54999
1927430,16054
1927430,1369331
197860,1180051
197860,1958009
197860,2099417
197860,101856
535483,1852418
535483,2831267
535483,744019
535483,185365
452283,655415
452283,337583
2450685,8780824
2450685,6899308
7281115,1381663
7281115,111800
39515,1910751
39515,9866954
39515,9866750
39515,9866904
39515,509968
39515,3283918
177144,2996020
177144,401393
177144,282037
177144,380961
1762744,451933
1762744,4021143
490749,1023204
490749,557618
490749,4007675
490749,9207594
490749,4042323
4665149,10180668
4665149,4659515
4665149,2111186
441156,107075
441156,8773897
6701981,681804
6701981,1323203
6701981,4133446
6701981,96803
6701981,13091
575584,2778617
575584,1970088
2129193,3015661
2129193,52828
2129193,2702152
412393,3935641
412393,574187
412393,1180147
22016,90259
22016,198990
22016,8767688
22016,1235893
22016,8780760
3394827,4113262
3394827,1020266
3394827,1220659
111627,39365
111627,8781454
111627,3262661
454029,8766797
454029,454061
454029,970503
454029,10373
454029,90259
454029,236327
1001269,1656363
1001269,194943
1001269,629736
1001269,1761281
684469,13650
684469,101856
684469,452134
12469,195167
12469,7275987
12469,10768155
12469,7276102
2174085,3494794
2174085,3494771
2174085,4007441
2174085,8879414
68500,1701441
68500,99104
68500,644604
668501,8848629
668501,671304
668501,1366920
242930,18154
242930,71968
242930,194943
242930,16013
242930,269788
1122930,1637797
1122930,8765066
1122930,1637794
1122930,121335
2236530,2347237
2236530,5993506
2236530,10989556
2236530,397008
2236530,2399509
170933,9210753
170933,1580134
170933,653771
170933,7436303
170933,418199
170933,8764421
502164,220850
502164,5777220
502164,584597
502164,1356522
3903767,8768055
3903767,1438320
3903767,155962
25367,8866110
25367,113956
25367,384749
25367,2043562
25367,8808493
25367,5659
7768,242642
7768,35178
2183768,1718
2183768,1019629
2183768,1689444
2183768,3321555
2183768,534813
113393,79066
113393,16216
113393,2897252
113393,734891
1681410,584816
1681410,8994520
1681410,293416
1681410,9853333
545419,4803789
545419,429236
545419,8787316
545419,4303368
1484619,455190
1484619,194943
1484619,2263894
1484619,2075914
2076659,90259
2076659,18178
2076659,12852
2076659,8868170
1635067,1635597
1635067,1223345
5387067,1342942
5387067,90259
5387067,5387247
1150292,4195035
1150292,54999
1777503,2076058
1777503,6836
1777503,2076046
1777503,65367
4727905,772343
2459123,5350427
2459123,9106686
2459123,39365
2459123,3204818
4838329,187127
511938,5728910
511938,1518004
511938,1494853
611138,387115
611138,8765658
611138,438372
611138,611415
611138,8915060
78362,400820
78362,1011995
78362,9009370
78362,24791
289562,2950305
289562,90259
289562,12928
100762,100794
100762,281845
100762,760
4065569,4792457
4065569,2825321
4065569,4639072
1808003,1807931
7792016,7790603
1808023,1041914
1808023,1807931
5728033,5727447
8240075,1202400
2144079,2143581
2956910,98209
2649746,80335
4284979,11239169
4284979,8763510
4284979,9113575
4284979,2702152
7209805,1629776
7209805,3400923
1341005,52451
1341005,5661027
1341005,1377203
1341005,2396885
1341005,1336634
1222612,195167
1222612,654945
1222612,456022
1222612,5737970
230632,11191
230632,3718
230632,23803
230632,61486
230632,539831
16243,654945
16243,195167
16243,3385034
16243,3387521
2051483,470269
3475525,3475461
3475525,534
45149,45008
45149,44946
45149,45031
1539574,654945
1539574,2175644
1539574,69009
1062782,1150777
1062782,5988442
1062782,16201
2627587,913362
2627587,68961
2627587,2699168
2627587,4993566
1494853,511938
1494853,1643121
1494853,493457
1494853,1494851
8374869,16252
2282119,52498
2282119,268262
2282119,284687
2282119,129379
1898209,3503155
1898209,4724061
1898209,4515159
1898209,214487
1898209,5753490
7091820,1656476
1837445,5981648
1837445,300762
5063078,5063040
2650316,684100
2557516,153474
2557516,71863
4026333,2938127
4026333,4025908
487180,8764421
487180,20256
487180,39365
4026391,4025908
4026391,3111165
256816,1014656
256816,22047
189620,142264
189620,447606
189620,23074
189620,129642
189620,288368
400820,3475461
400820,154714
400820,9164
6858482,4753845
6858482,32405
6858482,5484985
6858482,3487
103285,448763
103285,5993506
103285,448865
103285,8768921
103285,3028240
103285,448846
2378532,2811600
2378532,195167
2378532,16013
2378532,654945
4448939,9880169
4448939,39365
1709765,738441
3009023,47575
3009023,556188
36243,882728
36243,469126
122649,12928
122649,230798
122649,227612
548254,160617
548254,1377203
548254,36290
8637860,4684392
7671508,8107764
7671508,5513035
7671508,4330274
244313,81750
244313,3304866
244313,708714
4791576,10206306
4791576,4791605
4791576,8981156
4791576,237501
7409180,71074
5777220,502164
5972445,1322407
5972445,200408
4042879,18097
4042879,3341688
2142087,17195
2142087,17186
292488,6930622
292488,979719
292488,39895
4890897,5728864
4890897,5987587
4890897,4890868
3207721,72709
2257334,7327760
2257334,1392566
2257334,45484
2257334,2257333
1035013,1033095
1035013,715824
1035013,191987
3335845,8528
3335845,3335444
1662259,18154
1662259,3417
1662259,47344
1662259,194943
4043092,185624
7047913,89068
2631913,695254
2631913,5994113
5399962,435468
8567976,195167
100794,100591
100794,101000
100794,698741
17639,564324
17639,71968
17639,7496
17639,235795
17639,6919761
5387247,5387067
2638471,917929
91299,626265
91299,199128
91299,684492
91299,108946
1326499,15096
1326499,868693
3016099,4169888
3016099,5497885
3016099,7923547
3016099,8107764
3016099,5513035
3323371,1505933
3323371,3646454
59383,59339
59383,59478
4798609,513121
4798609,1941483
4798609,3618196
2453024,213358
2453024,39895
2453024,2339
453035,654945
453035,388296
453035,28882
453035,16013
1704235,1151541
1704235,3314796
1704235,3070693
1704235,3437840
1704235,1103005
443463,442962
443463,249546
443463,3335444
443463,699756
443463,4154428
1185878,6586106
1185878,853012
1185878,681819
1185878,438825
1557086,1557039
1192339,670438
1192339,3342059
1192339,2940879
670750,6834610
670750,565734
670750,7499814
17950,3402
17950,184837
17950,2997194
17950,129136
17950,69009
283558,644539
283558,282726
283558,450562
101188,6841952
101188,905284
101188,100762
101188,100945
981191,7496
981191,43558
981191,933615
2622833,1017728
2622833,55402
2622833,1591610
2622833,3402
2622833,53468
2622833,1496379
370051,368092
370051,105897
184471,59913
184471,113956
184471,189751
184471,12928
8686910,1073951
2286949,840349
1637370,1632063
34178,34274
34178,534
34178,884215
5752583,1438320
5752583,3490770
5752583,9009351
5752583,295950
3067797,619296
3067797,443746
3067797,3277
376632,1987861
376632,45642
376632,108646
6792640,40415
6792640,1325906
1656655,6688
1656655,11539
1752669,121193
1752669,471646
1752669,113393
1752669,20432
562308,751896
562308,888161
562308,421076
994332,914319
4891954,1026026
4891954,1721939
4891954,5045524
565567,3086621
565567,629661
565567,6841952
565567,2474484
565567,2397298
7637638,7637564
7637638,7923547
7637638,8000051
5359252,4169888
5359252,7951021
3288858,218509
1016868,583125
1016868,242728
1016868,7450683
380099,23354
380099,102875
380099,122691
380099,122687
380099,63011
140112,195167
140112,165134
140112,16013
6898540,6899199
6898540,6899196
1333751,1007470
1333751,4397906
79364,8793742
79364,8768055
79364,8793747
7893764,5513035
7893764,4169888
7893764,2654849
7893764,7141866
1666571,872552
1666571,2349514
412191,2515239
412191,412181
412191,665101
412191,571920
412191,2609773
553004,12801
553004,288368
553004,402056
780204,5671277
780204,90259
780204,88826
780204,65367
3298617,54476
3298617,119478
7061817,89068
1157819,23203
1157819,3759016
1561038,855839
1561038,1019187
1369042,512986
8111445,8107764
8111445,8108055
6569084,935215
6569084,28882
6569084,962899
4524313,5662790
4524313,43558
4524313,6841952
853913,2787158
853913,8851462
853913,29424
853913,90259
853913,8764399
2300366,3402
2300366,2430405
645989,3424574
645989,59080
645989,8096430
300394,2136
300394,407048
300394,1287749
300394,39895
4626800,547132
4626800,195167
4626800,3417
4626800,32405
4626800,284688
8418807,1064130
278034,2186945
278034,101103
278034,521395
454046,1336634
454046,1007470
454046,454029
7327664,1342666
7327664,2082152
8258881,3328710
7986990,3617029
7986990,7923547
1532590,5968764
1532590,1288152
1532590,9370411
7090990,1818004
7090990,3759016
4931040,3428400
387042,780325
387042,641600
387042,780713
387042,386936
8406261,8596
3030270,262837
3030270,1956057
3030270,407048
3030270,411343
4409492,48221
4409492,2821383
4409492,16203
3241530,8836429
3241530,8981156
3241530,8775121
3241530,8768033
3366338,3366012
4012738,1919409
4012738,1340935
4012738,1178698
4534343,3364
4534343,480525
3366345,3366012
639975,622760
639975,2339
639975,1016602
