638,41,107
638,534,107
638,41,222
638,534,222
638,41,643
638,534,643
638,41,243
638,534,243
638,41,601
638,41,641
638,41,656
638,243,41
638,547,41
638,272,41
638,480,41
638,504,41
638,534,41
638,601,41
638,608,41
638,72,41
638,641,41
638,672,41
638,41,72
638,41,623
638,534,4577
638,41,339
638,534,339
638,534,7163
638,41,272
638,534,272
638,41,547
638,534,547
638,41,672
638,534,672
638,534,2215
638,534,38
638,534,2303
638,41,556
638,534,556
638,534,2597
638,107,534
638,480,534
638,41,534
638,623,534
638,339,534
638,72,534
638,547,534
638,672,534
638,243,534
638,38,534
638,272,534
638,608,534
638,41,608
638,534,608
638,41,564
638,534,564
6011,7051,681
6011,1424,681
6011,11126,681
6011,3887,681
6011,3364,681
6011,3402,681
6011,1424,831
6011,3682,11111
6011,7051,11111
6011,11142,11111
6011,3682,4155
6011,3682,3950
6011,2297,3950
6011,7051,2959
6011,11126,2959
6011,2340,2959
6011,3887,2959
6011,11142,2959
6011,3364,2959
6011,3682,5713
6011,1424,5713
6011,2311,5713
6011,11126,5713
6011,3402,5713
6011,3682,9071
6011,7051,9071
6011,11126,9071
6011,2340,9071
6011,3887,9071
6011,3364,9071
6011,1424,2718
6011,1693,2718
6011,2297,2718
6011,2311,2718
6011,3887,2718
6011,11142,2718
6011,3364,2718
6011,3402,2718
6011,3887,741
6011,3364,741
6011,3682,8319
6011,7051,8319
6011,1424,8319
6011,11126,8319
6011,2340,8319
6011,3887,8319
6011,11142,8319
6011,3364,8319
6011,3402,8319
6011,3682,5574
6011,9679,2311
6011,3364,2311
6011,3682,2311
6011,7051,2311
6011,1424,2311
6011,11126,2311
6011,2340,2311
6011,3887,2311
6011,11142,2311
6011,3682,6471
6011,1424,6471
6011,11126,6471
6011,11142,6471
6011,7139,3682
6011,3887,3682
6011,2283,3682
6011,4083,3682
6011,4373,3682
6011,5001,3682
6011,5713,3682
6011,3530,3682
6011,5574,3682
6011,5871,3682
6011,11650,3682
6011,5937,3682
6011,6001,3682
6011,6518,3682
6011,6513,3682
6011,6559,3682
6011,5827,3682
6011,1423,3682
6011,7212,3682
6011,573,3682
6011,7015,3682
6011,794,3682
6011,1659,3682
6011,1424,3682
6011,7051,3682
6011,7731,3682
6011,7725,3682
6011,8302,3682
6011,8319,3682
6011,8565,3682
6011,8433,3682
6011,8679,3682
6011,8746,3682
6011,8862,3682
6011,1721,3682
6011,1604,3682
6011,8968,3682
6011,8959,3682
6011,9024,3682
6011,9080,3682
6011,9063,3682
6011,9199,3682
6011,9245,3682
6011,5238,3682
6011,11961,3682
6011,9299,3682
6011,9417,3682
6011,9517,3682
6011,5872,3682
6011,9531,3682
6011,9910,3682
6011,9577,3682
6011,9596,3682
6011,9607,3682
6011,8829,3682
6011,9800,3682
6011,9794,3682
6011,9801,3682
6011,9829,3682
6011,9181,3682
6011,9831,3682
6011,9679,3682
6011,9856,3682
6011,9876,3682
6011,10178,3682
6011,9540,3682
6011,10119,3682
6011,10422,3682
6011,10628,3682
6011,10622,3682
6011,10963,3682
6011,11142,3682
6011,11111,3682
6011,11155,3682
6011,10854,3682
6011,11157,3682
6011,11123,3682
6011,11126,3682
6011,11350,3682
6011,11357,3682
6011,11024,3682
6011,11406,3682
6011,11513,3682
6011,11443,3682
6011,2311,3682
6011,11471,3682
6011,11284,3682
6011,2340,3682
6011,11396,3682
6011,11559,3682
6011,556,3682
6011,11292,3682
6011,11939,3682
6011,11943,3682
6011,11881,3682
6011,7652,3682
6011,471,3682
6011,11972,3682
6011,11950,3682
6011,5980,3682
6011,7464,3682
6011,3682,9607
6011,7051,9607
6011,11126,9607
6011,2340,9607
6011,11142,9607
6011,3364,9607
6011,3682,9831
6011,7051,9831
6011,1424,9831
6011,11126,9831
6011,3887,9831
6011,11142,9831
6011,3364,9831
6011,3402,9831
6011,1424,2719
6011,2297,2719
6011,11126,2719
6011,2340,2719
6011,3887,2719
6011,11142,2719
6011,3364,2719
6011,3402,2719
6011,3682,3767
6011,2297,3767
6011,2311,3767
6011,3364,3767
6011,3402,3767
6011,7163,3364
6011,2283,3364
6011,741,3364
6011,9517,3364
6011,11559,3364
6011,3757,3364
6011,2311,3364
6011,8746,3364
6011,2718,3364
6011,6518,3364
6011,2916,3364
6011,9800,3364
6011,4106,3364
6011,1659,3364
6011,11284,3364
6011,7464,3364
6011,6513,3364
6011,2340,3364
6011,3478,3364
6011,7725,3364
6011,8829,3364
6011,11126,3364
6011,1374,3364
6011,1721,3364
6011,556,3364
6011,10422,3364
6011,9794,3364
6011,11961,3364
6011,1576,3364
6011,681,3364
6011,9876,3364
6011,10119,3364
6011,8565,3364
6011,11513,3364
6011,1488,3364
6011,1424,3364
6011,2719,3364
6011,7015,3364
6011,1423,3364
6011,9607,3364
6011,9063,3364
6011,2020,3364
6011,9801,3364
6011,7212,3364
6011,4373,3364
6011,8319,3364
6011,3709,3364
6011,9577,3364
6011,3402,3364
6011,3475,3364
6011,2328,3364
6011,3530,3364
6011,2569,3364
6011,2297,3364
6011,3899,3364
6011,1693,3364
6011,9024,3364
6011,9610,3364
6011,2290,3364
6011,2249,3364
6011,2959,3364
6011,11157,3364
6011,1473,3364
6011,8959,3364
6011,9829,3364
6011,9831,3364
6011,3887,3364
6011,3462,3364
6011,7051,3364
6011,3438,3364
6011,2977,3364
6011,2337,3364
6011,729,3364
6011,7051,719
6011,2297,719
6011,11126,719
6011,3887,719
6011,11142,719
6011,3682,7725
6011,7051,7725
6011,1424,7725
6011,1693,7725
6011,11126,7725
6011,2340,7725
6011,11142,7725
6011,3364,7725
6011,3402,7725
6011,3682,9063
6011,7051,9063
6011,1424,9063
6011,11126,9063
6011,3887,9063
6011,11142,9063
6011,3364,9063
6011,3682,5238
6011,7051,5238
6011,1424,5238
6011,11126,5238
6011,2340,5238
6011,3887,5238
6011,11142,5238
6011,3402,5238
6011,4260,1424
6011,6559,1424
6011,2718,1424
6011,9831,1424
6011,8302,1424
6011,5713,1424
6011,11396,1424
6011,3757,1424
6011,9856,1424
6011,6224,1424
6011,9417,1424
6011,6471,1424
6011,9596,1424
6011,10820,1424
6011,1604,1424
6011,9024,1424
6011,8959,1424
6011,11471,1424
6011,2249,1424
6011,11443,1424
6011,681,1424
6011,2719,1424
6011,6513,1424
6011,3682,1424
6011,2328,1424
6011,11284,1424
6011,1576,1424
6011,11943,1424
6011,9540,1424
6011,573,1424
6011,11559,1424
6011,3364,1424
6011,2311,1424
6011,8319,1424
6011,4373,1424
6011,1374,1424
6011,9794,1424
6011,1488,1424
6011,3475,1424
6011,8565,1424
6011,5238,1424
6011,1059,1424
6011,3887,1424
6011,10119,1424
6011,10422,1424
6011,2020,1424
6011,9829,1424
6011,2977,1424
6011,9577,1424
6011,5937,1424
6011,9876,1424
6011,8829,1424
6011,1423,1424
6011,2321,1424
6011,9800,1424
6011,9801,1424
6011,3899,1424
6011,794,1424
6011,10963,1424
6011,7725,1424
6011,7015,1424
6011,11157,1424
6011,8746,1424
6011,9063,1424
6011,729,1424
6011,3438,1424
6011,3478,1424
6011,11961,1424
6011,2337,1424
6011,3462,1424
6011,2318,1424
6011,2290,1424
6011,3709,1424
6011,7212,1424
6011,11126,1424
6011,2340,1424
6011,1721,1424
6011,6518,1424
6011,5001,1424
6011,3530,1424
6011,9199,1424
6011,556,1424
6011,5827,1424
6011,7051,1424
6011,11513,1424
6011,9679,1424
6011,11406,1424
6011,3402,1424
6011,9517,1424
6011,2297,1424
6011,1693,1424
6011,11142,1424
6011,7731,1424
6011,5872,1424
6011,5871,1424
6011,471,1424
6011,3682,5894
6011,11126,5894
6011,11142,5894
6011,3402,5894
6011,7051,1604
6011,1424,1604
6011,2311,1604
6011,11126,1604
6011,3682,3709
6011,7051,3709
6011,1424,3709
6011,2297,3709
6011,11126,3709
6011,2340,3709
6011,3887,3709
6011,11142,3709
6011,3364,3709
6011,3402,3709
6011,3682,4373
6011,7051,4373
6011,1424,4373
6011,11126,4373
6011,2340,4373
6011,3364,4373
6011,3402,4373
6011,2977,3402
6011,9876,3402
6011,2718,3402
6011,1721,3402
6011,8829,3402
6011,7163,3402
6011,6518,3402
6011,11513,3402
6011,5713,3402
6011,573,3402
6011,6224,3402
6011,1025,3402
6011,9794,3402
6011,681,3402
6011,10820,3402
6011,7212,3402
6011,9577,3402
6011,11961,3402
6011,1488,3402
6011,7725,3402
6011,8959,3402
6011,2249,3402
6011,11559,3402
6011,1576,3402
6011,4373,3402
6011,556,3402
6011,11406,3402
6011,8319,3402
6011,3709,3402
6011,11157,3402
6011,3364,3402
6011,7015,3402
6011,1424,3402
6011,2719,3402
6011,3899,3402
6011,9831,3402
6011,1423,3402
6011,5238,3402
6011,3462,3402
6011,3682,3899
6011,7051,3899
6011,1424,3899
6011,11126,3899
6011,2340,3899
6011,3887,3899
6011,3364,3899
6011,3402,3899
6011,3682,5001
6011,7051,5001
6011,1424,5001
6011,2297,5001
6011,11126,5001
6011,2340,5001
6011,3887,5001
6011,11142,5001
6011,3682,4106
6011,7051,4106
6011,1693,4106
6011,2297,4106
6011,11126,4106
6011,2340,4106
6011,3887,4106
6011,11142,4106
6011,3364,4106
6011,3682,7015
6011,7051,7015
6011,1424,7015
6011,11126,7015
6011,3887,7015
6011,3364,7015
6011,3402,7015
6011,3682,9829
6011,7051,9829
6011,1424,9829
6011,11126,9829
6011,2340,9829
6011,3887,9829
6011,11142,9829
6011,3364,9829
6011,3682,573
6011,7051,573
6011,1424,573
6011,11126,573
6011,2340,573
6011,3887,573
6011,3402,573
6011,7051,794
6011,1424,794
6011,2311,794
6011,2340,794
6011,11142,794
6011,3682,8565
6011,7051,8565
6011,1424,8565
6011,11126,8565
6011,2340,8565
6011,3887,8565
6011,3364,8565
6011,3402,8565
6011,1424,1576
6011,11126,1576
6011,2340,1576
6011,3887,1576
6011,3364,1576
6011,3402,1576
6011,3682,5653
6011,3682,9024
6011,7051,9024
6011,1424,9024
6011,11126,9024
6011,2340,9024
6011,3887,9024
6011,3364,9024
6011,3682,6559
6011,7051,6559
6011,1424,6559
6011,11126,6559
6011,3887,6559
6011,7051,1374
6011,1424,1374
6011,11126,1374
6011,2340,1374
6011,3887,1374
6011,3364,1374
6011,3682,3887
6011,741,3887
6011,11950,3887
6011,7464,3887
6011,2718,3887
6011,3475,3887
6011,6513,3887
6011,1025,3887
6011,681,3887
6011,7212,3887
6011,1424,3887
6011,10963,3887
6011,2719,3887
6011,1576,3887
6011,9417,3887
6011,5001,3887
6011,6321,3887
6011,11279,3887
6011,2318,3887
6011,11443,3887
6011,3709,3887
6011,9856,3887
6011,1374,3887
6011,1488,3887
6011,9679,3887
6011,7731,3887
6011,8433,3887
6011,9063,3887
6011,7015,3887
6011,8746,3887
6011,5871,3887
6011,1659,3887
6011,1693,3887
6011,11943,3887
6011,3364,3887
6011,9181,3887
6011,8959,3887
6011,3899,3887
6011,5937,3887
6011,9024,3887
6011,1473,3887
6011,11284,3887
6011,3478,3887
6011,3438,3887
6011,3757,3887
6011,11559,3887
6011,9829,3887
6011,2959,3887
6011,8829,3887
6011,3462,3887
6011,2249,3887
6011,9794,3887
6011,2297,3887
6011,2020,3887
6011,1423,3887
6011,5238,3887
6011,9299,3887
6011,556,3887
6011,7051,3887
6011,8319,3887
6011,11513,3887
6011,6559,3887
6011,9801,3887
6011,10119,3887
6011,471,3887
6011,573,3887
6011,9610,3887
6011,6518,3887
6011,719,3887
6011,9245,3887
6011,729,3887
6011,11406,3887
6011,5827,3887
6011,8679,3887
6011,9517,3887
6011,11126,3887
6011,9876,3887
6011,2328,3887
6011,4106,3887
6011,9577,3887
6011,3530,3887
6011,9800,3887
6011,1059,3887
6011,9831,3887
6011,6001,3887
6011,11142,3887
6011,2340,3887
6011,2337,3887
6011,2311,3887
6011,11155,3887
6011,11157,3887
6011,7724,3887
6011,7163,3887
6011,2290,3887
6011,11123,3887
6011,2283,3887
6011,8565,3887
6011,10422,3887
6011,9596,3887
6011,2977,3887
6011,1721,3887
6011,1424,3462
6011,2311,3462
6011,11126,3462
6011,2340,3462
6011,3887,3462
6011,11142,3462
6011,3364,3462
6011,3402,3462
6011,7051,1488
6011,1424,1488
6011,2297,1488
6011,11126,1488
6011,2340,1488
6011,3887,1488
6011,11142,1488
6011,3364,1488
6011,3402,1488
6011,3682,5871
6011,7051,5871
6011,1424,5871
6011,2340,5871
6011,3887,5871
6011,11142,5871
6011,3682,6001
6011,7051,6001
6011,11126,6001
6011,2340,6001
6011,3887,6001
6011,11142,6001
6011,3682,5827
6011,7051,5827
6011,1424,5827
6011,11126,5827
6011,2340,5827
6011,3887,5827
6011,11142,5827
6011,3475,1693
6011,831,1693
6011,10678,1693
6011,719,1693
6011,1025,1693
6011,2718,1693
6011,4106,1693
6011,7464,1693
6011,7731,1693
6011,7725,1693
6011,2916,1693
6011,11292,1693
6011,6224,1693
6011,11939,1693
6011,11559,1693
6011,5713,1693
6011,3438,1693
6011,6513,1693
6011,2464,1693
6011,7139,1693
6011,11443,1693
6011,11123,1693
6011,10963,1693
6011,7212,1693
6011,3402,1693
6011,5653,1693
6011,5871,1693
6011,7163,1693
6011,681,1693
6011,3709,1693
6011,3478,1693
6011,8746,1693
6011,4373,1693
6011,6559,1693
6011,3757,1693
6011,573,1693
6011,4260,1693
6011,9856,1693
6011,471,1693
6011,794,1693
6011,2719,1693
6011,1424,1693
6011,8565,1693
6011,3364,1693
6011,5001,1693
6011,1488,1693
6011,9245,1693
6011,1374,1693
6011,3899,1693
6011,1721,1693
6011,9531,1693
6011,9577,1693
6011,1473,1693
6011,10119,1693
6011,11943,1693
6011,9596,1693
6011,9794,1693
6011,1059,1693
6011,556,1693
6011,9800,1693
6011,2249,1693
6011,2798,1693
6011,10622,1693
6011,9024,1693
6011,1659,1693
6011,8319,1693
6011,3887,1693
6011,5827,1693
6011,1576,1693
6011,7015,1693
6011,9181,1693
6011,9831,1693
6011,8959,1693
6011,9517,1693
6011,9063,1693
6011,2290,1693
6011,11284,1693
6011,9876,1693
6011,1423,1693
6011,11961,1693
6011,2977,1693
6011,10422,1693
6011,2337,1693
6011,9801,1693
6011,9607,1693
6011,6001,1693
6011,11406,1693
6011,5937,1693
6011,2311,1693
6011,3462,1693
6011,729,1693
6011,9610,1693
6011,2569,1693
6011,2020,1693
6011,7051,1693
6011,2959,1693
6011,3530,1693
6011,11126,1693
6011,5238,1693
6011,11142,1693
6011,2328,1693
6011,11157,1693
6011,11513,1693
6011,9829,1693
6011,8829,1693
6011,2297,1693
6011,2340,1693
6011,7724,1693
6011,2283,1693
6011,7051,2341
6011,11126,2341
6011,2340,2341
6011,3887,2341
6011,11142,2341
6011,3364,2341
6011,3402,2341
6011,7051,1721
6011,1424,1721
6011,11126,1721
6011,3887,1721
6011,11142,1721
6011,3364,1721
6011,3402,1721
6011,3682,8959
6011,7051,8959
6011,1424,8959
6011,11126,8959
6011,3887,8959
6011,3364,8959
6011,3402,8959
6011,3682,6518
6011,1424,6518
6011,11126,6518
6011,2340,6518
6011,3887,6518
6011,3364,6518
6011,3402,6518
6011,7051,2249
6011,1424,2249
6011,11126,2249
6011,3887,2249
6011,3364,2249
6011,3402,2249
6011,3682,11406
6011,7051,11406
6011,1424,11406
6011,11126,11406
6011,2340,11406
6011,3887,11406
6011,11142,11406
6011,3402,11406
6011,3682,11513
6011,7051,11513
6011,1424,11513
6011,2311,11513
6011,11126,11513
6011,2340,11513
6011,3887,11513
6011,11142,11513
6011,3364,11513
6011,3402,11513
6011,3682,7933
6011,2340,7933
6011,3682,9876
6011,7051,9876
6011,1424,9876
6011,11126,9876
6011,2340,9876
6011,3887,9876
6011,11142,9876
6011,3364,9876
6011,3402,9876
6011,3682,5872
6011,7051,5872
6011,1424,5872
6011,3682,10422
6011,7051,10422
6011,1424,10422
6011,11126,10422
6011,2340,10422
6011,3887,10422
6011,11142,10422
6011,3364,10422
6011,3402,10422
6011,3682,9794
6011,7051,9794
6011,1424,9794
6011,11126,9794
6011,2340,9794
6011,3887,9794
6011,11142,9794
6011,3364,9794
6011,3402,9794
6011,1693,1025
6011,11126,1025
6011,3887,1025
6011,3402,1025
6011,3682,8746
6011,7051,8746
6011,1424,8746
6011,2311,8746
6011,11126,8746
6011,3887,8746
6011,11142,8746
6011,3364,8746
6011,3682,8302
6011,1424,8302
6011,11126,8302
6011,2340,8302
6011,7051,3475
6011,1424,3475
6011,1693,3475
6011,11126,3475
6011,2340,3475
6011,3887,3475
6011,3364,3475
6011,3682,556
6011,7051,556
6011,1424,556
6011,11126,556
6011,2340,556
6011,3887,556
6011,11142,556
6011,3364,556
6011,3402,556
6011,11126,1473
6011,3887,1473
6011,11142,1473
6011,3364,1473
6011,7051,3438
6011,1424,3438
6011,11126,3438
6011,2340,3438
6011,3887,3438
6011,11142,3438
6011,3364,3438
6011,6513,2297
6011,2718,2297
6011,4083,2297
6011,719,2297
6011,7464,2297
6011,1488,2297
6011,3709,2297
6011,5001,2297
6011,3364,2297
6011,7051,2297
6011,1424,2297
6011,11126,2297
6011,2340,2297
6011,3887,2297
6011,11142,2297
6011,7051,3478
6011,1424,3478
6011,11126,3478
6011,2340,3478
6011,3887,3478
6011,11142,3478
6011,3364,3478
6011,3682,3530
6011,7051,3530
6011,1424,3530
6011,11126,3530
6011,2340,3530
6011,3887,3530
6011,11142,3530
6011,3364,3530
6011,3682,8829
6011,7051,8829
6011,1424,8829
6011,11126,8829
6011,2340,8829
6011,3887,8829
6011,11142,8829
6011,3364,8829
6011,3402,8829
6011,3682,10622
6011,11126,10622
6011,2340,10622
6011,11142,10622
6011,7051,1059
6011,1424,1059
6011,11126,1059
6011,2340,1059
6011,3887,1059
6011,11142,1059
6011,3682,1423
6011,7051,1423
6011,1424,1423
6011,11126,1423
6011,2340,1423
6011,3887,1423
6011,3364,1423
6011,3402,1423
6011,3682,9679
6011,7051,9679
6011,1424,9679
6011,2311,9679
6011,2340,9679
6011,3887,9679
6011,11142,9679
6011,7051,2569
6011,1424,2569
6011,11126,2569
6011,2340,2569
6011,11142,2569
6011,3364,2569
6011,3402,2569
6011,3682,11157
6011,7051,11157
6011,1424,11157
6011,11126,11157
6011,2340,11157
6011,3887,11157
6011,11142,11157
6011,3364,11157
6011,3402,11157
6011,3682,7212
6011,7051,7212
6011,1424,7212
6011,11126,7212
6011,2340,7212
6011,3887,7212
6011,11142,7212
6011,3364,7212
6011,3402,7212
6011,3682,11943
6011,7051,11943
6011,1424,11943
6011,2311,11943
6011,11126,11943
6011,2340,11943
6011,3887,11943
6011,3682,9540
6011,1424,9540
6011,2340,9540
6011,3682,4083
6011,7051,4083
6011,1693,4083
6011,2297,4083
6011,11126,4083
6011,2340,4083
6011,3682,9299
6011,7051,9299
6011,11126,9299
6011,2340,9299
6011,3887,9299
6011,11142,9299
6011,3682,11396
6011,1424,11396
6011,3402,7051
6011,4373,7051
6011,681,7051
6011,3478,7051
6011,6513,7051
6011,719,7051
6011,7725,7051
6011,3709,7051
6011,9876,7051
6011,3899,7051
6011,3682,7051
6011,1604,7051
6011,7464,7051
6011,9577,7051
6011,5001,7051
6011,1424,7051
6011,7015,7051
6011,3757,7051
6011,1488,7051
6011,2249,7051
6011,9063,7051
6011,1374,7051
6011,794,7051
6011,11350,7051
6011,2290,7051
6011,1423,7051
6011,7212,7051
6011,11943,7051
6011,3475,7051
6011,8433,7051
6011,8959,7051
6011,3364,7051
6011,9024,7051
6011,11155,7051
6011,9856,7051
6011,8679,7051
6011,5871,7051
6011,9417,7051
6011,9679,7051
6011,9080,7051
6011,3438,7051
6011,9596,7051
6011,6559,7051
6011,1693,7051
6011,2337,7051
6011,9531,7051
6011,11284,7051
6011,7652,7051
6011,8829,7051
6011,2020,7051
6011,10178,7051
6011,11881,7051
6011,9794,7051
6011,2328,7051
6011,471,7051
6011,1659,7051
6011,9801,7051
6011,8565,7051
6011,9245,7051
6011,5872,7051
6011,3530,7051
6011,7731,7051
6011,9829,7051
6011,4083,7051
6011,8862,7051
6011,11406,7051
6011,11650,7051
6011,8319,7051
6011,9299,7051
6011,9910,7051
6011,5827,7051
6011,8746,7051
6011,7139,7051
6011,10963,7051
6011,11961,7051
6011,2297,7051
6011,729,7051
6011,9610,7051
6011,2959,7051
6011,3887,7051
6011,5238,7051
6011,11024,7051
6011,4106,7051
6011,7163,7051
6011,2283,7051
6011,10422,7051
6011,7724,7051
6011,2569,7051
6011,9181,7051
6011,4260,7051
6011,1059,7051
6011,6001,7051
6011,573,7051
6011,5937,7051
6011,11126,7051
6011,9607,7051
6011,11157,7051
6011,2311,7051
6011,11513,7051
6011,11111,7051
6011,9800,7051
6011,1721,7051
6011,556,7051
6011,11559,7051
6011,2977,7051
6011,11443,7051
6011,9831,7051
6011,2340,7051
6011,11972,7051
6011,9517,7051
6011,10119,7051
6011,11142,7051
6011,3682,10963
6011,7051,10963
6011,1424,10963
6011,11126,10963
6011,2340,10963
6011,3887,10963
6011,3402,10963
6011,7051,2290
6011,1424,2290
6011,11126,2290
6011,2340,2290
6011,3887,2290
6011,11142,2290
6011,3364,2290
6011,3682,3757
6011,7051,3757
6011,1424,3757
6011,11126,3757
6011,2340,3757
6011,3887,3757
6011,11142,3757
6011,3364,3757
6011,3682,5937
6011,7051,5937
6011,1424,5937
6011,11126,5937
6011,2340,5937
6011,3887,5937
6011,11142,5937
6011,3682,9181
6011,7051,9181
6011,11126,9181
6011,2340,9181
6011,3887,9181
6011,11142,9181
6011,7051,729
6011,1424,729
6011,11126,729
6011,2340,729
6011,3887,729
6011,11142,729
6011,3364,729
6011,3682,11024
6011,7051,11024
6011,2311,11024
6011,2340,11024
6011,3682,10119
6011,7051,10119
6011,1424,10119
6011,11126,10119
6011,2340,10119
6011,3887,10119
6011,11142,10119
6011,3364,10119
6011,3682,11292
6011,7051,2337
6011,1424,2337
6011,11126,2337
6011,2340,2337
6011,3887,2337
6011,11142,2337
6011,3364,2337
6011,3682,10820
6011,1424,10820
6011,11126,10820
6011,2340,10820
6011,3402,10820
6011,7051,2020
6011,1424,2020
6011,11126,2020
6011,2340,2020
6011,3887,2020
6011,11142,2020
6011,3364,2020
6011,3682,9577
6011,7051,9577
6011,1424,9577
6011,11126,9577
6011,2340,9577
6011,3887,9577
6011,11142,9577
6011,3364,9577
6011,3402,9577
6011,3682,11242
6011,11126,11242
6011,2340,11242
6011,11142,11242
6011,3682,4260
6011,7051,4260
6011,1424,4260
6011,11126,4260
6011,2340,4260
6011,3682,9800
6011,7051,9800
6011,1424,9800
6011,11126,9800
6011,2340,9800
6011,3887,9800
6011,11142,9800
6011,3364,9800
6011,3682,10935
6011,11142,10935
6011,7051,2328
6011,1424,2328
6011,11126,2328
6011,2340,2328
6011,3887,2328
6011,11142,2328
6011,3364,2328
6011,3682,11961
6011,7051,11961
6011,1424,11961
6011,11126,11961
6011,2340,11961
6011,11142,11961
6011,3364,11961
6011,3402,11961
6011,3682,11357
6011,2340,11357
6011,2318,11126
6011,681,11126
6011,8433,11126
6011,8746,11126
6011,3899,11126
6011,5713,11126
6011,6513,11126
6011,6471,11126
6011,1488,11126
6011,3364,11126
6011,1424,11126
6011,2719,11126
6011,1374,11126
6011,5001,11126
6011,7724,11126
6011,3709,11126
6011,8959,11126
6011,8829,11126
6011,1473,11126
6011,3475,11126
6011,9063,11126
6011,9024,11126
6011,7015,11126
6011,1693,11126
6011,3438,11126
6011,3478,11126
6011,9080,11126
6011,7212,11126
6011,9299,11126
6011,2321,11126
6011,2249,11126
6011,10678,11126
6011,4373,11126
6011,4083,11126
6011,8302,11126
6011,2337,11126
6011,2311,11126
6011,9829,11126
6011,11242,11126
6011,5238,11126
6011,5827,11126
6011,4106,11126
6011,7731,11126
6011,6518,11126
6011,3757,11126
6011,9181,11126
6011,11406,11126
6011,11950,11126
6011,3887,11126
6011,3462,11126
6011,6559,11126
6011,2959,11126
6011,9610,11126
6011,729,11126
6011,10963,11126
6011,7139,11126
6011,11155,11126
6011,1604,11126
6011,11157,11126
6011,4260,11126
6011,1423,11126
6011,11284,11126
6011,573,11126
6011,719,11126
6011,2977,11126
6011,9417,11126
6011,1576,11126
6011,2569,11126
6011,1025,11126
6011,11650,11126
6011,2290,11126
6011,9794,11126
6011,2297,11126
6011,3530,11126
6011,10622,11126
6011,2020,11126
6011,6001,11126
6011,2328,11126
6011,11030,11126
6011,7051,11126
6011,7163,11126
6011,10820,11126
6011,5937,11126
6011,9856,11126
6011,9607,11126
6011,1659,11126
6011,556,11126
6011,9199,11126
6011,10483,11126
6011,3682,11126
6011,9801,11126
6011,7464,11126
6011,9831,11126
6011,7725,11126
6011,9876,11126
6011,11513,11126
6011,8679,11126
6011,9596,11126
6011,11559,11126
6011,8319,11126
6011,10422,11126
6011,9577,11126
6011,11142,11126
6011,11443,11126
6011,9800,11126
6011,2340,11126
6011,471,11126
6011,11943,11126
6011,10119,11126
6011,1721,11126
6011,9245,11126
6011,11961,11126
6011,1059,11126
6011,8565,11126
6011,2283,11126
6011,9517,11126
6011,3682,11350
6011,7051,11350
6011,2340,11350
6011,3682,11123
6011,2340,11123
6011,3887,11123
6011,11142,11123
6011,1424,2318
6011,11126,2318
6011,2340,2318
6011,3887,2318
6011,556,7496
6011,6321,7496
6011,3682,7496
6011,7163,7496
6011,11559,7496
6011,9299,7496
6011,11961,7496
6011,7652,7496
6011,6518,7496
6011,8862,7496
6011,8679,7496
6011,5871,7496
6011,11972,7496
6011,7139,7496
6011,9679,7496
6011,7731,7496
6011,6001,7496
6011,2283,7496
6011,11292,7496
6011,9531,7496
6011,7725,7496
6011,3682,11155
6011,7051,11155
6011,11126,11155
6011,2340,11155
6011,3887,11155
6011,11142,11155
6011,1025,2340
6011,2719,2340
6011,3364,2340
6011,1488,2340
6011,7064,2340
6011,3899,2340
6011,3709,2340
6011,5001,2340
6011,1424,2340
6011,1374,2340
6011,11030,2340
6011,11279,2340
6011,11729,2340
6011,794,2340
6011,2977,2340
6011,9024,2340
6011,8565,2340
6011,10628,2340
6011,7933,2340
6011,5871,2340
6011,1693,2340
6011,3438,2340
6011,10178,2340
6011,3475,2340
6011,7212,2340
6011,8829,2340
6011,2249,2340
6011,10678,2340
6011,9829,2340
6011,9540,2340
6011,9299,2340
6011,9910,2340
6011,9679,2340
6011,7652,2340
6011,6321,2340
6011,6518,2340
6011,9610,2340
6011,7163,2340
6011,9080,2340
6011,2916,2340
6011,2959,2340
6011,11126,2340
6011,9181,2340
6011,4083,2340
6011,11024,2340
6011,9199,2340
6011,3462,2340
6011,5827,2340
6011,5238,2340
6011,3757,2340
6011,5980,2340
6011,10963,2340
6011,9417,2340
6011,7139,2340
6011,9856,2340
6011,1423,2340
6011,9876,2340
6011,573,2340
6011,4373,2340
6011,3887,2340
6011,9607,2340
6011,2290,2340
6011,8862,2340
6011,1659,2340
6011,8319,2340
6011,9794,2340
6011,2297,2340
6011,10820,2340
6011,2328,2340
6011,8302,2340
6011,7464,2340
6011,729,2340
6011,4106,2340
6011,1576,2340
6011,11943,2340
6011,10622,2340
6011,8679,2340
6011,9596,2340
6011,11443,2340
6011,3530,2340
6011,11242,2340
6011,2569,2340
6011,11155,2340
6011,5937,2340
6011,11357,2340
6011,7051,2340
6011,556,2340
6011,11961,2340
6011,2337,2340
6011,10119,2340
6011,9801,2340
6011,471,2340
6011,2311,2340
6011,3478,2340
6011,11157,2340
6011,11406,2340
6011,9577,2340
6011,2318,2340
6011,3682,2340
6011,9245,2340
6011,11559,2340
6011,7725,2340
6011,6001,2340
6011,11284,2340
6011,11350,2340
6011,11123,2340
6011,9800,2340
6011,10422,2340
6011,4260,2340
6011,1059,2340
6011,11513,2340
6011,11950,2340
6011,7731,2340
6011,9517,2340
6011,11142,2340
6011,9531,2340
6011,7724,2340
6011,2283,2340
6011,2020,2340
6011,3682,6321
6011,2297,6321
6011,2340,6321
6011,3887,6321
6011,11142,6321
6011,3682,6017
6011,1693,6017
6011,11126,6017
6011,2340,6017
6011,3887,6017
6011,11142,6017
6011,3402,6017
6011,3682,7163
6011,7051,7163
6011,11126,7163
6011,2340,7163
6011,3887,7163
6011,11142,7163
6011,3402,7163
6011,3682,11595
6011,11142,11595
6011,1488,11142
6011,5980,11142
6011,2718,11142
6011,3709,11142
6011,9063,11142
6011,3462,11142
6011,1374,11142
6011,6471,11142
6011,5001,11142
6011,5871,11142
6011,9856,11142
6011,9794,11142
6011,2977,11142
6011,10935,11142
6011,7064,11142
6011,11279,11142
6011,11595,11142
6011,11729,11142
6011,794,11142
6011,2719,11142
6011,5827,11142
6011,1424,11142
6011,11961,11142
6011,8746,11142
6011,1659,11142
6011,9024,11142
6011,8433,11142
6011,9607,11142
6011,1473,11142
6011,1693,11142
6011,3438,11142
6011,8829,11142
6011,3530,11142
6011,7212,11142
6011,4373,11142
6011,10678,11142
6011,9829,11142
6011,4260,11142
6011,9080,11142
6011,9299,11142
6011,3478,11142
6011,3757,11142
6011,2959,11142
6011,9679,11142
6011,9876,11142
6011,9181,11142
6011,11242,11142
6011,2297,11142
6011,5937,11142
6011,2328,11142
6011,2337,11142
6011,729,11142
6011,3887,11142
6011,11030,11142
6011,4106,11142
6011,2311,11142
6011,3682,11142
6011,10622,11142
6011,556,11142
6011,8319,11142
6011,11972,11142
6011,1025,11142
6011,11111,11142
6011,11126,11142
6011,11155,11142
6011,11157,11142
6011,7051,11142
6011,9245,11142
6011,11513,11142
6011,9577,11142
6011,11406,11142
6011,1059,11142
6011,7163,11142
6011,9800,11142
6011,10119,11142
6011,7731,11142
6011,2290,11142
6011,8679,11142
6011,471,11142
6011,2916,11142
6011,9831,11142
6011,9531,11142
6011,5238,11142
6011,2569,11142
6011,9517,11142
6011,11123,11142
6011,6001,11142
6011,9801,11142
6011,11939,11142
6011,7725,11142
6011,719,11142
6011,11950,11142
6011,10422,11142
6011,2340,11142
6011,7464,11142
6011,2020,11142
6011,11284,11142
6011,1721,11142
6011,7724,11142
6011,11559,11142
6011,11443,11142
6011,6321,11142
6011,2283,11142
6011,3682,10678
6011,11126,10678
6011,2340,10678
6011,11142,10678
6011,3682,7731
6011,7051,7731
6011,1424,7731
6011,1693,7731
6011,11126,7731
6011,2340,7731
6011,3887,7731
6011,11142,7731
6011,3682,471
6011,7051,471
6011,1424,471
6011,11126,471
6011,2340,471
6011,3887,471
6011,11142,471
6011,11126,3403
6011,7051,3403
6011,3887,3403
6011,11142,3403
6011,3682,11559
6011,7051,11559
6011,1424,11559
6011,11126,11559
6011,2340,11559
6011,3887,11559
6011,11142,11559
6011,3364,11559
6011,3402,11559
6011,3682,9517
6011,7051,9517
6011,1424,9517
6011,11126,9517
6011,2340,9517
6011,3887,9517
6011,11142,9517
6011,3364,9517
6011,3682,7464
6011,7051,7464
6011,1424,7464
6011,11126,7464
6011,2340,7464
6011,3887,7464
6011,11142,7464
6011,3364,7464
6011,3682,8968
6011,3682,9531
6011,7051,9531
6011,2340,9531
6011,11142,9531
6011,9831,7724
6011,1604,7724
6011,6518,7724
6011,2283,7724
6011,3402,7724
6011,3682,7724
6011,10820,7724
6011,11111,7724
6011,8746,7724
6011,2977,7724
6011,11943,7724
6011,8433,7724
6011,9063,7724
6011,3475,7724
6011,9024,7724
6011,3950,7724
6011,3438,7724
6011,5871,7724
6011,10554,7724
6011,9829,7724
6011,2249,7724
6011,8302,7724
6011,8829,7724
6011,573,7724
6011,9299,7724
6011,1693,7724
6011,11406,7724
6011,3462,7724
6011,11024,7724
6011,7051,7724
6011,6321,7724
6011,1659,7724
6011,9181,7724
6011,11471,7724
6011,10119,7724
6011,6559,7724
6011,7652,7724
6011,8679,7724
6011,1423,7724
6011,2328,7724
6011,11126,7724
6011,729,7724
6011,2297,7724
6011,4373,7724
6011,9794,7724
6011,8319,7724
6011,1576,7724
6011,9876,7724
6011,11292,7724
6011,9910,7724
6011,10622,7724
6011,11242,7724
6011,9577,7724
6011,3530,7724
6011,11155,7724
6011,11279,7724
6011,3887,7724
6011,9800,7724
6011,9245,7724
6011,11595,7724
6011,11881,7724
6011,5937,7724
6011,1721,7724
6011,2290,7724
6011,3478,7724
6011,11650,7724
6011,10678,7724
6011,1059,7724
6011,9610,7724
6011,2311,7724
6011,11157,7724
6011,1025,7724
6011,9199,7724
6011,471,7724
6011,11513,7724
6011,4260,7724
6011,2569,7724
6011,9801,7724
6011,9607,7724
6011,2959,7724
6011,5980,7724
6011,11950,7724
6011,11972,7724
6011,9596,7724
6011,2340,7724
6011,9417,7724
6011,11142,7724
6011,11357,7724
6011,4106,7724
6011,11123,7724
6011,556,7724
6011,9517,7724
6011,11559,7724
6011,5238,7724
6011,6001,7724
6011,9856,7724
6011,7464,7724
6011,11443,7724
6011,9531,7724
6011,2916,7724
6011,11961,7724
6011,2020,7724
6011,11284,7724
6011,4083,7724
6011,7725,7724
6011,2337,7724
6011,2318,7724
6011,7731,7724
6011,10422,7724
6011,3682,11284
6011,7051,11284
6011,1424,11284
6011,11126,11284
6011,2340,11284
6011,3887,11284
6011,11142,11284
6011,3364,11284
6011,3682,9417
6011,7051,9417
6011,1424,9417
6011,11126,9417
6011,2340,9417
6011,3887,9417
6011,3682,9610
6011,7051,9610
6011,11126,9610
6011,2340,9610
6011,7724,9610
6011,3887,9610
6011,3364,9610
6011,3682,8679
6011,7051,8679
6011,11126,8679
6011,2340,8679
6011,3887,8679
6011,11142,8679
6011,3682,11443
6011,7051,11443
6011,1424,11443
6011,11126,11443
6011,2340,11443
6011,3887,11443
6011,11142,11443
6011,3682,9596
6011,7051,9596
6011,1424,9596
6011,11126,9596
6011,2340,9596
6011,3887,9596
6011,3682,9801
6011,7051,9801
6011,1424,9801
6011,11126,9801
6011,2340,9801
6011,3887,9801
6011,11142,9801
6011,3364,9801
6011,1693,2916
6011,2311,2916
6011,2340,2916
6011,11142,2916
6011,3364,2916
6011,7051,2283
6011,11126,2283
6011,2340,2283
6011,3887,2283
6011,11142,2283
6011,3402,2283
6011,3682,11650
6011,7051,11650
6011,11126,11650
6011,7051,2977
6011,1424,2977
6011,11126,2977
6011,2340,2977
6011,3887,2977
6011,11142,2977
6011,3364,2977
6011,3402,2977
6011,3682,8576
6011,1424,8576
6011,11142,8576
6457,11870,7496
6457,6444,7496
6457,11312,7496
6457,11286,7496
6457,4403,3682
6457,6055,3682
6457,6084,3682
6457,11312,3682
6457,6444,3682
6457,7608,3682
6457,9063,3682
6457,11286,3682
6457,11870,3682
7884,3682,5047
7884,3682,7531
7884,3682,6545
7884,3682,5867
7884,3682,6787
7884,3682,10077
7884,3682,11691
7884,3682,8748
7884,3682,4052
7884,3682,5354
7884,3682,6737
7884,3682,10461
7884,3682,11715
7884,3682,4400
7884,3682,11903
7884,3682,9948
7884,3682,9083
7884,3682,10708
7884,3682,7174
7884,3682,7039
7884,3682,6226
7884,3682,5447
7884,3682,11387
7884,3682,8728
7884,3682,6524
7884,3682,10646
7884,3682,5919
7884,3682,11660
7884,3682,7228
7884,3682,10003
7884,3682,8369
7884,3682,11046
7884,3682,8894
7884,3682,9973
7884,8728,7496
7884,11691,7496
7884,10032,7496
7884,10829,7496
7884,5739,7496
7884,3682,7496
7884,9948,7496
7884,8679,7496
7884,10025,7496
7884,7731,7496
7884,2283,7496
7884,7725,7496
7884,3682,9431
7884,3682,9496
7884,3682,7952
7884,3682,8667
7884,9746,6688
7884,7039,6688
7884,6675,6688
7884,10032,6688
7884,11213,6688
7884,5739,6688
7884,6805,6688
7884,3682,6688
7884,11363,6688
7884,6215,6688
7884,6545,6688
7884,10461,6688
7884,7701,6688
7884,6183,6688
7884,8679,6688
7884,8017,6688
7884,9969,6688
7884,8265,6688
7884,8748,6688
7884,7930,6688
7884,11621,6688
7884,9051,6688
7884,5919,6688
7884,7132,6688
7884,10829,6688
7884,9948,6688
7884,983,6688
7884,9973,6688
7884,10916,6688
7884,11509,6688
7884,11406,6688
7884,11553,6688
7884,2283,6688
7884,8163,6688
7884,8823,6688
7884,11737,6688
7884,6990,6688
7884,11715,6688
7884,11691,6688
7884,11355,6688
7884,7804,6688
7884,10644,6688
7884,8728,6688
7884,7665,6688
7884,8924,6688
7884,10025,6688
7884,10696,6688
7884,7290,6688
7884,9623,6688
7884,7531,6688
7884,10904,6688
7884,3682,6184
7884,3682,6675
7884,3682,11363
7884,3682,11509
7884,3682,7132
7884,3682,10670
7884,3682,11213
7884,3682,9377
7884,3682,8265
7884,3682,7725
7884,3682,10644
7884,3682,11500
7884,3682,7756
7884,3682,9672
7884,3682,11572
7884,3682,2597
7884,3682,8679
7884,3682,7448
7884,3682,10032
7884,3682,10826
7884,3682,10318
7884,3682,6083
7884,3682,7930
7884,3682,11067
7884,3682,11406
7884,3682,7031
7884,3682,10829
7884,3682,7731
7884,3682,7796
7884,3682,7665
7884,3682,9517
7884,3682,5829
7884,3682,7290
7884,3682,9051
7884,3682,11612
7884,3682,9596
7884,3682,8121
7884,3682,5952
7884,3682,6943
7884,3682,10227
7884,3682,4062
7884,2283,3682
7884,4052,3682
7884,4400,3682
7884,5047,3682
7884,5354,3682
7884,5447,3682
7884,5739,3682
7884,7132,3682
7884,5867,3682
7884,5919,3682
7884,10093,3682
7884,8163,3682
7884,5952,3682
7884,6128,3682
7884,6183,3682
7884,6115,3682
7884,6140,3682
7884,6215,3682
7884,5709,3682
7884,6347,3682
7884,6545,3682
7884,7804,3682
7884,6570,3682
7884,6675,3682
7884,7039,3682
7884,6737,3682
7884,6805,3682
7884,6943,3682
7884,9051,3682
7884,983,3682
7884,6990,3682
7884,7031,3682
7884,7731,3682
7884,7725,3682
7884,8265,3682
7884,7665,3682
7884,8482,3682
7884,11213,3682
7884,8495,3682
7884,8679,3682
7884,8728,3682
7884,8744,3682
7884,8748,3682
7884,7930,3682
7884,8823,3682
7884,8924,3682
7884,9019,3682
7884,9145,3682
7884,9377,3682
7884,9434,3682
7884,9496,3682
7884,9517,3682
7884,9503,3682
7884,9596,3682
7884,9672,3682
7884,9746,3682
7884,8017,3682
7884,10025,3682
7884,7290,3682
7884,9948,3682
7884,9973,3682
7884,9959,3682
7884,10032,3682
7884,7531,3682
7884,10916,3682
7884,7952,3682
7884,10829,3682
7884,10461,3682
7884,10670,3682
7884,11621,3682
7884,11251,3682
7884,11406,3682
7884,11492,3682
7884,11363,3682
7884,11500,3682
7884,11509,3682
7884,11612,3682
7884,11355,3682
7884,11704,3682
7884,11572,3682
7884,11553,3682
7884,11639,3682
7884,11737,3682
7884,7701,3682
7884,11715,3682
7884,11691,3682
7884,10696,3682
7884,10904,3682
7884,11745,3682
7884,10644,3682
7884,9623,3682
7884,3682,9623
7884,3682,9456
7884,3682,8796
7884,3682,6183
7884,3682,6990
7884,3682,9969
7884,3682,8482
7884,3682,6570
7884,3682,6347
7884,3682,8017
7884,3682,6265
7884,3682,9959
7884,3682,6396
7884,3682,5739
7884,3682,9145
7884,3682,8495
7884,3682,8744
7884,3682,11355
7884,3682,10025
7884,3682,11745
7884,3682,11704
7884,3682,9434
7884,3682,8823
7884,3682,9746
7884,3682,6444
7884,3682,10904
7884,3682,7163
7884,3682,10093
7884,3682,11251
7884,3682,9503
