100400,170006
100400,170012
100400,170021
38234,42588
38234,1205
38234,301
38234,5793
91211,70869
91211,22627
91211,59427
91211,36224
8603,118169
8603,138
8603,49694
8603,34797
81893,301
81893,1005
81893,23515
5246,1988
5246,73050
5246,14188
5246,88
5246,677
97829,18536
43742,1
6317,1850
6317,18033
6317,3944
7445,14801
7445,1315
7445,1850
7445,6355
7445,1190
22034,13643
22034,1665
22034,69554
22034,89772
2495,352
2495,26279
2495,2480
2495,408
36224,59427
36224,99300
36224,43671
83327,18107
83327,352
83327,10917
83327,71000
83327,211981
286814,172488
286814,337271
286814,277966
23195,12040
23195,2363
23195,623
23195,52979
23195,7969
479,9746
479,138
479,36319
479,301
479,74585
138164,31610
138164,41317
1982,14801
1982,4824
1982,8398
100817,216313
100817,161858
100817,103253
100817,26250
317,4134
317,110967
317,24800
104603,24114
104603,182489
104603,44022
94013,21229
94013,21984
94013,59020
94013,23685
94013,151491
8288,7858
8288,87366
8288,301
8288,1228
17507,16598
17507,79671
160730,59873
160730,199410
160730,46510
160730,56135
109628,77068
109628,109648
109628,128770
109628,68000
99884,2199
99884,9208
99884,39081
27536,21386
27536,43129
16598,13643
16598,88
16598,32066
16598,179059
16598,17507
16598,14367
2039,12629
2039,69643
2039,31625
2039,48833
2039,2280
123074,89805
123074,18079
123074,4201
123074,8398
1190,1031
1190,13740
1190,333
1190,19623
30098,2940
30098,352
30098,34117
30098,308
30098,1322
677,43725
677,352
677,3549
677,88
4259,97598
4259,7990
4259,58978
4259,101782
7691,17985
142664,33118
142664,2412
142664,29267
33827,19159
33827,138
49694,113106
49694,8913
49694,72037
152591,7477
152591,8266
152591,6374
31385,4201
31385,98111
31385,8398
18575,23455
18575,88
18575,26530
18575,41429
9746,43732
9746,22593
50645,29267
23996,126763
23996,8446
23996,253
7427,29505
7427,6374
26120,11945
26120,10927
26120,4201
26120,126571
72326,408
72326,60118
72326,138
13520,41511
13520,404
13520,677
13520,13501
3944,119563
3944,10
3944,2778
78008,196081
78008,47229
78008,3549
1793,1031
1793,9731
1793,1767
2669,1850
2669,6317
2669,14932
10655,3549
10655,1322
3116,26820
3116,1322
3116,352
8618,138
8618,25801
8618,14932
3998,13813
3998,13811
3998,3999
3998,88
129848,10647
129848,50632
129848,144685
129848,352
29537,76795
29537,8398
29537,479
29537,138
29537,14932
8723,8709
8723,8828
8723,71973
8723,28077
8723,18442
443,16427
443,16424
443,54992
443,21710
5,9648
5,555
5,69
5,1315
1988,38328
1988,26129
29954,202
29954,12666
29954,138
29954,994
154526,9892
154526,645
154526,136724
154526,138
23198,80979
23198,2368
23198,23195
23198,317
1850,7445
1850,69
1850,6317
1850,18416
1322,3116
1322,10655
308,1168
308,2427
308,88
308,352
69554,83582
69554,22034
69554,352
117230,142664
117230,42064
117230,1793
117230,456
29267,136216
29267,28686
29267,50682
23162,2480
23162,1443
23162,333
13241,28631
13241,28686
13241,160730
13241,207700
13241,13255
102278,286814
102278,479
102278,5686
21386,27536
21386,17875
21386,5422
21386,44289
2480,23563
2480,1665
2480,2199
2480,23162
121412,3998
121412,9328
121412,88
821,1254
821,30429
821,8490
821,1228
21545,2669
21545,301
21545,2055
21545,138
86552,1190
86552,5686
86552,93861
14156,645
14156,73050
14156,352
14156,523
14156,308
14156,2559
1895,17226
1895,52505
1895,93
1895,885
503,138
503,26233
503,204558
503,19540
503,4201
94142,85287
94142,20066
94142,2580
94142,2495
43544,42459
43544,352
43544,408
43544,3549
18107,18069
18107,18143
18107,18215
18107,30162
18107,83327
24,42
24,37
24,69
24,56
141,14912
141,20464
141,101
141,13643
381,21908
381,138
381,50796
381,1337
381,4824
582,14944
582,8186
582,8463
582,1426
750,1369
750,13650
750,26942
750,2306
909,34335
909,35222
909,902
909,301
1155,677
1155,88
1155,101451
1155,24009
1275,2654
1275,2644
1275,15138
1275,15185
1290,760
1290,2676
1290,4290
1503,205
1503,2662
1800,12738
1800,9731
1800,112913
1971,9152
1971,2671
1995,130271
1995,323
1995,2939
1995,3237
1995,138
1995,885
2007,2940
2007,480
2007,27
2163,10917
2163,139218
2163,408
2250,39542
2250,5593
2250,28853
2250,47543
2250,9731
2331,352
2331,17671
2331,14801
2331,1982
2463,123798
2463,21386
2463,352
2595,232753
2595,201308
2595,13341
2595,93902
3108,88
3108,138
3285,1971
3285,8122
3285,762
3285,14932
3303,6555
3303,15185
3303,185273
3303,1115
3345,325
3345,756
3345,1960
3345,2248
3393,352
3393,408
3477,5
3477,117956
3477,138
3798,88816
3798,2427
3798,43273
3798,352
3873,3397
3873,542
3873,4675
3969,956
3969,485
3969,1907
3969,20894
4005,629
4005,13142
4005,13052
4440,159156
4440,151996
4440,93949
5037,160096
5136,59739
5136,5116
5253,333
5253,53550
5253,9621
5253,9754
5253,9731
5550,112097
5550,2109
5550,42402
7965,135332
7965,18981
7965,30526
8379,1982
8379,1850
8379,8398
8379,24804
8421,77336
8421,39081
8421,27872
8463,120418
8463,13007
8463,51785
8463,41869
8463,582
8607,8695
8607,18442
8607,8709
8811,18223
8811,8765
8811,1005
8811,8755
8898,38082
8898,37045
8898,1803
8898,72572
8928,138
8928,153844
8928,8604
9135,24747
9135,9731
9135,1083
9552,66201
9552,90259
9552,4201
9621,994
9621,10
9621,10619
9621,1871
9657,408
9657,677
9657,13525
9657,23320
9657,6544
9657,6074
10053,54280
10053,4201
10053,26120
10299,153791
10299,12710
10299,126725
11025,4005
11025,4201
11025,1982
11025,23969
11151,74889
11151,20683
11151,22424
11151,30245
11211,11235
11211,35813
11235,98111
11235,11211
11235,51261
11556,51341
11556,13740
11556,9731
11556,7427
11571,58269
11571,34761
11571,425376
11571,112362
11619,178844
11619,194575
11619,166143
11763,352
11763,19088
11934,8150
11934,46534
11934,11072
12366,153820
12366,21605
12366,109527
13650,48287
13854,9180
13854,38335
13854,98180
14160,14171
14160,138
14160,645
14199,352
14199,2480
14199,3008
14199,645
14880,13317
14880,14801
14880,385
14991,32783
14991,44474
14991,34452
15408,29039
15408,582
15408,61766
15573,199773
15573,263614
15573,204893
16434,138
16434,33073
16434,10587
16434,206
16698,220
17079,28077
17079,71405
17079,202
17307,10679
17307,408
17307,3549
18129,81429
18129,4262
18129,60477
18129,26120
18129,4201
18165,46590
18165,138
18165,86853
18165,8398
18180,15844
18180,10927
18693,1971
18693,14932
18693,131791
18693,762
18768,3549
18768,2548
18768,18925
18768,12158
19347,352
19347,16576
19956,31545
19956,53470
19956,244682
19956,31267
19956,28097
19995,86620
19995,184630
20583,16688
20583,10606
21426,10647
21426,31408
21471,13740
21471,1190
21870,10815
21870,2515
21870,75788
21870,1804
21921,333
21921,1337
21921,4824
21921,3477
22452,352
22452,22457
22452,138
22452,2427
22578,18311
22578,2250
22578,9731
23580,88
23580,25916
23580,7940
23580,1322
23796,18416
23796,6317
23796,1971
23796,138
24804,677
24804,36660
24804,3549
25140,1322
25140,1840
25140,25157
25887,329055
25887,79409
25887,13740
25953,12738
25953,2250
25953,352
27696,31235
27696,18223
27696,31207
27696,1005
27708,1005
27708,161381
27849,2199
27849,176244
27849,645
27849,32066
27849,352
29802,27362
29802,2989
29802,22582
30021,41851
30021,195140
30021,24727
30093,1971
30093,268174
30093,352
30927,121714
30927,80516
30927,124445
31224,59945
31224,161594
31224,58055
31224,365
31224,40556
31992,1322
31992,1237
31992,77839
35151,5088
35151,66983
35151,655
36192,76000
36192,31585
36192,41329
36192,138
36537,232753
36537,146035
36537,23162
36537,31885
36669,4201
36669,365
36693,13845
36693,7008
36693,677
36693,116602
37176,43129
37176,44289
37176,18504
39909,352
39909,33298
39909,66293
39909,88
39909,33277
39909,66292
40242,29616
40242,15823
40242,18079
40242,71673
40524,1426
40524,119310
40524,39463
40524,38072
40524,76995
41229,112127
41229,468
41229,677
41334,138
41334,4824
41334,5896
41424,24111
41436,1486
41436,202
41436,5
42603,8913
42603,161127
42603,8603
42603,8915
43737,109043
43737,138852
43737,43152
44133,12949
44133,16604
44133,20200
44133,42679
44133,138
44211,17507
44211,94671
44211,9590
44211,15995
45501,135493
45501,23255
45501,26922
45642,138
45642,645
45828,37815
47280,42900
47280,10822
47280,93183
48069,183423
48069,14633
48069,27740
48069,42828
48513,85864
48513,222307
48513,408
48513,67849
48864,25395
48864,10542
48864,54422
49200,10495
49200,12928
49200,92438
49200,78213
49200,11895
49767,3745
49767,24747
49767,1083
49767,1655
50796,16427
50796,153342
50796,11922
50928,19204
50928,4201
50928,37761
50928,14782
53763,79473
53763,138
53763,28337
53763,132518
55386,22723
55386,1971
55386,2671
55386,25395
55386,2141
55554,2420
55554,9754
55554,9731
55554,2444
55554,38067
55776,8398
55776,46590
55776,352
55776,14786
56103,28642
56103,86435
56103,134435
56103,56135
57093,100008
57093,36224
57093,138
57093,113106
61794,10299
61794,100708
61794,130899
61794,88
61842,43914
61842,4127
61842,4137
61842,5053
62937,94109
62937,108926
64854,782
64854,1426
64854,60481
64911,365
64911,121412
64911,170861
64911,43742
64911,7427
64911,89805
66156,2024
66156,10
66156,301
66156,762
66156,3990
66201,47229
66201,32206
66201,162611
66201,104426
66525,111415
66525,273780
67881,245015
67881,86403
67881,67863
67881,211527
69237,13813
69237,89813
69237,88
70302,77721
70302,11895
70302,10213
70392,48521
70392,12686
70392,47817
70392,96184
70392,12261
70842,70852
70842,34929
70842,1005
70842,30234
71049,116957
71049,5686
71049,94708
71049,26098
71049,5116
71901,119242
71901,9746
71901,9731
71901,2985
71901,127811
72867,129605
72867,80554
72867,26250
74580,37761
74580,113279
74580,122151
75912,100294
75912,86230
75912,80516
76047,3285
76047,138
76047,2671
76047,41842
76047,76065
80802,4290
80802,24804
80802,16765
82707,13811
82707,677
82707,88
82707,3998
84918,5810
84918,76795
84918,37815
84918,138
84918,40447
86781,2412
86781,18575
86853,679
86853,20376
86853,301
86853,407
88110,27849
88110,2427
88110,32066
88110,352
88110,308
88119,3549
88119,97598
88119,97600
88119,352
88119,677
88464,59476
88464,112348
88464,171079
93174,42900
93174,69626
93528,34748
93528,29039
93528,102260
93528,112913
96354,6405
96354,17507
96354,40447
97089,219595
97089,230290
97089,36224
97719,4201
97719,126571
97719,67133
98838,352
98838,18393
98838,107556
98838,8005
103563,58978
103563,10267
103563,66598
103563,69729
105027,123593
105027,8723
105027,135849
109527,86640
109527,145316
113778,138
113778,133676
117330,133740
117330,26076
118401,1793
118401,45783
118401,134426
119067,243880
119067,292144
119067,26250
119067,115687
119067,42927
119067,92494
119895,169386
119895,16449
119895,6971
119895,98487
121746,94645
121746,352
121746,81429
121746,82042
121845,2280
121845,138
121845,81429
121845,8417
122256,139948
122256,18388
122256,305482
130059,7691
130059,78388
130059,53632
135474,107873
135474,33441
135474,50271
135474,28531
137106,67133
137106,2199
137106,33145
137106,39589
139218,26152
139218,2163
139218,677
139218,37761
139218,88
141087,9864
141087,36490
141087,208041
141087,160751
143472,149811
143559,93174
143559,93183
143559,108133
143559,11192
152442,7990
152442,7940
157953,9864
157953,56135
157953,56103
157953,160730
160734,56135
160734,56103
160734,199410
160734,59873
160734,99521
179091,52
179091,6868
179091,1988
179091,1205
180015,352
180015,762
180015,5793
180015,6014
194148,316111
194148,97728
194148,290946
194148,298468
194148,396114
197247,677
197247,352
197247,3549
197247,50632
212004,258250
212004,372039
212004,242810
212004,170006
212004,255786
215220,210780
215220,138
218109,7569
218109,138
224739,3549
224739,347819
224739,7782
224739,677
224739,170006
224739,350991
225375,217916
225375,6749
225375,3549
225375,317
251439,159687
251439,225928
251439,228438
252156,150197
252156,337271
252156,311722
255168,373177
255168,39524
255168,170021
255168,105232
331023,16216
331023,86230
331023,39081
331023,39029
331023,3021
331821,120354
331821,103253
331821,82643
9458,170100
9458,79619
9458,22681
9458,94819
9458,53954
31319,7079
31319,22051
31319,18595
31319,103517
105320,88
105320,82697
105320,55020
77,9337
77,9342
77,138
77,101
121076,29247
121076,171069
121076,158948
121076,116075
5423,77613
5423,629
5423,37793
12539,81608
12539,29407
263069,52066
263069,52877
263069,59841
141881,88
141881,352
141881,136657
3410,11111
3410,500
3410,28231
13223,92603
13223,147139
99263,150978
99263,518
99263,183724
99263,11192
99263,9604
8927,293367
8927,8930
8927,138
8927,71968
24338,1
123443,6855
123443,92593
123443,2280
123443,1031
4904,33472
4904,40307
4904,62215
4904,4909
56798,28097
56798,2480
56798,91679
3602,22328
3602,22311
3602,86056
181430,146834
181430,83101
181430,178703
95930,48679
95930,29163
95930,9465
39515,33472
39515,99072
39515,28097
89588,6971
89588,85030
89588,40124
89588,37975
89588,34181
14606,31089
14606,65881
14606,14617
14606,14057
14606,40267
37532,32972
37532,88
37532,365
37532,138
139442,3794
139442,5224
139442,88
139442,440
85511,93474
85511,30531
85511,166535
4973,15418
4973,168654
4973,11472
79703,34181
79703,69537
79703,84890
79703,7569
126590,47891
126590,6014
126590,138
67817,352
67817,67849
67817,48513
188042,190640
188042,138
76022,98791
76022,138
76022,36243
98639,95039
98639,103859
98639,137610
98639,66292
98639,33472
98639,99053
295460,199686
295460,97829
295460,142160
295460,11895
295460,204772
101156,294851
101156,206244
101156,353359
101156,72846
101156,75180
4835,19550
4835,308
207686,138
207686,309818
207686,175143
21479,288707
21479,226713
21479,69686
21479,113078
50156,10331
50156,90259
50156,245002
50156,555
66167,138
66167,18311
4877,70698
4877,33472
4877,90622
136130,153791
136130,12731
136130,183393
136130,141362
99329,3969
99329,138
99329,45319
335,48971
335,42640
335,41380
335,39034
1292,76820
1292,75076
1292,5116
1292,89805
44651,20200
44651,42679
44651,92606
44651,16604
44651,138
85910,10917
85910,51199
85910,16576
85910,15995
326027,288330
326027,51444
326027,229078
326027,326031
10985,1426
73091,4408
73091,14506
73091,2077
73091,511
73091,1426
56045,1315
56045,365
56045,138
56045,26129
65834,73329
65834,69774
65834,73320
65834,95463
89168,138
89168,20200
89168,38002
89168,128601
187385,352
187385,3549
22517,2157
22517,297
22517,1511
22517,6
12344,109527
12344,19904
12344,21605
12344,119028
12344,75647
10244,36981
10244,10331
10244,10262
10244,90259
10244,1298
69761,64430
69761,35377
69761,91493
69761,69729
69761,14602
40796,149225
40796,45631
40796,97085
40796,59427
40796,66680
25214,138
25214,10
25214,308
25214,88826
809,22893
809,1315
809,138
60680,133623
60680,47124
60680,9731
60680,73224
45704,1709
45704,6587
45704,85460
235859,523
235859,220
235859,21833
235859,4435
9881,4201
9881,11211
9881,8154
30758,48059
30758,53254
30758,88
30758,22631
167057,152216
167057,177726
167057,131696
30743,39365
30743,31267
30743,36243
7409,138
7409,124414
7409,16676
7409,365
7409,45137
332915,264810
332915,311722
332915,198084
332915,322308
88664,47992
88664,171760
88664,77772
72467,677
72467,3393
72467,206
72467,47040
4526,12158
4526,88
4526,9791
4526,3549
4526,8208
6047,135529
6047,18311
53687,150691
53687,119812
53687,53814
124013,50063
124013,8828
124013,10812
3053,55558
3053,39049
176834,18316
9191,9208
9191,27872
9191,39029
7850,28241
7850,7854
7850,1322
7850,11008
96734,42360
96734,677
96734,217784
7322,5810
7322,46827
7322,7304
73196,138
73196,38234
21716,75848
21716,61499
21716,66605
21716,10267
19148,44457
19148,5037
19148,8747
19148,44036
19148,33954
19844,9405
19844,26530
31697,33182
31697,15045
31697,2844
39695,36739
39695,2199
70217,65817
70217,77053
70217,27568
70217,69285
70217,67736
4094,4075
4094,4090
4094,10
88151,50080
88151,9590
88151,1982
88151,46527
219383,14852
89,2778
89,2199
222899,173334
222899,83518
222899,47710
82268,88
82268,107188
45662,19804
45662,1237
45662,5810
45662,19672
1454,1443
1454,8030
1454,1322
1454,10542
18893,6199
18893,4201
18893,146534
98474,1205
98474,70392
98474,24654
98474,7961
31337,73810
31337,24156
31337,53247
31337,31850
31337,31327
11540,39873
11540,26530
11540,3185
11540,2363
11540,29267
11540,13255
59198,511
59198,15963
59198,40075
59198,44325
59198,82875
59198,117599
51380,138
51380,36622
51380,26250
45983,17671
45983,217713
45983,109972
1343,4290
1343,1036
1343,138
33971,1322
185978,101451
185978,52505
185978,185976
303251,157545
303251,150197
303251,177805
303251,192326
82562,179243
82562,90259
146054,817
146054,38208
146054,43667
58178,58055
58178,14602
58178,14662
58178,20909
36905,4201
36905,220983
36905,145316
36905,31462
8930,29897
8930,26498
8930,33751
8930,73386
5669,147015
5669,36905
5669,5593
20507,12462
20507,29844
20507,1971
20507,12490
45305,45296
2222,3566
2222,13768
2222,18018
2222,7427
2222,5390
72260,69188
72260,126575
72260,121463
72260,188208
40847,106178
40847,1767
40847,9731
20369,10901
20369,23968
20369,408
20369,5733
6836,62782
6836,6798
6836,13029
6836,24644
58670,1426
58670,54425
62600,43753
62600,39902
62600,6840
62600,28783
349673,172488
349673,256022
74465,117696
74465,31004
6986,7008
6986,4262
6986,6527
8765,28114
8765,8755
8765,60039
8765,43966
8765,28097
110870,249
110870,43905
110870,62756
110870,4628
977,913
977,66970
977,85825
58523,128976
58523,103744
58523,3172
58523,128965
58523,192601
16013,97545
16013,89060
16013,301
227204,352
227204,10
227204,42
187862,64773
187862,2280
187862,27872
187862,227780
110924,145316
110924,365
214091,3393
214091,14109
214091,75253
214091,3549
21569,1443
21569,28057
21569,7377
21569,83415
67178,97375
67178,16676
10940,81705
10940,90180
10940,8398
10940,83435
500,14932
500,69
500,138
500,6317
67346,39919
67346,308
67346,315433
67346,161456
67346,88
30125,29795
30125,18140
30125,1334
97475,88
97475,46844
97475,12666
97475,2039
150212,205357
150212,511
4076,1
95105,43689
95105,9020
95105,36216
95105,139948
5825,17507
5825,88
5825,16950
57503,59412
57503,39504
57503,124565
57503,116634
57503,182028
19364,13223
19364,3549
19364,12261
19364,19672
5582,5593
5582,5676
146135,140895
146135,100918
146135,378281
146135,48869
84887,37317
84887,75423
84887,38002
95516,44609
95516,155929
95516,8398
95516,11235
18026,18023
53894,14057
31256,241715
31256,241719
31256,123308
31256,15632
31256,31271
31256,69503
31532,19904
31532,30743
69098,69774
69098,69094
143000,142986
143000,53814
143000,119812
222110,57112
222110,7569
222110,138
58991,19148
58991,138
58991,90264
75737,206
75737,58146
75737,408
75737,301
39524,28097
39524,40287
39524,83797
102257,97666
102257,17104
102257,54896
10166,45392
10166,166210
10166,10286
10166,112165
187094,1503
187094,205
187094,4433
187094,1988
187094,220
187094,1896
187094,7717
245843,3617
245843,702
34565,352
34565,96648
185060,138
185060,45818
185060,352
185060,8005
118277,12440
118277,58055
118277,19148
124769,80516
124769,13525
124769,42127
24410,63605
24410,42
24410,56371
24410,4094
18878,17358
18878,4201
18878,18874
18878,11581
8459,14171
8459,18272
73109,50909
73109,37191
73109,56305
15596,1982
15596,19508
15596,43143
15596,138
15596,408
119873,65498
119873,75006
119873,33441
119873,46291
31904,76004
31904,30743
31904,66011
31904,197904
31904,36243
16817,16794
58433,138
58433,151887
58433,32045
58433,204144
23123,132256
23123,1988
23123,105902
23123,20894
84185,12928
84185,140681
84185,27519
84185,18297
266411,138
266411,8398
266411,205357
9704,88
9704,227380
9704,67382
9704,7660
92330,138
92330,39081
92330,3053
7949,408
7949,88
7949,10917
7949,8398
7949,53954
40361,1322
40361,2295
40361,6544
40361,4824
40361,20850
97499,33145
97499,1971
97499,46049
136916,7937
13808,144790
13808,37761
13808,365
416,555
416,98962
416,101
1232,8639
1232,1237
1232,16261
1232,16243
40307,105232
40307,28097
40307,76079
40307,62215
40307,33472
392891,171183
392891,146288
1544,2263
1544,9208
1544,1554
1544,5437
35681,16662
48695,138
48695,58396
146288,79651
146288,95905
146288,95917
146288,95922
146288,95890
146288,95925
84368,45790
84368,21605
84368,75442
84368,12344
84368,127516
31490,4198
31490,33191
31490,47459
55001,61852
55001,61833
55001,15143
151520,46632
151520,15
151520,12741
151520,180297
18824,2512
18824,20798
18824,15380
299141,308858
299141,259665
299141,244312
1871,33505
1871,352
1871,1337
16745,4201
16745,352
16745,137840
313679,3802
313679,3549
9158,81529
9158,9180
9158,138
60623,45646
60623,45122
60623,184134
60623,142169
150065,187045
150065,29908
150065,119614
150065,180299
147149,147150
76019,257681
76019,36224
76019,98791
76019,36243
76019,32098
149210,138
149210,286650
149210,36558
100130,67050
100130,100131
100130,5469
5231,138
5231,74277
5231,365
5231,16598
46682,29163
46682,9481
46682,128537
125363,124445
125363,138
125363,71094
125363,5686
290,3021
290,6231
290,1337
2456,9626
2456,1053
2456,1010
9131,396
9131,91583
9131,94135
86684,138
180536,88682
180536,205357
43322,3927
43322,81945
15257,21339
15257,11288
15257,5076
257144,17358
257144,104426
112211,78869
112211,138
19955,86139
19955,41894
19955,244594
52217,150922
52217,149811
87521,19540
87521,64790
87521,20007
190526,138
190526,14932
190526,88
19679,38002
77549,31780
77549,49046
77549,365
77549,37489
16184,2199
16184,9208
16184,16216
31151,19685
31151,133623
31151,2527
59201,16688
59201,120199
59201,301
59201,42979
13955,88
13955,4262
13955,1322
13955,352
109415,42640
109415,79203
109415,165197
67322,67324
67322,8005
67322,67323
67322,352
59528,106186
78341,26530
78341,18575
78341,208874
78341,326077
21299,4479
21299,18297
21299,49123
117026,109792
117026,10812
117026,50063
73610,138
73610,1818
73610,58269
73610,95380
73610,111415
85937,54280
85937,32045
314435,36219
314435,56399
314435,31585
77078,54214
77078,68309
77078,282678
16928,6529
16928,16916
16928,7813
3089,26763
3089,1988
3089,555
3089,1036
3830,100924
3830,2889
3830,247
3830,100448
70361,138
70361,125520
17366,30134
17366,7898
17366,317
17366,9785
17366,301
2654,22083
2654,1275
2654,38316
2654,2644
205244,4201
205244,21136
205244,42831
205244,27864
18995,138
18995,365
18995,18107
18995,88
28088,62534
28088,19148
28088,138
18629,179434
18629,138
18629,18311
4262,15596
4262,13955
4262,4201
4262,16137
52298,6167
52298,12928
52298,29191
31748,1808
31748,1322
31748,24156
6107,27575
6107,14801
6107,1982
95648,126398
95648,133775
95648,12699
95648,352
95648,27288
6665,9191
6665,9152
6665,9218
231686,26753
231686,73485
231686,3269
6323,4201
6323,628
6323,6544
6323,1840
348059,151471
348059,398715
348059,117239
348059,117256
139916,45901
139916,44539
139916,26530
139916,1882
56537,16092
56537,26120
56537,296639
56537,185212
56537,54973
33290,20937
33290,1005
33290,26186
21833,523
21833,4435
127415,22966
127415,30966
127415,158406
127415,189793
34181,72603
34181,16449
34181,34178
168785,6014
168785,138
168785,38234
168785,1205
61535,11556
61535,138
61535,45296
61535,106215
6887,46923
6887,6085
6887,7427
6887,6855
6887,81485
78809,57106
18272,4718
18272,12833
18272,1470
18272,4660
18272,8459
11087,138
11087,1322
11087,2199
103712,3477
103712,3927
78869,163615
78869,70375
67553,63528
67553,31256
67553,107873
67553,326182
65498,6317
65498,100710
65498,209232
68939,88
68939,100689
68939,3121
68939,365
37886,116866
37886,49915
37886,4201
37886,2199
52547,6
52547,14045
15143,3749
15143,4496
110780,54550
110780,87591
110780,19347
110780,317
110780,138
110780,88
97181,239267
97181,124862
97181,205966
97181,194419
39194,321852
39194,52957
39194,40556
10901,165806
10901,19204
10901,13052
45638,98870
45638,30467
45638,29916
45638,59427
45638,8956
148385,6855
148385,44719
148385,15590
148385,6283
193079,12510
193079,3014
193079,7533
193079,48869
146534,18893
146534,48676
146534,1322
146534,29007
34484,29986
34484,651
34484,11020
34484,78444
126455,10495
126455,7940
126455,88
126455,468
126455,2014
72167,2480
72167,352
72167,15185
72167,3549
72167,677
49673,113358
49673,54457
49673,76989
49673,26674
242174,137469
242174,101430
111641,8784
111641,7905
111641,9000
76823,5659
76823,36884
76823,16137
76823,24518
23519,34929
23519,89833
23519,53902
53684,53799
53684,53763
53684,150691
53684,53782
45296,42679
45296,111415
45296,138
45296,61535
15242,29375
15242,7373
15242,24141
15242,69939
52208,4877
52208,66605
52208,56631
52208,28097
150476,15115
150476,93
150476,164547
150476,74854
8417,39081
8417,16216
8417,77336
23369,5810
23369,2109
25685,41700
25685,15190
105782,58946
105782,8723
105782,19936
105782,8784
42134,1369
42134,5896
2216,29349
2216,29257
2216,25705
6878,24301
6878,155541
6878,177111
167795,167801
54215,67736
54215,69205
54215,70549
54215,287575
59162,26498
166022,175980
166022,14431
166022,1988
166022,65458
97889,59739
97889,3883
97889,138
158600,13134
158600,408
158600,3549
158600,22678
31949,39515
31949,40307
31949,33472
22379,11998
22379,54280
22379,4201
22379,9437
31052,9337
31052,511
31052,15138
48761,4169
48761,138
48761,4290
14735,48986
14735,2363
14735,6231
83171,32098
83171,30493
83171,31532
24695,91222
24695,77053
24695,26057
24695,69693
107819,49770
107819,213925
107819,16566
104519,34474
104519,54476
104519,1275
104519,104671
169826,132618
169826,37023
35894,3549
35894,12738
35894,677
35894,35823
248,102186
248,87101
248,108885
248,108894
248,108890
112268,40948
112268,104467
112268,62600
112268,4496
112268,22560
123956,330
123956,3797
123956,20446
99164,110453
99164,102416
99164,37173
99164,16344
286256,6265
286256,317
286256,7173
117449,69537
117449,7569
179507,179470
179507,150300
179507,258630
179507,235635
22883,34364
22883,27967
22883,34374
420065,317
420065,215479
56339,37761
56339,7660
56339,13321
98033,111776
98033,72152
98033,23095
96017,65898
96017,11581
96017,18906
96017,6855
96017,2250
1373,16713
1373,5802
1373,42410
1373,3549
1754,1322
1754,2630
1754,138
1754,1158
1754,109931
126398,47249
126398,80308
126398,47377
126398,65896
326042,393794
326042,370465
58532,9731
58532,88
58532,138
58532,57112
83033,7961
83033,533
83033,1896
92750,129610
92750,40796
92750,59281
92750,81893
63842,35440
63842,292
63842,236471
63842,16344
63842,12738
265136,44539
265136,26542
265136,3185
7532,99753
7532,79693
7532,69537
7532,92494
4349,12084
4349,41278
4349,83716
1823,1850
1823,1840
1823,1855
1823,1879
1823,352
154241,45031
154241,113279
154241,365
6968,247842
6968,30869
6968,73160
305234,5192
305234,26530
305234,33214
23621,49915
23621,10944
23621,408
13187,18311
13187,2612
13187,333
57086,61499
57086,58978
57086,103563
10730,7789
10730,8138
10730,48
10730,2295
154946,3185
154946,23428
154946,352
97709,4440
97709,1999
97709,977
20066,5810
20066,138
20066,16598
20066,40447
28409,10410
28409,4992
28409,582
13553,26120
13553,4201
13553,20007
89714,5733
89714,36490
89714,81995
89714,54973
69608,19204
69608,73050
69608,4201
69608,42900
81608,8618
81608,10081
81608,479
81608,138
81608,30177
76919,76823
76919,193094
76919,69608
76919,55776
76919,29375
78278,11998
78278,218280
78278,8398
78278,10647
22727,11790
22727,46698
22727,46721
22727,39697
31850,59945
31850,8755
31850,31337
31850,31327
142433,49949
142433,24804
142433,98382
142433,77436
76472,2077
76472,308
76472,1971
43667,37237
43667,101958
43667,42
43667,36551
43667,38208
52742,29163
52742,158554
52742,44391
52742,170737
52742,24114
52742,74585
136778,3549
136778,17175
136778,10753
5375,33949
5375,33954
5375,112565
5375,144998
127334,216762
127334,194088
127334,16013
127334,355549
58583,7569
58583,42927
58583,105554
2819,132088
2819,90213
2819,249
133613,21861
133613,85351
133613,173581
133613,170339
149252,122891
149252,33259
149252,94109
114068,113106
114068,41894
114068,268719
24146,1190
24146,27315
24146,106615
24146,68051
302738,68914
302738,68912
302738,69066
302738,283972
302738,59544
84293,276
84293,156571
84293,11763
84293,352
11549,9864
11549,60512
33956,14932
33956,33954
33956,138
244907,3040
244907,8417
244907,35087
244907,37758
187754,14662
187754,55964
187754,34797
187754,37489
55964,113019
55964,34797
26057,69063
26057,762
26057,138
20432,5053
20432,606
20432,20431
13073,10577
13073,25705
13073,1369
13073,4005
166991,56910
166991,138
166991,9731
166991,28045
159590,14677
159590,310092
159590,44054
159590,31681
159590,33488
100448,3830
100448,247
100448,6268
100448,2889
16466,6971
16466,50271
16466,78809
143648,3549
143648,115487
143648,8398
330005,128329
330005,365874
330005,103314
330005,330004
9935,42640
9935,138
9935,48971
9935,301
9935,21471
176615,51742
176615,46886
176615,80829
12425,40669
12425,7389
12425,10593
12425,12458
12425,12462
175055,77432
175055,480
175055,4411
175055,762
33305,33298
33305,191441
33305,26186
33305,71748
188735,196290
188735,151464
188735,181712
188735,8303
12275,12436
12275,12212
12275,88
12275,110004
52925,52905
52925,155433
52925,42181
52925,468
52925,145316
72095,1
132785,45638
132785,36224
132785,180301
132785,59427
78155,7620
78155,538
78155,42
78155,352
78155,161275
83765,69725
83765,72807
83765,31793
83765,24156
83765,144180
183305,13782
183305,220
183305,27483
183305,14964
183305,128
141965,36916
141965,2185
141965,13115
141965,3902
35795,78
35795,10271
35795,49049
35795,7011
272945,200107
272945,122123
272945,88
98195,84
98195,98197
98195,1426
106025,220
106025,80467
97055,52509
97055,104322
97055,96702
97055,112495
43025,29984
43025,32783
43025,151506
43025,19672
43025,34484
99845,20305
99845,1247
99845,138
99845,99859
99845,236217
33695,189742
33695,101565
33695,46140
33695,8755
222305,37341
222305,108607
51935,17278
51935,1999
51935,762
51935,37663
51935,357
85775,15372
85775,677
85775,85777
85775,945
171185,150197
171185,244312
93365,45621
93365,468
93365,220
93365,42328
93365,13476
93365,127108
230285,94150
242075,270278
242075,201157
61985,2195
61985,2985
61985,108165
61985,385
61985,533
87185,88
87185,26152
87185,108607
9965,77308
9965,90227
9965,49215
9965,88
131285,26120
131285,4201
41975,102873
41975,18388
41975,69547
41975,6971
377045,1228
377045,1254
377045,27952
377045,10
101345,63378
101345,1882
101345,51742
101345,51757
101345,220
32465,166998
32465,65678
48275,2199
88565,6199
88565,106761
88565,124856
192725,12973
192725,136093
192725,7836
192725,29159
12005,17175
12005,365
12005,138
117095,82123
35405,209983
35405,8398
35405,10726
35405,1426
248585,130780
248585,50129
248585,10299
6845,138
6845,5918
21335,138
21335,18284
21335,18320
189095,26549
189095,385
189095,15723
189095,11907
226415,7698
226415,65872
226415,226416
67025,6562
67025,352
67025,3802
45515,249
45515,40225
45515,3830
45515,26842
45515,52851
25925,25927
25925,14437
25925,25928
132455,138
132455,79897
132455,37009
382055,9360
8855,117026
8855,50250
8855,19936
8855,86139
116015,219031
116015,4201
393635,311905
393635,280627
393635,88
393635,56968
148565,13442
148565,352
148565,10
148565,677
12185,21350
12185,234570
12185,37992
160595,56573
160595,241395
160595,34352
160595,138
135185,52905
135185,319089
52805,151887
52805,161330
52805,138
75455,163615
75455,138
75455,14890
34235,82237
34235,354282
34235,122354
34235,19533
10295,3910
10295,62498
10295,941
10295,160876
320345,96530
320345,3466
320345,88
320345,12376
101825,101856
101825,138
96425,17710
96425,11994
190025,28032
190025,138
190025,38068
190025,9779
190025,71915
965,17507
965,8398
965,223805
965,229279
54065,17798
54065,352
197345,17446
197345,236177
197345,286483
197345,201576
197345,11192
15547,112640
15547,26377
15547,760
15547,36633
8947,50239
8947,28455
8947,1005
8947,50271
41677,645
41677,2480
41677,2676
41677,308
18397,73878
18397,1544
18397,138
46927,88
46927,44651
46927,74016
46927,91103
60847,220850
60847,14343
487,7
487,29236
487,172
487,27
487,25585
487,27554
128707,142067
128707,48163
128707,111118
4327,408
4327,18575
4327,1158
4327,2363
45637,71141
45637,34955
45637,161257
25147,138
25147,3629
25147,78732
25147,14324
300547,59541
300547,60798
180247,129264
180247,24454
68317,77068
25447,16808
25447,39016
25447,23230
13177,1055
13177,14527
13177,6117
13447,80516
13447,60798
13447,121714
46687,26129
46687,93765
46687,38891
133537,54200
270907,274
270907,283
126817,492
126817,27315
126817,3657
126817,511
115927,32214
115927,2876
52387,138
52387,76620
52387,45501
52387,49664
52387,76624
6727,142
6727,6172
6727,14382
6727,10
314317,3335
314317,176939
314317,16565
314317,7401
169567,42561
169567,88
169567,64097
169567,36436
82027,49113
82027,523
82027,138
82027,301
122557,56961
122557,32133
122557,54313
32437,88682
32437,379
32437,49134
32437,26129
32437,7477
32047,1971
32047,138
32047,977
32047,33807
175687,164633
175687,352
175687,301
172927,138
172927,2077
172927,523
172927,1971
172927,2250
113287,39611
113287,35332
113287,60227
113287,8806
113287,53602
127747,339705
127747,187353
127747,223328
16267,11147
16267,156162
16267,2148
16267,220
102007,9108
102007,13462
103177,61107
103177,103172
103177,61132
82357,26129
82357,47355
82357,31462
3577,23369
3577,3666
3577,1596
3577,3905
153307,33441
153307,97085
153307,56399
153307,36422
28567,138
28567,5686
28567,13643
42427,45296
42427,138
42427,109743
285937,101856
285937,230575
285937,138
45187,9091
45187,352
45187,15564
15217,468
15217,1168
15217,518
15217,7477
117247,366445
117247,5686
117247,151471
252157,97181
252157,179470
252157,304863
252157,101856
24907,17004
24907,1398
24907,15338
24907,677
24907,91002
4807,6405
4807,4094
35977,122534
35977,28045
35977,12057
20017,20007
20017,39417
73327,82108
73327,73329
73327,73319
73327,77049
118897,365
118897,21995
118897,12440
118897,138
118897,36693
39547,166500
39547,21825
39547,6051
48727,49591
48727,107274
67957,211
67957,67959
67957,357
101797,166980
101797,57471
25927,25928
25927,144901
5227,518
5227,86359
5227,511
5227,142093
202327,125095
202327,231068
202327,34797
202327,61119
202327,48178
81457,317
81457,27457
81457,84546
81457,49382
265177,74725
120577,216103
120577,33436
120577,10
120577,28493
183667,64491
183667,8005
183667,352
183667,10901
88087,5691
88087,1426
88087,19550
276847,62498
276847,98594
276847,77030
181777,95913
181777,124856
181777,150300
181777,36558
231907,1793
231907,103314
74857,8784
74857,85021
74857,259533
35527,35500
35527,88
35527,64822
29557,1564
29557,301
29557,30802
29557,507
39610,39611
39610,39621
39610,39606
39610,182673
273880,53226
273880,111676
273880,196630
273880,186732
273880,314066
129610,36224
129610,235358
170080,77780
170080,7781
170080,77769
170080,677
170080,10848
170080,9938
20230,37316
20230,38606
20230,20235
35500,88
35500,16060
35500,53282
229210,95905
229210,234278
229210,160376
308110,677
308110,18678
308110,1426
308110,88
25420,36909
25420,396
252460,34168
252460,131212
149440,44605
149440,256146
149440,16862
149440,117539
149440,350194
46660,94921
46660,43835
46660,61221
46660,28926
9520,86962
9520,31728
9520,75506
9520,28096
41770,128793
41770,26079
10690,8200
10690,21450
10690,6495
14590,67721
14590,16520
14590,28097
112390,39903
112390,50004
112390,2420
21880,13442
21880,1793
21880,81266
21880,21876
307120,1904
307120,307119
307120,93
178540,138
178540,14324
178540,18659
178540,138929
178540,14305
62350,7427
62350,26129
76060,138
76060,69
76060,108926
76060,6979
76060,13024
47440,24804
47440,187049
47440,249457
47440,164854
47440,242705
68710,159933
68710,159897
68710,55932
68710,159895
68710,107338
226780,95913
13660,4256
13660,4204
13660,131277
132010,68408
132010,111415
132010,43835
172690,172689
172690,117315
172690,37341
172690,22803
71590,21089
71590,20990
40270,4877
40270,10267
40270,28097
40270,52476
40270,129769
220330,164309
220330,13321
220330,49247
23290,24146
23290,19406
23290,10
23290,22970
23290,76809
31240,81811
31240,81788
31240,66008
192250,63949
192250,107486
192250,57545
109090,20562
109090,280
257500,46049
257500,72648
257500,19411
9850,20873
9850,365
41440,126182
41440,106993
41440,100634
41440,109311
245200,97181
245200,171183
245200,101856
23800,3285
23800,138
23800,6317
11740,6172
11740,2250
11740,408
30070,88
30070,64065
30070,1882
10030,10259
10030,10190
10030,22678
10030,140157
256390,340865
256390,256395
256390,40282
256390,35061
106630,30551
106630,3830
355150,301
355150,48481
355150,6379
355150,381455
28120,4290
28120,14038
28120,56071
98020,27568
98020,101926
98020,134268
98020,3969
188110,351751
188110,37623
188110,59522
188110,157192
64270,39140
64270,68372
64270,20958
158860,10647
158860,8398
30940,34665
30940,74617
30940,38204
394390,139446
394390,188983
394390,358966
172120,56028
172120,28097
172120,14665
172120,16533
121900,355182
121900,133358
121900,103403
121900,40307
121900,321852
121900,377184
35140,34929
35140,33472
35140,4899
32950,100294
32950,9648
32950,51123
34630,45578
34630,45595
34630,45589
34630,19804
196630,111680
196630,196613
196630,95090
53980,1005
53980,109792
53980,48508
53980,9020
368380,189228
368380,196948
368380,6
368380,38080
400570,443077
400570,89107
400570,129563
400570,303316
167080,101820
167080,48178
167080,14617
167080,118746
103570,138
103570,155207
103570,9800
36070,48190
36070,48178
36070,48189
342430,192327
342430,44715
342430,153324
342430,257408
112450,88
112450,37182
112450,1426
116417,181033
116417,20973
116417,119318
116417,28088
4097,6405
4097,1322
274577,334404
274577,267717
274577,353496
274577,277461
404357,3419
404357,2347
404357,317
4757,760
4757,6544
4757,1879
15407,167301
15407,60584
15407,5000
15407,138
137837,155945
137837,2042
137837,137833
137837,1373
857,408
857,9362
857,1426
857,352
266207,140915
266207,8417
266207,39086
266207,25199
266207,6
266207,102196
52937,135185
52937,52905
52937,52922
52937,111113
3767,238705
3767,88
3767,94634
95147,140454
95147,49591
95147,138
70907,23764
70907,12366
70907,119028
70907,27052
2327,6107
2327,26980
2327,14782
183737,57868
183737,31089
183737,20941
183737,52476
183737,14025
183737,39524
56357,225514
56357,4201
88637,251129
88637,99581
88637,2744
43157,69298
43157,533
43157,11635
43157,98544
43157,54280
46577,63126
46577,302582
46577,35061
110117,1295
110117,24914
110117,90180
110117,68958
79907,4564
79907,7781
79907,39853
79907,10577
79907,131448
162617,408
162617,352
162617,4201
162617,12549
339917,311519
339917,34268
339917,209768
339917,33480
62897,206
62897,53018
62897,248
40097,26400
40097,13643
114857,98774
114857,125095
114857,134989
45617,55377
45617,1036
45617,138
176207,14729
176207,81429
176207,5205
176207,27868
4487,82438
4487,4500
4487,4528
39707,48142
39707,199064
39707,46923
39707,9731
39707,22792
258287,57
258287,7900
230147,136724
230147,274077
230147,210802
230147,171650
218717,53139
218717,7905
218717,2163
98087,9481
98087,47762
98087,88
224927,46527
224927,170953
224927,175731
224927,190608
224927,146164
75827,96530
75827,12366
75827,209408
100277,857
100277,160565
100277,30189
100277,885
100277,70620
62657,3969
62657,3185
62657,106916
62657,352
62657,162364
156527,49176
156527,36368
156527,63123
1697,1718
1697,19187
1697,11581
1697,1322
1697,1840
12407,45614
12407,6121
12407,106679
12407,9731
12407,6798
12407,53550
57257,4909
57257,39510
57257,28097
94517,9208
94517,138
94517,121412
94517,365
31097,403
31097,885
49547,26085
49547,20273
49547,365
132887,440
132887,11235
132887,11192
312677,334788
312677,138
312677,172488
72287,22774
72287,22829
73517,67617
73517,16427
73517,43902
73517,443
60827,6089
60827,6088
60827,60821
60827,202798
228167,62498
228167,27463
6017,73878
6017,185060
6017,26129
6017,6355
38627,46587
38627,43863
24137,52466
24137,28088
24137,52476
297557,40307
297557,192652
297557,33472
273527,132088
273527,14093
273527,28097
177047,94676
177047,142067
177047,46698
177047,88784
177047,39697
89687,930
89687,15889
89687,88
89687,4290
54197,4824
54197,72229
54197,72222
54197,67736
31637,3397
31637,213563
31637,4101
31637,3912
21197,13869
21197,138
21197,9731
42287,1996
42287,12750
42287,9672
312107,286538
312107,274072
312107,274077
222977,36351
222977,67399
222977,112886
222977,24804
359957,79653
359957,205820
359957,30799
176297,17495
176297,408
176297,33929
176297,17507
176297,3549
285197,173537
285197,91457
285197,84540
285197,116574
20117,16604
20117,20194
20117,43835
20117,61221
100547,67165
100547,26456
100547,67223
100547,24914
100547,45319
17117,5918
17117,54896
17117,518
17117,158379
6347,9672
6347,3549
6347,119331
6347,1988
366505,14602
366505,111663
366505,35345
30895,5444
30895,138
30895,1808
30895,1982
104785,119778
104785,53743
104785,93829
15055,677
15055,80577
15055,385
15055,17053
15055,88
92455,42
92455,72514
92455,33775
92455,124651
161395,2014
161395,85460
161395,45704
71245,26753
71245,68019
71245,65817
24565,48670
24565,45319
24565,66270
24565,99329
264265,146288
264265,230575
264265,101856
264265,122442
19795,352
19795,15115
19795,88
19795,123669
47995,6241
47995,48091
47995,7467
1915,1036
1915,43143
315085,42936
315085,6969
315085,130937
221635,67165
52135,95184
52135,52905
200695,47086
200695,164462
200695,85873
101875,177667
101875,274325
101875,259601
101875,330976
362005,68505
362005,35364
362005,36055
150745,10647
150745,7691
150745,13266
330835,224559
330835,310244
330835,43253
330835,154093
16255,4047
16255,25535
16255,1232
16255,16501
16255,1275
16255,138
16645,11192
16645,4201
186085,5793
186085,5005
186085,1205
10855,7905
10855,136551
10855,7903
10855,2163
120925,110813
120925,95090
120925,131543
156715,201234
156715,247915
156715,885
156715,134762
21595,39171
21595,65161
21595,10267
21985,169121
21985,7781
21985,7922
21985,11998
211165,3549
211165,352
211165,95571
211165,6749
5515,39034
5515,206
5515,80499
5515,16753
342595,95905
342595,247764
342595,95925
260395,291054
260395,334129
260395,310717
260395,325514
30355,69439
30355,3008
30355,645
30355,138
198445,1205
198445,10
198445,15175
50065,123737
50065,14149
50065,56380
50065,88
41095,26530
41095,130486
41095,9405
41095,42375
41095,210474
39865,121989
39865,94907
83665,12924
83665,14829
83665,15143
115075,135653
115075,6712
139015,101132
139015,112097
139015,28082
76165,109628
76165,88
76165,128770
76165,70549
76165,69237
161275,88
161275,78155
161275,319040
99625,58965
99625,26842
99625,3169
317305,14662
317305,72846
317305,8755
317305,34797
19975,8709
19975,8928
19975,71968
19975,109806
138535,468
53905,370745
53905,222073
53905,35046
53905,190227
104905,88515
104905,270010
104905,110813
5755,95725
5755,19540
372805,172488
372805,157545
372805,150192
372805,171183
8095,1
55195,66854
55195,88
55195,69060
55195,67736
55195,138
49615,32319
49615,88
49615,33807
49615,941
49615,33182
4015,28948
4015,84405
4015,4023
4015,11339
4015,1932
409795,30230
409795,96820
409795,106825
96835,7854
96835,27575
96835,13442
207205,237532
207205,56798
207205,28097
12475,140180
12475,267180
12475,12507
12475,147978
100945,365
100945,10
100945,88
100945,13869
242005,215375
242005,138
242005,4450
242005,7569
40225,38711
40225,127324
40225,159142
77305,10
77305,138
77305,146810
352735,65378
352735,12185
352735,65335
352735,87448
50695,44737
50695,61825
50695,130486
50695,26530
8785,91636
8785,8828
8785,8607
29365,14078
29365,147482
29365,77903
118045,110690
118045,82290
118045,110658
118045,14584
232195,85594
232195,18284
232195,14890
232195,7691
73435,88
66895,119292
66895,90393
66895,301019
66895,117518
309482,87765
309482,66889
309482,323901
62282,13740
62282,49915
108602,352
108602,29191
108602,138
14642,4909
14642,118045
14642,33472
14642,40307
14642,39515
53282,35500
53282,113069
53282,110686
53282,114415
53282,1882
33722,28097
33722,156616
33722,138
220742,236177
220742,81716
220742,215451
220742,225909
220742,192524
2822,18107
2822,138
49382,977
49382,81457
49382,48751
49382,24978
33302,43966
33302,33648
33302,33298
78302,28008
78302,941
78302,74667
78302,67431
87362,108553
87362,378375
87362,57648
57122,91679
57122,39515
15542,43570
15542,64459
15542,9731
15542,11352
155462,30866
155462,166998
155462,117707
6602,9096
6602,142
6602,389
6602,9099
126182,149925
126182,88
126182,116930
126182,194450
164462,47817
164462,308
302582,63126
302582,46577
302582,34965
28922,37316
28922,20213
28922,44128
28922,3745
28922,89453
19502,251888
19502,137064
19502,112165
3902,352
3902,4201
3902,22153
3902,141965
9362,301
9362,9356
9362,2055
268142,3549
268142,123798
268142,47428
268142,162089
229622,2014
229622,188466
394742,89011
394742,36558
394742,95925
17462,408
17462,5918
17462,1369
17462,333
64022,1840
64022,1322
64022,88
64022,138
22682,5
22682,139794
22682,1322
22682,36360
22682,28045
181029,53620
181029,52476
181029,53473
417669,225087
417669,243553
417669,295495
417669,309723
417669,201313
49389,84540
49389,13854
49389,26661
36009,9540
36009,76374
36009,25094
320349,76561
320349,52476
199509,252246
199509,37135
199509,88565
39249,20973
39249,39194
39249,72763
80829,317
80829,52851
80829,112699
10089,10574
10089,5464
10089,10093
316089,62215
316089,57144
7989,4005
7989,347
7989,1237
43929,88484
43929,84004
43929,70104
319089,135185
319089,48746
319089,265557
319089,32032
119469,53001
119469,28088
119469,71296
119469,14665
36909,4201
36909,5676
36909,25415
36909,209904
36909,25420
258729,101856
258729,149210
258729,36558
258729,152913
99549,1
46929,1
228729,61320
228729,34801
228729,35600
228729,16452
123669,352
123669,33036
123669,19795
6969,4821
6969,35456
6969,7533
139209,36436
139209,352
139209,977
240849,95925
240849,134841
240849,241957
240849,157539
240849,240825
126009,23968
126009,352
126009,31389
76809,1142
76809,10
76809,998
76809,206
67089,1254
67089,677
67089,60562
67089,6544
67089,352
48189,111759
48189,52355
48189,52476
48189,61119
48189,61144
6669,6690
6669,39029
6669,13854
380829,171180
380829,274855
380829,225909
380829,157539
5589,138
5589,5676
5589,35649
201734,1
66254,352
66254,66255
66254,3160
66254,1426
158294,139053
158294,100924
158294,102078
158294,38711
112274,207745
112274,106761
112274,268281
198254,4526
198254,7698
198254,12748
198254,236177
1514,88
1514,5329
1514,25943
46754,108607
46754,26129
83474,22333
83474,104185
60494,17530
60494,48167
60494,28651
102074,101447
102074,102078
102074,46882
102074,52501
102074,55471
100634,150356
100634,44967
100634,33912
61214,50578
61214,42679
34574,22339
34574,26551
34574,93
34574,11907
232814,4720
232814,57366
142154,69576
142154,133740
82694,65181
82694,29984
82694,3335
98594,173523
98594,58730
45614,677
45614,308
4514,13779
4514,4528
4514,3562
4514,4479
4514,18942
32174,253
32174,42869
32174,168252
85934,48727
85934,981
85934,187333
85934,301
85934,58384
54794,39515
54794,40307
116114,248088
116114,101856
116114,97196
674,40238
674,2173
674,1988
674,698
69194,69205
69194,68000
69194,196963
173054,206186
173054,352
173054,2676
325514,146298
325514,392801
325514,420496
15494,138
15494,5146
15494,301
15494,12013
15494,6089
15494,42
12794,55590
12794,2185
12794,542
12794,352
12794,308
12794,17278
7454,50129
7454,50449
7454,235712
98774,94013
98774,114857
43994,1
5654,6855
5654,5676
5654,5582
124634,2361
124634,28647
124634,8054
124634,29380
124634,2042
194654,88
194654,352
15314,7258
15314,1343
15314,27415
176598,110690
176598,30493
176598,71709
128238,163712
128238,113431
128238,88464
128238,61953
128238,128237
22698,6971
22698,1988
22698,62129
207918,60509
207918,24226
207918,28587
130878,96693
130878,82113
243378,5206
243378,42
243378,6
110658,43303
110658,118045
110658,118048
149118,30230
149118,63234
149118,61715
149118,33357
233418,39098
233418,138
11538,352
11538,16698
11538,16598
11538,3798
235098,11881
235098,5123
20958,62247
20958,56771
20958,65540
20958,39194
182778,13740
182778,105724
182778,138
147978,12366
147978,12440
147978,27052
147978,12344
169758,65458
169758,468
169758,150251
169758,42679
102858,24804
102858,77212
102858,138
38418,84368
38418,96530
38418,21605
8118,1173
8118,1843
8118,89
8118,5942
8118,8121
49518,85826
49518,24978
49518,59836
49518,49460
49518,94571
49518,153388
166998,277972
166998,2348
166998,33591
103698,78626
103698,75662
297498,219106
297498,232401
297498,52502
108558,85221
108558,38227
108558,108553
274158,34801
274158,4883
274158,88
274158,165139
274158,1292
305058,318903
305058,284794
305058,318899
305058,102692
87018,249
87018,3813
87018,3826
87018,3820
297438,149210
297438,88
297438,122123
181158,253614
181158,321852
229221,243314
229221,229210
229221,160376
229221,68285
110241,55544
110241,122521
110241,45002
110241,239475
110241,238231
110241,54479
199881,677
199881,12666
199881,56357
199881,11880
159801,415806
159801,205275
159801,180664
159801,186727
22821,48142
22821,39716
22821,39697
22821,46923
22821,93765
163941,2844
163941,228
7821,36490
7821,11175
7821,29424
7821,3566
53301,14684
53301,19572
53301,4877
69081,10
69081,4105
69081,4771
69081,316
69081,2787
167961,128918
167961,178316
167961,138
167961,23764
319281,150777
319281,129072
319281,88
69201,73244
69201,72382
69201,72473
75861,8417
75861,27872
75861,138
75861,2280
51021,5810
51021,138
51021,17507
51021,145279
17481,55416
17481,138
17481,1315
17481,72518
17481,122358
83001,318044
83001,157589
48921,42679
48921,20194
48921,16604
131121,128370
131121,116588
131121,28097
131121,52355
131121,14570
167301,30902
167301,3131
167301,1334
167301,817
153261,1
231621,10647
231621,127039
277461,309716
277461,277458
277461,274577
291561,103057
291561,163723
291561,33472
291561,337256
291561,190227
53001,24156
53001,28097
53001,56798
12561,6317
12561,138
12561,762
71481,13950
71481,71077
71481,37008
71481,43905
222921,101856
222921,177803
222921,263714
222921,169302
277701,113095
277701,11733
277701,3495
51141,6855
51141,29599
51141,138
51141,61953
301941,26250
301941,33013
301941,112362
301941,220330
12021,3158
12021,2
12021,8092
320841,4753
320841,20358
320841,23767
320841,67015
57021,117634
57021,51742
57021,106630
57021,114009
198081,146288
198081,95913
198081,36558
198081,181775
51861,76043
51861,562
51861,27483
51861,533
11601,106
11601,50780
11601,3510
11601,19655
154641,8005
154641,108803
154641,42579
148707,408
148707,2940
148707,352
148707,14181
99507,3549
99507,965
99507,81975
99507,58943
99507,35008
223047,88
223047,10647
223047,3008
18627,157985
18627,44316
18627,1896
90927,1005
90927,52213
90927,44457
90927,118277
122187,4201
122187,26120
122187,4464
77907,6918
77907,5696
77907,408
1647,102246
1647,5005
1647,30018
1647,6014
1647,396
225087,34452
225087,131561
225087,229696
9027,110924
9027,85021
192327,172488
192327,416170
192327,286814
16527,44457
77067,257986
77067,304022
7467,4188
7467,4005
7467,138
57387,63802
57387,74671
57387,16794
158247,68850
158247,69054
158247,65331
158247,66860
103827,5116
103827,115528
103827,220968
103827,12928
183867,91080
183867,151506
183867,35076
183867,26634
183867,24006
183867,372
159687,394297
159687,263571
159687,41759
70287,183380
251487,1
74487,173936
74487,156421
74487,82394
74487,127415
226347,88
226347,3549
226347,48116
267747,6969
267747,172156
117567,1
211527,9305
211527,67881
211527,44825
315687,315688
315687,265008
315687,206774
73227,64943
73227,70259
44367,28455
44367,30991
44367,1005
44367,12261
49527,52919
49527,164771
49527,155433
49527,85826
329547,106951
329547,172488
329547,288162
80847,32972
80847,59945
80847,88
80847,167681
111687,113639
111687,60021
111687,60527
111687,55951
111687,60526
79895,59841
79895,34363
79895,91584
79895,66961
79895,26661
91295,48178
91295,352
91295,61144
91295,61119
381455,355150
381455,33949
381455,111415
86435,2360
86435,11549
86435,56103
86435,11517
86435,11308
101975,138
101975,5224
101975,42350
87875,629
87875,4201
87875,1322
11855,5896
11855,119118
11855,17639
1295,88
1295,555
1295,5918
1295,1024
175655,34181
175655,71709
175655,34178
318095,97181
318095,75370
318095,149210
318095,122474
104015,37330
104015,220502
104015,66525
104015,71826
6695,141600
6695,6669
6695,6690
64655,57316
64655,21050
64655,128046
64655,8784
242315,8671
242315,301560
242315,22883
242315,24990
130235,112506
130235,49924
130235,23660
130235,123089
238475,102078
238475,285524
238475,82567
238475,52851
4115,555
4115,6979
34955,40796
34955,161257
34955,187722
104615,7905
104615,1988
104615,106046
104615,99534
82775,181281
82775,138
247115,6676
247115,8421
71915,6317
71915,777
169955,55437
169955,352
169955,308
169955,504
2195,1228
2195,385
2195,2295
2915,3858
2915,43909
2915,100924
2915,247
2915,90212
74615,74544
74615,43934
74615,138
104499,104506
104499,46687
104499,270547
104499,23680
104499,13734
47499,6643
47499,47496
47499,9251
47499,2274
68019,6405
68019,1160
68019,72526
68019,138
26679,188052
26679,68707
26679,82567
26679,26661
72519,106745
72519,72518
72519,138
72519,88151
53679,53743
53679,138
239799,14872
239799,51910
239799,3413
117819,56496
117819,3708
117819,220
252099,340272
252099,31183
252099,301
252099,13820
202179,50239
202179,28455
202179,34178
202179,107873
126279,50311
126279,35352
126279,32469
126279,60362
158379,280
158379,37935
307119,307120
307119,52505
307119,220
307119,42
307119,2676
162579,158923
162579,18829
162579,472
75519,18107
75519,89307
75519,33357
80499,15264
80499,138
80499,301
80499,9251
6039,138
6039,4201
6039,26120
83679,205870
83679,352
83679,47690
4539,75149
4539,7164
196539,69031
196539,196537
196539,196538
119619,226383
119619,35548
119619,56194
309579,249652
309579,309574
309579,225087
309579,286832
309579,282434
32319,8357
32319,32331
32319,88
32319,139213
57159,107334
57159,43909
57159,88
93339,145316
15759,11211
15759,4201
15759,10917
15759,18107
15759,8398
33399,138
33399,33389
33399,105954
33399,30966
37659,14805
37659,10
37659,19186
114219,13796
114219,11998
107739,117244
107739,68912
107739,80550
107739,137216
107739,104853
107739,41770
26079,1031
26079,9731
26079,1767
208187,26120
208187,9892
208187,166933
208187,19250
208187,177523
19127,403
19127,1137
19127,2698
19127,69583
111827,352
111827,2676
111827,106074
163847,58418
163847,138
163847,10
142067,39697
142067,170953
142067,65053
142067,192028
109247,229375
109247,21435
78287,69205
78287,71341
64427,64422
64427,153565
64427,7116
23207,141060
23207,141059
23207,20726
19787,65181
19787,29984
19787,8271
155207,885
155207,103570
46127,15175
46127,6495
46127,9356
14327,183002
14327,3930
14327,139468
14327,138
94907,39865
94907,37330
94907,160206
94907,59818
59327,59337
59327,73979
59327,139070
81887,2014
81887,1168
81887,10410
122867,242153
122867,40225
122867,74703
122867,38711
172547,128466
172547,6971
172547,89556
260207,113247
260207,46754
260207,38609
260207,59586
308987,3549
308987,677
21047,56771
21047,39241
21047,52167
21047,34797
18407,88
18407,20562
18407,75946
18407,98020
209567,143210
209567,143055
209567,17386
16487,171592
16487,133559
16487,99852
178787,1793
178787,334389
178787,95434
159827,52509
159827,3836
159827,104322
299627,167795
299627,73213
168707,8417
168707,16228
168707,14729
90227,150390
90227,13142
90227,66135
292907,122314
292907,8928
292907,8603
292907,19990
134567,138
134567,72518
134567,124655
69947,10647
69947,5686
69947,57225
99107,138
99107,104905
69467,9864
69467,53652
69467,2360
69467,38779
11147,5733
11147,13024
11147,121062
11147,352
11147,48833
6051,39547
6051,80875
43731,1767
43731,40859
43731,26085
43731,40847
271071,6387
271071,3708
271071,2042
271071,11945
154611,13024
154611,26250
154611,107660
175731,39697
175731,48163
175731,85258
6651,99884
6651,37750
6651,6680
261351,29059
261351,122442
261351,36558
261351,29055
305331,39524
305331,341647
305331,233783
305331,30230
305331,376077
246591,97174
246591,3549
248691,425999
248691,155271
248691,79394
248691,81259
180891,123733
180891,9731
180891,86418
180891,45002
86931,240167
86931,217222
86931,116936
86931,86948
49611,32383
49611,24368
49611,33807
49611,29876
67671,70400
67671,55291
67671,16452
245691,120144
245691,6971
245691,14376
245691,16452
175311,3720
175311,151703
291,555
291,2306
471,21486
471,8005
471,88
471,408
94671,31411
94671,220
94671,44211
36351,29984
36351,1322
36351,13643
54291,1
100551,110117
100551,59135
100551,45319
100551,24914
100551,9351
320751,298194
320751,171466
136551,677
136551,352
136551,23359
136551,5696
136551,408
8571,138
8571,48864
8571,440
8571,10542
141411,50632
141411,8154
131031,85221
131031,87149
131031,38585
131031,162782
198531,9731
198531,1808
198531,138
198531,71094
144051,10267
144051,46573
144051,70658
66831,66832
66831,54205
66831,72531
66831,69774
50511,50518
50511,221
50511,301
3471,2077
3471,25395
3471,15182
119331,260784
119331,119330
4371,9180
4371,9342
4371,96206
11751,106580
11751,8154
11751,138649
61577,77572
61577,137785
61577,44060
61577,49172
283097,103253
283097,117379
283097,36224
283097,349598
61817,7969
61817,565
61817,542
61817,46459
61817,1936
67097,88
67097,44651
67097,21984
46697,23144
46697,45646
46697,17122
46697,127024
65417,68713
65417,234
65417,26682
193097,2077
193097,138
193097,67133
193097,184088
384017,16516
384017,16344
82097,130877
82097,214597
82097,92298
82097,189196
276857,209511
276857,117379
276857,109889
276857,172154
276857,312101
2177,4201
2177,67382
86418,13869
86418,83403
86418,1205
86418,6014
201498,207534
201498,94013
201498,2042
242058,254452
242058,21880
242058,254472
242058,286483
277458,277474
277458,277463
277458,277459
5058,5056
5058,677
5058,1988
5058,352
14538,715
14538,385
14538,2295
14538,12522
186498,88
186498,18388
186498,468
186498,6971
151578,14542
151578,53
151578,56316
151578,165537
151578,158738
111978,12185
111978,68839
111978,65975
111978,296221
146298,177800
146298,95925
146298,206132
146298,79647
188058,3998
188058,26679
188058,88
276978,147315
276978,19428
276978,25416
276978,99346
53418,53389
53418,53396
53418,22820
26658,11629
26658,144589
26658,199455
26658,58386
26658,12875
146778,342709
146778,21025
146778,406308
95900,122123
95900,122095
95900,36558
95900,198070
27620,22666
27620,39589
84500,176398
84500,201157
84500,253506
84500,230575
2780,72680
2780,122442
2780,121380
21980,18925
21980,120094
21980,135826
21980,17863
53060,70339
53060,70420
53060,98222
53060,53250
54980,58819
54980,15823
54980,10395
54980,17285
54980,7839
70220,78289
70220,321842
70220,68317
260300,381842
260300,260305
260300,145960
419300,352405
419300,201313
34220,65549
34220,69761
34220,34797
303620,277136
303620,27753
303620,57257
84140,59516
84140,304350
131180,150018
131180,88346
131180,24529
306020,232259
306020,59516
306020,59529
306020,59541
106580,8398
106580,15844
49460,177835
49460,28000
49460,244457
49460,58723
49460,48687
50780,12549
50780,408
50780,10912
50780,352
36861,55071
36861,5612
36861,209458
36861,5011
144621,158406
144621,218109
144621,69537
144621,109879
49581,49582
49581,34324
49581,49623
49581,945
49581,977
12981,9360
12981,3708
12981,40430
371421,334788
371421,146288
323901,72523
323901,87758
323901,69212
323901,82113
323901,69066
103221,164626
103221,48869
103221,100918
34341,162294
34341,68585
34341,46923
34341,94810
34341,48163
14181,211
14181,352
14181,119567
14181,1858
14181,56938
54261,511
54261,4201
54261,468
54261,138
341541,146259
341541,341542
341541,341543
272061,273404
272061,153886
272061,257572
272061,272060
4821,1469
4821,66201
4821,138
4821,4201
4821,1337
208341,16086
208341,88
144981,19937
144981,81512
144981,60011
63141,18107
63141,28324
63141,17986
39261,65004
39261,116785
3141,16427
3141,170456
3141,15889
3141,11008
3141,1322
3141,6405
20662,20640
20662,20651
20662,301
20662,138
329542,82113
329542,69799
96982,977
96982,49579
96982,365
96982,1988
187942,30230
187942,216645
187942,286622
41302,59789
41302,38234
41302,51785
82102,73319
82102,187883
82102,73320
121462,78287
121462,87448
121462,297370
121462,335
22942,22947
22942,12376
22942,12507
334102,171180
334102,150192
334102,284204
334102,157556
217222,90213
217222,86931
217222,82567
217222,54447
54022,159305
54022,85040
54022,73813
54022,242033
8662,24978
8662,85826
8662,64422
51622,13942
51622,132694
51622,13943
51622,11994
108862,193097
108862,220
108862,6117
232702,73408
232702,7569
232702,166506
232702,6855
232702,114415
266302,263571
266302,251233
266302,304007
110662,118048
110662,35542
110662,16060
35542,116987
35542,35500
35542,96398
35542,35574
165742,124098
165742,83960
165742,104554
165742,64292
54269,138
54269,108607
54269,39697
54269,38227
72269,114016
72269,8468
48629,133532
48629,144065
48629,885
147509,73979
147509,278371
147509,336743
147509,88
365189,272159
365189,26103
365189,293089
365189,1806
116069,138
116069,2689
116069,301
116069,65185
116069,5245
116069,71780
14549,33472
14549,4909
14549,39515
14549,56071
42869,174
42869,1260
42869,449
157589,87444
157589,26753
157589,83001
157589,74384
9629,220
9629,1343
9629,15175
9629,15345
113069,171760
113069,53282
113069,249185
113069,89591
87149,134249
87149,131031
87149,166086
87149,175853
87149,134459
98069,1205
98069,1988
98069,25727
98069,105225
98069,5005
22949,12311
22949,12475
22949,12376
91589,95158
91589,34324
91589,49400
91589,48687
320429,241100
320429,239782
320429,217146
320429,168073
320429,6166
221429,50109
221429,216321
214709,101856
214709,232670
28949,1315
28949,301
28949,12832
28949,206
28949,45379
81269,83174
81269,44363
81269,136327
376109,118528
376109,28097
376109,311434
74309,44133
74309,12949
74309,16604
88349,24529
88349,9676
88349,13961
105397,7596
105397,111091
105397,65027
105397,102078
105397,19543
17437,76282
17437,77347
17437,138
17437,4778
56797,40307
56797,163723
56797,263597
56797,105232
175117,11895
175117,258098
175117,13520
175117,376384
114757,61762
114757,8898
114757,19685
114757,31151
112957,70552
112957,231020
112957,54197
112957,65331
112957,72080
388357,110813
388357,31955
207757,258626
207757,179470
74317,61202
74317,20276
74317,9481
74317,82465
74317,104504
31957,30230
31957,116582
31957,14662
31957,14057
313357,36558
313357,164129
313357,122123
60527,113638
60527,113639
60527,60526
60527,111687
25487,81338
25487,4973
25487,60661
25487,47318
41567,5942
41567,165848
41567,39542
41567,39547
223007,204603
220727,3549
220727,677
220727,102090
34367,26661
34367,49591
34367,58433
34367,24978
314327,8417
314327,363284
72767,72846
72767,104554
67607,35210
67607,35711
67607,30991
67607,65678
163487,6669
163487,72201
13607,22485
13607,3040
13607,1544
13607,74352
13607,7940
13607,8417
55967,138
55967,33751
55967,24028
48167,61392
48167,102823
48167,138
48167,113956
240167,86931
240167,38694
240167,16427
240167,287767
40367,40398
40367,88
40367,174221
278447,138
278447,12564
278447,64209
278447,8417
278447,39081
61007,5842
61007,38311
61007,39606
61007,61018
93654,16013
93654,59096
93654,13437
90894,52204
90894,52355
90894,33722
90894,34203
219294,46527
219294,64908
219294,128601
99534,365
99534,4201
99534,1469
253614,108792
253614,62979
253614,33443
253614,324991
19254,26120
19254,365
19254,4201
226734,274390
226734,274579
226734,263575
129414,8956
129414,33138
129414,75880
129414,8603
2934,102082
2934,3830
2934,43909
2934,11844
1014,1158
1014,1322
1014,15656
1014,1982
14574,14587
162654,5676
162654,9180
162654,352
162654,138
313254,97196
313254,313255
313254,89013
313254,203536
252294,138
252294,174221
91500,59818
91500,94921
91500,204672
91500,94907
245580,1
63060,47885
63060,15783
63060,26136
63060,5193
9540,26120
9540,4201
9540,69
9540,20873
287580,192273
287580,43253
287580,280108
38220,32398
38220,41953
38220,7569
141060,3657
141060,26156
141060,26152
80582,228275
80582,63386
80582,2671
115262,65968
115262,68092
115262,82101
115262,65328
115262,82113
22742,42679
22742,138
22742,365
316262,36558
316262,101856
316262,97181
316262,149210
243062,89934
243062,194419
243062,122093
243062,97181
52502,52501
98342,41217
98342,32811
98342,26732
98342,77479
98342,37886
98342,12666
75662,95803
75662,12344
75662,21605
75662,40675
75662,90653
220502,46526
220502,104015
220502,22804
160382,310916
160382,101856
160382,88
160382,160378
304022,77067
304022,67581
304022,71242
286622,105232
104102,128292
104102,78549
104102,1031
162782,79813
162782,272548
162782,37341
5942,41557
5942,138
56942,308
56942,88
56942,22328
56942,352
226383,119619
226383,20245
226383,8888
226383,35520
270303,159853
270303,36558
134943,249
134943,54447
134943,38711
46983,33277
46983,46976
46983,8755
241623,309486
241623,385821
241623,265618
355503,11880
355503,12440
60663,60661
60663,138
60663,48659
39183,14570
39183,61333
39183,61328
39183,39153
8223,1967
25623,75149
25623,88
25623,17358
25623,28981
25623,138
25623,3969
237543,28097
237543,98774
237543,128683
111543,56135
111543,52015
111543,28642
310383,108558
310383,78175
310383,227363
286983,1274
286983,175651
286983,26377
286983,4888
163743,138
163743,43742
163743,88
163743,119619
318903,39317
318903,418685
318903,305058
318903,75830
29703,39707
29703,98950
29703,183705
29703,38224
29703,352
127383,2327
127383,183100
8703,104719
8703,104693
8703,8785
8703,8913
328383,64097
328383,47985
328383,50526
210303,389783
210303,100376
335236,34306
335236,57474
335236,85969
335236,179695
52996,88
52996,37618
52996,105445
65356,65360
65356,66869
65356,70210
5836,5810
5836,365
5836,38891
2117,127652
2117,48687
2117,55167
2117,207649
68717,171943
68717,2877
68717,2809
221357,262540
221357,99645
221357,11898
221357,165925
123917,100996
123917,35342
123917,65286
167717,188831
167717,352
157157,6
157157,70874
157157,12291
157157,12606
10637,1322
10637,629
10637,3549
51077,7008
51077,7377
51077,7381
51077,12333
24917,10917
24917,100708
24917,85910
24917,126009
240437,38384
240437,111135
240437,22947
240437,12507
240437,12376
5597,78408
5597,38627
5597,76180
5597,88
138557,54220
138557,138552
138557,73485
138557,68308
115397,124776
115397,11340
115397,58610
157165,19148
157165,46573
157165,6317
103285,31327
103285,58210
67405,88
67405,74433
67405,68000
67405,77068
310645,310646
266125,262237
266125,281334
266125,72467
69805,7781
69805,23026
69805,2360
69805,1988
153565,64427
153565,11569
153565,4
153565,19012
11845,138
11845,162897
11845,57225
272965,272945
272965,243294
272965,200107
150085,196858
150085,39499
150085,8765
150085,144600
96925,6021
96925,216
96925,138
103525,53620
103525,44557
103525,1042
140005,95323
140005,15188
140005,8536
140005,36956
77365,15878
77365,77355
77365,67062
77365,310853
223405,308
223405,36371
223405,352
24205,18575
24205,1322
70645,43322
70645,10790
70645,138
238885,122123
238885,317982
1405,1334
1405,1988
1405,1373
92125,37536
92125,17946
92125,232006
92125,63364
92125,71709
104245,112033
104245,1398
104245,7601
104245,14363
104245,24894
110365,172591
110365,133775
44605,16488
44605,117539
44605,188932
223885,29916
223885,104108
74969,2055
74969,1062
74969,1292
74969,335
162089,251994
162089,2499
162089,64132
162089,268142
1769,66800
1769,22582
160409,45476
160409,157275
160409,95975
160409,45488
62129,121989
62129,57729
35729,37753
35729,9208
25769,11895
25769,195523
25769,5116
25769,94708
105329,677
105329,13660
105329,3549
110489,253025
110489,79975
39089,6651
39089,68130
38609,38553
38609,54291
38609,39688
38609,46698
87333,16604
87333,91103
11733,78155
11733,21486
11733,4201
29013,39853
29013,18874
29013,14890
29013,28949
302013,62314
302013,181049
302013,18778
302013,220
16413,58627
16413,93934
16413,1190
16413,80516
170013,208258
69213,160494
69213,28060
69213,205
69213,54215
69213,240881
1173,45065
1173,10790
1173,10795
1173,15547
1173,1233
1173,8118
65373,298400
65373,65367
89013,149210
89013,101856
68853,72261
68853,255978
68853,69060
68853,138
271533,65112
271533,7533
271533,40797
271533,7605
271533,14602
187653,37568
187653,14602
187653,7592
187653,84256
52773,7208
52773,7427
31293,15632
31293,37096
31293,21995
31293,30493
31293,32098
11613,49591
11613,8635
128373,53438
128373,196777
128373,129065
128373,56631
119495,144589
119495,52817
119495,66964
119495,48714
119495,66955
71015,138
71015,1971
71015,69547
71015,16466
71015,35461
1535,19434
1535,47595
1535,1142
1535,994
336335,619
336335,12507
336335,336336
19655,21960
19655,321
19655,805
19655,4113
115895,104087
115895,315729
115895,160487
40055,139248
40055,27790
40055,43045
40055,206
40055,189
17375,677
17375,17390
17375,88
109775,62269
109775,261876
109775,5792
124655,124651
124655,33775
124655,3439
124655,33815
27935,236111
27935,9351
27935,67165
226295,42927
226295,33443
226295,141525
226295,65112
355415,38249
355415,238586
409175,6742
409175,8306
409175,1503
409175,10277
259787,122093
259787,89934
259787,124862
23027,2199
23027,114219
23027,134479
129467,41348
129467,22457
129467,3878
274667,106951
274667,36558
147347,63126
147347,116353
147347,60526
366467,274575
366467,298732
366467,18310
366467,366466
45347,1036
45347,43153
45347,582
45347,84628
45347,9572
74387,109643
74387,136179
74387,66854
74387,156574
74387,107602
37067,44348
37067,30711
37067,109889
37067,36243
37067,91388
43907,54476
43907,92185
43907,97026
43907,54479
43907,23255
190187,20200
190187,80316
190187,42679
139307,19446
139307,143952
139307,117991
139307,30992
139307,63841
78707,352
78707,88
78707,2612
90107,76619
90107,51747
159467,122438
159467,30799
159467,68280
159467,260791
72587,236131
72587,238705
72587,210100
274067,154093
274067,179201
274067,59538
136913,122123
136913,24804
136913,36660
360833,349048
360833,88
360833,69237
114113,257821
114113,127415
114113,120354
114113,336222
131153,821
157313,74544
157313,105954
157313,138
325913,14584
325913,63216
325913,61715
325913,40282
3233,66573
170393,138
170393,32351
170393,156731
69353,408
69353,21450
69353,352
180353,468
180353,11895
180353,3990
180353,88
55313,61424
55313,29792
55313,88
1313,7766
1313,17759
1313,7427
20993,275218
20993,124695
20993,113014
20993,37489
66833,24237
66833,28046
66833,72381
66833,69774
66833,66832
313553,222073
313553,60526
6713,6651
6713,39029
86753,37522
86753,8913
86753,8607
86753,9003
199913,118396
199913,102769
199913,37822
199913,199910
199913,54742
100913,229425
100913,106371
100913,392
246953,147880
246953,246954
246953,124177
107513,24804
107513,109948
412193,425418
412193,393052
412193,363730
412193,412630
412193,412219
173763,49777
173763,19300
173763,12709
173763,503
305043,80516
305043,83425
305043,129252
298083,287460
298083,68912
298083,44692
337688,201311
337688,192328
337688,122468
337688,179507
337688,32239
390488,34178
390488,3477
390488,40124
114968,20300
114968,42679
114968,138
184088,138
184088,9180
2168,138
2168,22457
2168,10679
167048,43929
167048,88484
167048,168541
167048,40297
7208,352
7208,7164
7208,52773
10808,80351
10808,255465
10808,138
165848,48447
165848,39542
165848,10795
31936,33472
31936,28097
31936,14057
31936,4909
31936,39515
204736,47195
204736,6749
204736,10753
204736,63109
84256,56631
84256,14645
84256,117664
84256,82273
84256,14606
84256,187653
16816,8607
16816,8960
16816,88533
157456,138
157456,100379
157456,149482
76096,61298
76096,30230
1936,555
1936,2480
209056,272249
209056,208408
209056,21880
209056,226278
309377,338505
309377,215618
309377,84356
309377,39524
309377,197716
60497,5686
60497,113956
60497,61392
71537,91059
71537,59172
71537,139878
69137,203523
69137,203524
69137,275804
69137,124099
69137,56648
19937,63680
19937,8723
19937,8784
19937,113106
157457,138
157457,35600
1217,2199
1217,9731
1217,3979
1217,138
162017,29086
162017,87003
90508,308345
90508,64038
90508,88
90508,145794
259228,236766
259228,355865
259228,407222
109948,677
109948,88
109948,24804
8428,1971
8428,77336
8428,13611
8428,12559
64828,145366
64828,64822
64828,308
64828,8402
64828,86139
280108,59541
280108,250329
280108,60798
330028,240838
330028,330027
330028,285706
13961,6495
13961,25868
13961,12062
13961,12992
13961,301
77801,30140
77801,352
77801,138
57161,138
57161,49676
26201,30955
26201,251402
26201,9000
26201,20937
26201,78968
196841,119146
196841,65456
196841,523
196841,352
223961,264000
223961,240829
223961,223962
1001,1437
1001,88
1001,308
21645,19326
21645,12366
21645,19904
325245,12021
325245,323711
93645,352
93645,26920
312765,154750
312765,66890
312765,73781
29086,18284
29086,110832
29086,301
144526,88
144526,3648
144526,3614
144526,165374
20926,125314
20926,20973
188446,5686
188446,78549
188446,96574
153886,91744
153886,242309
153886,15885
153886,170481
93646,133401
93646,90097
93646,2844
93646,133404
181006,14570
181006,31669
181006,107150
8686,423
8686,68650
8686,88
171646,171661
171646,88
171646,129563
127966,43669
127966,105724
73486,66886
73486,330105
73486,55195
119567,1992
119567,14181
119567,352
119567,55820
305087,51045
305087,16533
305087,261368
305087,63202
171167,260717
171167,74387
171167,257986
27647,6231
27647,20516
27647,19904
197327,37341
197327,8468
108527,16060
108527,119651
108527,138
108527,76989
108527,18416
1967,138
1967,13024
3167,38690
3167,2844
3167,234
3167,49664
26687,1
254455,333060
254455,299323
254455,381295
218215,218216
218215,352
218215,16013
218215,10647
218215,12748
24775,1426
24775,317
24775,280
1735,1746
1735,12172
1735,4026
336775,269206
336775,145229
336775,39281
336775,56028
336775,358280
336775,14665
313255,171183
313255,313254
313255,97181
313255,30799
79975,81429
79975,5205
79975,109403
79975,138
28375,110177
28375,88065
28375,8618
131335,131397
131335,194761
131335,188240
67255,602
67255,91
67255,73524
67255,1843
72787,55964
72787,52476
72787,82979
77347,15161
77347,17437
77347,16733
77347,2654
77347,6502
77347,18959
77347,15174
1267,76233
1267,3053
1267,34748
1267,126753
53827,53867
53827,142986
53827,88
53827,53743
307267,175769
307267,68000
307267,301844
307267,69237
147429,77322
147429,22532
147429,27872
239109,1574
108793,52850
108793,108796
108793,51734
108793,108797
311833,101856
400873,420547
400873,341234
285673,307827
285673,166128
285673,299141
285673,293192
289753,275868
289753,308363
289753,241100
167833,99534
167833,24804
167833,14801
268633,38548
268633,268634
268633,373912
268633,762
268633,8898
53599,35342
53599,51045
53599,4201
53599,113728
244159,321042
244159,286697
244159,282565
244159,397567
20719,86435
20719,11517
55039,131732
55039,53098
55039,5842
117919,173014
117919,24823
117919,4877
3439,124655
3439,994
3439,13869
3439,120444
116239,26079
116239,37167
116239,242210
116239,202315
116239,1793
12559,5437
12559,37753
70159,3578
70159,8577
70159,46021
70159,32526
70159,81473
352405,434808
352405,412681
352405,419300
352405,267720
805,1315
805,3944
805,408
20245,91120
20245,22820
20245,68408
20245,68585
20245,20200
20245,46664
157525,9003
157525,265104
157525,88
95365,6014
95365,308
95365,78085
95365,10647
95365,41631
11125,3990
11125,19649
11125,138
11125,41842
165925,95090
165925,74195
165925,119695
165925,111680
96565,138
96565,17107
96565,280
96565,352
96565,1426
27205,352
27205,10647
27205,25856
254487,305612
254487,139436
254487,762
254487,220080
254487,254472
323607,229215
323607,151436
323607,301
195927,62496
195927,117876
195927,173537
40647,21605
40647,77875
295767,347650
295767,294186
295767,241100
108327,73948
108327,73951
108327,73947
108327,24755
108327,111479
289767,1
17607,138
17607,21164
17607,38765
17607,17639
113127,52851
113127,2889
113127,3830
137613,63109
137613,90189
137613,10753
137613,24917
56013,138
56013,36224
56013,36192
112413,73629
112413,160848
112413,47421
112413,8239
12333,12366
12333,19904
12333,12490
12333,138
12333,6231
356973,356974
356973,175766
356973,351316
122493,67774
122493,67792
122493,137960
10897,66135
10897,161541
10897,45319
10897,3969
17391,17375
17391,10726
17391,50877
78831,365
78831,2295
32031,1290
32031,52066
32031,32032
32031,11603
40675,20095
40675,84368
40675,38447
40675,288071
40675,12440
49795,88065
49795,1190
165715,165710
165715,376644
165715,59896
96355,221120
96355,135826
96355,76322
59395,57513
59395,53226
59395,57471
71165,13437
71165,330226
71165,218985
71165,211143
71165,86198
296285,54223
296285,113414
296285,69933
296285,85771
199085,30021
199085,5793
199085,1205
10445,31408
10445,11235
331325,301
331325,19159
331325,181848
331325,35345
331325,14662
115326,352
115326,6014
115326,138
115326,48441
115326,1205
12126,6544
12126,24400
12126,15720
12126,88
309486,338537
309486,300835
309486,225087
319566,44133
319566,147570
319566,174930
171486,1
88206,32045
88206,61157
88206,88200
88206,172821
23406,20273
23406,4201
23406,15628
50526,962
50526,58386
50526,92561
50526,138
1806,16280
1806,133623
1806,25425
12606,88
12606,21521
12606,40669
12606,12193
12606,20095
306612,60525
306612,66278
306612,421538
306612,251201
108372,108369
108372,28419
108372,42171
108372,28394
75012,138
75012,154346
75492,66434
75492,75432
75492,75662
29652,44976
29652,2114
29652,325
29652,1856
29652,4460
90132,7691
90132,8398
90132,352
90132,88
137412,141557
137412,150430
137412,138
137412,262888
112452,78302
112452,64422
112452,105313
21252,138
21252,13764
21252,112524
21252,10772
68532,138
68532,308
68532,2985
68532,30003
172941,33019
172941,358036
160221,251201
160221,351489
160221,388265
160221,202327
231021,72090
231021,65378
231021,12185
231021,326422
385821,241623
385821,300699
385821,43544
385821,318175
213501,266439
213501,78549
213501,74534
213501,7569
53421,118766
53421,174189
65901,138
65901,74915
65901,21386
71671,18079
71671,152762
71671,352
71671,138
46951,352
46951,191989
46951,125028
76471,226062
76471,138
76471,42731
76471,53389
76471,42679
30391,3121
30391,10
22951,3466
22951,22942
260791,201694
260791,237619
260791,199583
260791,159467
260791,67774
117991,152742
117991,152752
117991,152738
117991,139307
115592,312756
115592,68944
115592,54201
115592,147040
115592,83001
141512,5918
141512,62625
127832,125353
127832,10010
127832,239886
127832,192042
87752,92192
87752,87747
102632,269990
102632,59172
4712,518
4712,138
4712,48659
160472,66318
160472,174155
160472,227402
160472,2908
392,511
392,69165
392,47789
392,69162
392,10923
7112,15190
7112,4729
7112,33971
7112,34018
81512,64836
81512,8695
81512,144981
81512,42005
73832,26120
73832,35827
73832,4201
240881,69213
240881,66892
240881,160494
16481,58217
16481,35965
16481,61957
95201,26753
95201,68019
95201,68002
95201,1988
179201,269733
179201,250329
179201,60798
179201,59516
21521,468
21521,88
21521,1168
21521,11998
146321,677
146321,8303
146321,3549
146321,408
121602,6855
121602,150727
121602,121610
121602,91720
277362,30726
277362,32098
69282,224232
69282,37618
69282,144150
69282,29745
69282,244239
345522,78242
345522,345521
266322,308363
266322,251233
266322,263571
43122,37815
43122,7427
43122,138
145122,352
145122,183567
145122,8005
2562,9731
2562,1031
2562,26085
2562,56983
2562,138
282168,7691
282168,157693
282168,68518
217368,156223
217368,73828
217368,960
217368,965
16488,44605
16488,16877
16488,301
16968,389
16968,301
16968,135057
16968,138
2808,26682
2808,2837
2808,105861
2808,2825
16248,6495
16248,12172
16248,2341
112501,202032
112501,110036
83461,31462
83461,1971
83461,2014
83461,308
22261,88
22261,511
22261,677
22261,31632
16981,597
16981,7949
220021,23964
220021,272913
220021,231186
220021,36596
46021,7040
205621,220716
205621,272913
205621,197084
205621,397884
116582,46998
85622,42759
85622,42573
85622,352
85622,16013
98822,41705
98822,18901
98822,29086
98822,7696
19622,945
19622,49383
19622,36436
19622,34335
8342,16566
8342,1200
8342,44609
8342,4005
13382,56983
13382,129466
13382,1031
13382,5686
13382,5918
195062,352
195062,89060
195062,3549
195062,211606
262022,115145
262022,26530
213062,3549
213062,213067
213062,677
213062,211606
192,10944
192,1290
192,1840
143952,139307
143952,109851
143952,61026
143952,79111
114432,80280
114432,150781
114432,119778
87552,3934
87552,22306
87552,14748
302352,97181
302352,309954
302352,264130
302352,106951
89716,1982
89716,154319
336196,39801
336196,387490
336196,2244
336196,341234
308356,1
19396,9731
19396,5625
19396,143146
19396,22602
370756,385452
370756,239782
370756,243553
370756,225087
113956,13737
113956,113955
113956,30786
113956,130787
64038,106919
64038,24477
64038,19443
64038,16623
678,4201
678,32287
678,2163
11238,21386
11238,11235
198678,15573
198678,1572
198678,302712
198678,10
198678,239796
237078,21050
237078,113031
237078,8747
237078,116785
82998,81159
82998,214597
82998,279697
58518,114003
58518,101362
58518,88
58518,49673
247159,36436
247159,34367
247159,130467
21079,56798
21079,157723
116359,30927
116359,11571
116359,53250
116359,304415
116599,209534
116599,53368
116599,36055
116599,67528
140359,9180
140359,2039
140359,138
140359,138442
70519,71377
70519,66854
70519,17411
70519,69038
70519,69285
69799,69698
69799,54197
69799,65331
236131,8468
236131,210100
236131,236126
236131,48939
78451,69409
78451,33601
78451,32458
36931,138
23251,26920
23251,2844
23251,249
23251,26922
62408,155909
62408,54280
62408,165679
81128,352
81128,271401
81128,194030
81128,81127
147848,41317
147848,42245
147848,263420
147848,30849
42731,66751
42731,164913
42731,78429
181451,59412
181451,75958
181451,209534
181451,35121
228011,10911
228011,317
228011,64754
228011,677
439211,5245
385452,330793
385452,370756
385452,6166
385452,266312
71532,61122
71532,293745
71532,35338
71532,26152
71532,88
233292,96724
233292,280171
233292,12421
233292,12311
84014,3549
84014,677
84014,88
84014,17507
84014,145138
45134,7285
45134,233555
62414,9672
62414,1808
62414,47913
293294,68218
293294,188343
216497,2010
216497,76180
216497,28911
94577,23587
94577,138
94577,94545
94577,42
94577,57112
3377,5043
3377,27432
3377,317
3377,102567
124337,12493
124337,124444
124337,19326
124337,294333
124337,301
184817,38694
184817,68736
319224,111644
319224,762
319224,269052
319224,204734
319224,8898
220344,365
220344,145316
220344,138
329306,325423
329306,95900
329306,367061
329306,181774
329306,95913
329306,95905
182906,208863
182906,59945
182906,88
151226,69643
151226,10299
151226,12731
151226,352
134909,33854
134909,111310
134909,64815
31709,8755
31709,16533
31709,33707
31709,65286
31709,65210
248189,60798
248189,59529
248189,44692
73951,73957
73951,109010
73951,108327
73951,111056
73951,53514
325951,191074
325951,269720
325951,359838
325951,191088
90271,67741
90271,52213
90271,58991
31711,39621
31711,34911
31711,99776
31711,1005
19236,85287
19236,19540
19236,205389
19236,48833
19236,10901
19236,55776
226596,1
83556,57112
83556,159701
83556,266439
83556,59377
83556,74470
83556,138
64836,71709
64836,7592
64836,100379
64836,34178
201170,28097
201170,48178
201170,54355
201170,35020
47090,44556
47090,2381
393650,352
393650,111454
393650,1426
393650,4515
56210,88
56210,59945
56210,59968
347570,66680
347570,33601
82130,135739
82130,33651
191090,191088
191090,178669
191090,208145
52850,74703
52850,191051
52850,38711
52850,40225
205970,439026
205970,332102
205970,311856
205970,304928
205970,179463
131093,63605
131093,7691
131093,352
314933,19904
314933,21605
314933,23764
22133,42
22133,232483
22133,3979
22133,153261
308701,36558
308701,101856
308701,97196
308701,88
308701,97185
187741,42679
187741,46698
187741,9540
252061,138
252061,71268
252061,10
252061,15573
189661,36243
189661,88
189661,31532
189661,32098
76382,42679
76382,46929
76382,138
76382,20200
37502,278793
37502,50250
37502,106014
37502,365
76862,20200
76862,46527
58622,5896
58622,1767
58622,9731
204062,9481
204062,272548
204062,37341
16868,14399
16868,8618
16868,4201
16868,33929
122468,179470
122468,243294
122468,286814
122468,122442
101829,352
263116,227753
263116,51742
263116,248
263116,69017
263116,93
357676,21669
357676,357973
275602,48073
275602,275601
275602,82050
275602,64292
101362,49673
101362,82567
171442,352
171442,213595
171442,35632
171442,138
54817,13789
54817,45144
54817,144992
54817,248
54817,7540
75937,550
75937,762
75937,6317
75937,36463
75937,385
183457,9180
183457,134082
183457,109191
348097,338663
348097,68525
348097,292230
348097,79912
32742,88
32742,27283
32742,19347
152742,346089
152742,54005
152742,23587
152742,59377
142669,32839
142669,246510
142669,77461
142669,257930
65389,65373
65389,65367
65389,12185
36109,31256
36109,138
36109,98791
192594,201157
192594,101856
128274,28063
128274,71341
128274,54224
128274,15034
159474,48648
159474,13704
159474,9340
159474,220
159474,9356
30834,36813
30834,84894
30834,6951
30834,30856
82198,156987
82198,121272
82198,209948
82198,182873
81238,35976
81238,42
81238,53060
207478,16013
207478,36066
41398,1322
41398,3365
41398,677
41398,88
140288,292373
140288,208582
140288,120998
44768,32950
44768,5
61568,44950
61568,33357
61568,59945
61568,88
61568,59913
4928,8200
4928,6544
4928,10886
4928,352
4928,107628
318368,16344
318368,264731
318368,125665
318368,130918
318368,30230
318368,207205
146529,1031
146529,139726
146529,111627
146529,6855
46689,244885
46689,46664
46689,68553
46689,39697
106209,88
106209,5116
106209,20014
106209,11895
11170,18180
11170,19204
11170,47281
11170,51261
387490,293111
387490,336196
316936,88
316936,35310
316936,125820
1096,6323
1096,88
1096,1840
1096,73878
111496,2156
111496,60885
111496,63844
111496,31276
444158,54217
444158,154854
444158,68313
444158,68018
444158,68317
7358,41726
7358,73732
7358,5686
7358,5810
7358,1315
68318,138
68318,88
68318,66869
372158,68278
372158,30799
372158,89013
85599,677
85599,6873
356319,331972
356319,299234
356319,30799
356319,331987
356319,330637
141759,167057
141759,6317
141759,88
349599,282636
349599,383785
349599,65331
66890,77053
66890,210920
66890,68000
66890,87439
83210,39241
83210,56771
83210,353268
83210,83166
83210,65540
265610,201313
265610,241100
265610,326437
265610,308869
237770,10726
237770,18925
237770,4368
90410,352
90410,7839
90410,88
121610,60798
121610,40447
121610,93934
121610,8898
234410,112028
234410,27052
328971,122488
328971,311833
226731,265609
226731,251233
226731,210867
226731,300708
226731,427564
314091,200107
314091,279926
314091,120354
314091,218172
109611,138
109611,26129
109611,136166
109611,184098
13611,37753
13611,5437
13611,55558
135057,24957
135057,22890
135057,166358
135057,16968
18898,179346
18898,18866
18898,18893
18898,40028
324658,96622
324658,274
29458,45818
29458,10647
29458,210738
177781,674
177781,178914
255541,308
255541,38395
255541,228870
255541,138
67383,37721
67383,91580
7394,1315
7394,3562
7394,5967
7394,582
66434,60458
66434,12462
66434,178316
66434,122224
336194,87743
336194,115455
336194,20293
336194,48939
236843,121688
236843,141251
236843,24919
236843,4437
236843,17939
6923,135269
6923,4201
6923,6855
21812,138
21812,26775
208532,215545
208532,31617
208532,220534
52052,117147
52052,112445
52052,138
247893,242170
247893,59541
247893,161963
24213,352
24213,10647
24213,88
24213,365
211910,158571
211910,52658
211910,138
51590,24644
51590,140834
51590,51607
51590,41646
107270,67431
88550,232670
88550,122442
88550,99231
269990,7592
269990,102632
269990,176346
269990,89201
277190,209368
277190,298615
277190,65536
91444,817
91444,206
91444,61857
99126,373381
99126,102345
56424,1995
56424,29984
65544,61638
65544,6971
65544,19968
65544,35325
154346,245688
154346,7592
154346,34848
175471,677
175471,9100
175471,2940
751,7766
751,49988
751,69397
108271,15034
108271,26753
108271,67736
108271,138
108271,291920
209071,52755
209071,301
209071,209072
209071,56293
377074,27749
377074,202603
377074,31681
377074,89439
377074,54796
169234,103740
169234,54332
169234,249
30994,107909
30994,42927
30994,124538
30994,65678
7958,81975
7958,9278
7958,1503
7958,210545
151478,3826
151478,58522
151478,42
151478,51742
89078,152477
89078,36066
89078,24804
121238,1
323798,21656
323798,115498
323798,108423
323798,40692
12759,7691
12759,130832
12759,24676
12759,33337
12759,30162
54999,5136
54999,138
54999,88
64599,4379
64599,84791
64599,3393
64599,169477
181239,175767
181239,26753
181239,280544
181239,176626
181239,66860
59319,59345
59319,75942
59319,38310
59319,106
59319,39951
241732,241733
241732,201157
241732,118224
241732,68277
115496,87489
115496,1988
115496,47459
115496,468
2696,41437
2696,1486
15656,7376
15656,32270
15656,8261
298376,128933
298376,45790
298376,38306
298376,24091
298376,34094
27179,7427
151979,172509
151979,42095
151979,14367
151979,167057
343991,154854
343991,69237
343991,88
73287,124214
73287,206244
73287,293551
73287,189793
73287,55745
35367,31220
35367,205962
140967,152216
140967,41302
27687,162173
27687,4824
27687,1315
27687,13643
41127,5
41127,2427
41127,138
41127,308
21928,523
21928,352
21928,7427
67528,70652
67528,33727
67528,14025
107859,73027
107859,230290
107859,41483
179859,9685
179859,65392
179859,352
229782,46590
229782,352
229782,232973
229782,268640
229782,220565
229782,376773
15222,42045
15222,3777
15222,1398
62747,62750
62747,62756
62747,62760
10427,26129
92990,6544
92990,68843
92990,4290
145790,1501
145790,175563
145790,365
200990,103244
200990,1793
200990,103236
200990,103231
108369,138
108369,26247
108369,468
108369,2014
108369,11895
108369,11998
390137,289753
390137,243397
390137,312005
390137,423836
35901,40055
35901,253
35901,189
35901,139248
35901,53460
20541,8097
20541,6512
47421,13740
47421,29879
47421,75915
47421,153820
28701,41069
28701,88
28701,105810
28701,62674
108867,33357
108867,44457
108867,19572
108867,14606
108867,403073
117507,204159
117507,11620
117507,54280
117507,21984
73347,78598
73347,38002
73347,16604
56067,30814
56067,56707
56067,53166
87747,82996
87747,66860
131910,49247
131910,24604
131910,114764
131910,49567
131910,582
207750,280557
207750,363769
207750,29071
207750,263714
215430,352
215430,3938
215430,283178
215430,283177
215430,192951
314316,52502
314316,349684
314316,274622
314316,190795
206796,268690
206796,5245
206796,2681
206796,234103
321036,164261
321036,9532
321036,279633
321036,3419
298963,232007
298963,90627
298963,298960
298963,275685
60403,19148
60403,46998
60403,16533
60403,174063
42647,2590
42647,261679
42647,121714
94967,100836
94967,87507
207773,35325
207773,11895
69053,65972
69053,68083
106973,38694
16733,1158
134813,8806
134813,16456
134813,14574
134813,103858
124255,59377
124255,138
20095,86797
20095,12606
20095,267964
20095,23771
20095,48394
340735,12507
340735,24085
340735,89886
340735,20359
318175,353494
318175,249653
318175,385821
318175,206774
318175,452121
202015,36226
202015,80467
202015,106125
16259,104729
16259,38658
16259,16427
185219,35977
185219,39562
185219,13854
8099,8097
8099,6512
8099,88
202032,166758
202032,112501
202032,177863
202032,202034
63312,32469
63312,7596
63312,7569
63312,6971
5712,3434
5712,11752
5712,77613
5712,11763
5712,14932
253872,52509
253872,103271
253872,52514
253872,97055
253872,129579
218352,202
218352,138
218352,582
218352,24604
5232,468
5232,518
5232,26129
5232,365
110832,74915
110832,7068
53238,58575
53238,153720
53238,83556
13878,60798
13878,125876
13878,220968
13878,108926
13878,202902
295650,65286
295650,44012
295650,16344
295650,43973
295650,37532
295650,123917
8610,8618
8610,25801
32130,170502
32130,301
32130,14825
32130,18284
61412,60153
61412,19572
61412,68990
173252,237243
173252,8025
173252,93
173252,134677
111812,138
111812,12440
111812,301
111812,1247
220298,25451
220298,2193
220298,65773
220298,48656
23018,4201
23018,9180
23018,138
23018,61535
156458,108946
156458,201340
156458,582
156458,185251
368138,67792
226062,136782
226062,101606
226062,88
226062,50576
226062,61221
279342,88
279342,54200
279342,260847
279342,212625
8622,1995
8622,25801
462,27796
462,161108
462,518
462,1168
1902,88
1902,39748
366226,72852
366226,85969
366226,8988
366226,30230
135826,18107
135826,13799
135826,677
135826,2179
58066,91023
58066,253
58066,86380
167506,67736
167506,72476
167506,167507
167506,65843
330226,352
330226,22678
330226,677
330226,8005
56146,39980
56146,2480
56146,1988
63353,131956
63353,26129
63353,7427
63353,31462
