341379,10530
341379,47794
115641,404
115641,88
295344,295342
368929,185976
368929,52505
324556,88
324556,20807
324556,352
9391,9411
9391,30234
9391,24861
110569,365
110569,69
128770,54200
128770,88
128770,78289
128770,109628
41317,33283
41317,138164
41317,1835
41317,756
41317,30234
41317,353
216313,352
216313,7427
216313,88
1,20
1,5
1,10
1,14
2236,28651
2236,69298
2236,10152
2236,33827
8266,152591
8266,404
8266,21517
8266,53958
385,138
385,352
8005,4201
8005,46590
8005,10917
204772,38234
204772,99884
204772,97829
1999,41869
1999,8568
1999,7452
1999,101554
253,3944
8398,72326
8398,4201
8398,35827
8398,1982
35656,129848
35656,275248
35656,239107
220,677
220,11880
220,762
22627,36224
22627,138
22627,91211
22627,38503
23515,15632
23515,15579
23515,81893
23515,8723
106,52
106,2698
106,7858
106,4230
295345,390700
295345,215482
295345,7698
42667,42630
42667,138
42667,36258
46,1
112913,61970
112913,2420
112913,9731
112913,9552
1337,34616
1337,4824
1337,6355
1337,59077
124445,30927
124445,5686
13442,109040
13442,1190
13442,112912
13442,127828
13442,468
95561,36290
95561,5422
95561,13740
22253,14996
22253,3549
22253,14991
80516,177322
80516,44692
80516,251510
9590,42095
9590,44211
9590,108322
112127,41233
112127,41229
112127,22210
46628,43688
46628,66680
46628,38503
71705,16520
71705,3335
71705,33305
71705,66297
71705,33283
5252,4201
5252,18165
5252,11763
5252,24804
42095,138
42095,13740
42095,1190
42095,29505
97085,107401
97085,46621
97085,97089
97085,43688
29039,15408
29039,6317
29039,60188
71000,36669
71000,18107
71000,18079
71000,4201
30353,25467
30353,762
30353,3781
30353,352
150677,39417
150677,42497
150677,4201
67736,70837
67736,67702
67736,70549
187577,11981
187577,3994
187577,220
187577,48319
187577,11880
187577,138
353,137558
353,2676
353,90811
353,162757
43097,352
43097,408
43097,16698
1247,58514
1247,18107
1247,138
21203,15509
21203,87419
21203,301
3413,24934
3413,70534
3413,2698
152120,18129
152120,1808
152120,138
152120,29039
152120,9180
5120,5150
5120,301
5120,138
5120,89
5120,582
22328,22333
22328,23969
22328,23968
22328,37672
8828,138
8828,86689
8828,33394
16424,16434
16424,16427
2042,50896
2042,147323
2042,209063
2042,60626
2042,9731
13811,144790
13811,365
13811,129973
68000,78239
68000,78242
68000,87761
68000,73485
25727,180015
25727,1971
25727,30021
25727,48473
25727,6868
1205,105572
1205,301
1205,5989
1205,44401
1205,1206
98111,26176
98111,138
98111,167647
98111,11235
98111,2014
98111,2676
26279,126404
26279,468
26279,13321
26279,2480
74585,138
74585,13854
74585,365
74585,86853
20273,14977
20273,88
108926,2199
108926,70259
18536,20162
18536,80802
18536,88
18536,352
8915,162193
8915,42603
170012,226771
170012,8600
170012,227483
118169,49701
118169,8928
118169,34797
37298,17507
37298,5810
64697,7592
64697,9003
64697,8928
64697,285070
97598,100094
97598,108197
97598,88119
97598,88
206,6317
170006,15859
170006,301
170006,224739
31625,138
31625,365
31625,4729
54956,55027
25916,16420
25916,138
25916,220
25916,7969
3017,138266
3017,12731
3017,10299
21710,13650
21710,5550
21710,4137
170093,29334
170093,43615
170093,149595
170093,13255
46049,58514
46049,23956
46049,46042
46049,2077
46049,42667
337271,157543
337271,252156
337271,244328
2363,41424
2363,62851
2363,18575
2363,26530
614,166121
614,10726
614,49994
1274,308
1274,138
1274,352
13712,26116
13712,2046
13712,8463
13712,91789
13712,41869
18722,179091
28772,138
28772,2250
28772,941
28772,50796
32066,27849
32066,211
32066,13644
32066,88110
32066,253
14801,1982
14801,7445
14801,14880
51437,88
51437,11895
51437,6374
51437,10577
51437,98211
41429,18575
41429,11513
41429,26530
6374,78190
6374,1519
6374,6371
6374,28468
6374,6560
88733,50682
88733,56135
52979,1
54992,11917
54992,4137
54992,87911
54992,16427
161858,11571
161858,100817
161858,1618
168323,9003
168323,14602
168323,48069
140057,10917
140057,9305
140057,32287
140057,408
59873,160730
59873,199410
59873,56135
59873,56103
59873,160751
58514,11620
58514,137106
58514,1850
58514,2077
58514,33145
48521,352
48521,93902
48521,523
48521,70392
48521,138
6338,64943
6338,29644
6338,29407
6338,17771
194837,138
194837,74915
194837,151803
14213,408
14213,352
623,7973
623,7965
623,1443
623,7969
80879,94109
80879,94708
80879,138
80879,71049
80879,5116
182489,104603
182489,10795
182489,6014
182489,138
182489,136237
24800,408
24800,50632
24800,352
12440,86813
12440,12482
12440,3467
12440,3466
164594,138
164594,9180
164594,13854
164594,236355
209912,88
209912,1322
209912,93
209912,1988
28631,29267
28631,23455
22457,17307
22457,88
22457,468
22457,22452
22457,2427
170861,13811
170861,88
170861,64911
133496,17871
133496,2527
133496,1031
133496,2989
26129,3873
26129,72367
26129,7427
26129,31462
152588,119895
152588,208097
152588,138
152588,94013
152588,218109
16427,4137
16427,21766
16427,565
16427,35909
48890,2199
99935,10039
99935,4201
99935,677
99935,36280
518,2199
518,37761
134435,56103
134435,78854
134435,56135
134435,28686
6074,5708
6074,677
6074,885
6074,1310
61766,15408
61766,189152
61766,29039
61766,138
159584,1
173123,11556
173123,9731
173123,320122
170021,19956
170021,4909
170021,255168
114530,174310
114530,52505
2420,19772
2420,1031
2420,23162
2420,6798
2420,1443
56135,59858
56135,199410
56135,56103
56135,160730
48833,138
48833,48832
48833,629
152192,20873
152192,14404
152192,67881
1031,5444
1031,1793
1031,53124
1031,5625
7898,9685
7898,65456
7898,18107
40859,2250
40859,1031
40859,1767
40859,6855
9731,71901
9731,14822
9731,34748
3434,138
3434,6355
3434,89981
3335,20873
3335,90821
3335,29879
11945,2163
11945,81414
11945,4201
12629,48793
12629,21921
12629,80410
103253,331821
103253,150409
103253,80528
13643,782
13643,3335
13643,582
33929,5
33929,28324
33929,79423
33929,14932
23105,1426
23105,1443
23105,17122
23105,308
23105,2427
23105,9337
31610,138
31610,36192
31610,138164
92122,187044
92122,259879
92122,234333
92122,96258
92122,276605
107338,113792
94333,25580
94333,34797
94333,56631
26377,7698
26377,224844
26377,46590
59872,111511
59872,122751
59872,78854
59872,99521
104137,129605
104137,10495
104137,79394
104137,112165
104137,1665
393133,372369
393133,31089
393133,431616
393133,66293
164626,2837
164626,48869
164626,43909
164626,1793
164626,3858
5284,7427
5284,468
5284,31192
5284,2014
83578,518
83578,8514
83578,138
83578,3798
68023,72261
68023,167791
68023,69205
7423,716
7423,2010
7423,91
7423,5011
7423,25388
207442,88
207442,52355
57451,19572
57451,27740
57451,56631
57451,52476
57451,28097
220831,15185
220831,22083
254326,352
254326,10647
254326,7691
254326,102090
22417,88
22417,4515
22417,7164
22417,352
22417,3549
181366,23391
181366,85864
181366,84755
181366,155367
308068,119067
308068,115687
308068,292144
45634,57101
45634,177159
20761,6495
20761,88
20761,16336
149050,132518
149050,119783
189283,352
189283,677
189283,3549
291199,78549
291199,73231
291199,80516
291199,360428
90931,186355
90931,388952
72265,66837
72265,68945
72265,71240
174253,59972
174253,29933
174253,295527
174253,36224
4435,280
4435,6496
4435,206
38224,26381
38224,29165
38224,41301
38224,24646
159124,139948
159124,8911
159124,18388
159124,36216
159124,19995
159124,121105
103621,2109
103621,202
103621,138
232150,138
232150,226977
189787,5770
189787,21486
154444,268017
154444,64132
154444,44539
154444,18575
179962,138
179962,365
8224,1971
8224,33954
8224,138
8224,32032
73576,54280
73576,301
73576,52431
73576,4408
313186,59541
313186,134377
313186,147506
313186,70388
101041,67741
101041,58991
101041,10267
3199,41869
3199,70392
3199,203774
63148,111967
63148,138
301099,59541
92686,51916
92686,12542
123901,55558
123901,138
123901,16216
65461,1
41524,18360
41524,2480
41524,20683
41524,59198
33601,28531
33601,39515
33601,79693
33601,39510
185977,10
185977,252634
185977,5195
185977,177315
9127,9208
9127,26120
9127,39029
9127,24747
171592,138
171592,99852
104671,110845
104671,104519
104671,54476
104671,103928
19597,32182
19597,32886
19597,1840
19597,760
18082,183179
18082,677
18082,13457
18082,4364
18082,118766
63712,27740
63712,28114
63712,63718
63712,48059
63712,73810
319207,352
319207,102090
319207,111780
319207,335072
6463,80516
6463,296773
6463,95943
10234,259259
10234,159142
10234,168558
10234,148179
10234,114925
10234,71044
87535,61039
87535,1872
109363,66910
109363,54200
109363,77059
55804,55558
214894,266822
214894,356768
214894,10875
214894,266823
330745,111676
330745,90065
330745,52355
330745,48069
15706,43500
15706,1840
15706,67323
15706,3008
63433,49236
63433,24691
63433,352
63433,29729
10495,59739
10495,300140
10495,222399
184,147
184,189
184,88
184,1237
173122,71094
173122,362150
173122,61371
206083,83694
206083,118080
206083,3549
206083,7782
27679,385
27679,13859
27679,12738
37150,37146
37150,16242
37150,472
37150,3389
43885,120545
43885,55663
202375,122314
202375,8603
31840,177452
31840,60522
31840,31235
31840,31793
40627,12366
40627,21605
40627,12440
10444,3549
10444,352
10444,408
10444,12753
77212,9886
77212,138
77212,215513
77212,9208
77212,82042
132187,160891
132187,352
132187,133886
132187,70987
6502,2644
6502,15170
6502,15138
6502,15185
86494,113458
86494,4450
799,2630
799,106
3910,1882
3910,1596
3910,22016
138520,45694
138520,80068
138520,182380
84217,18504
84217,14890
84217,17507
215587,19887
215587,230575
215587,135307
112285,352
112285,30467
112285,59263
6148,4820
6148,301
6148,20679
6148,16452
9490,9786
9490,4201
9490,1469
164494,8755
164494,44447
164494,14662
164494,53470
109471,30466
109471,230290
109471,124302
109471,33601
109471,128469
109471,56470
27664,10
27664,138
27664,1205
178114,81672
178114,54525
178114,11571
178114,138
73990,31235
73990,31084
22792,16604
22792,42679
158407,355380
158407,115687
158407,119067
23050,42679
23050,10577
70375,3979
70375,3216
70375,538
70375,2199
87574,4440
87574,51639
87574,7961
87574,523
87574,25680
209581,208945
209581,93008
209581,19290
209581,31372
12526,7886
12526,3969
12526,19594
12526,4290
12526,555
1078,333
1078,1005
1078,5348
5989,7285
5989,60911
5989,30301
5989,8320
40852,1083
40852,9731
40852,1767
40852,13740
40852,9754
20902,44719
20902,316
20902,10
20902,147
38227,38225
250027,203378
250027,34181
250027,84633
250027,33601
250027,6971
44866,10446
44866,47419
44866,13845
18178,37793
18178,109972
18178,4201
122815,138
122815,352
122815,5
61291,12710
61291,48659
24400,38311
24400,12057
31780,31327
31780,77549
31780,88
31780,59636
138613,106510
138613,83224
138613,50218
224152,298169
224152,258687
224152,237253
234994,5793
234994,26282
234994,2744
234994,1205
234994,138
28726,52015
28726,157953
28726,80516
28726,44514
28531,33601
28531,33441
96847,158625
96847,301
96847,52066
96847,96846
96847,42176
72682,138
72682,468
160138,56910
160138,221560
160138,102820
160138,26250
79693,62154
79693,50271
79693,91756
79693,270559
20293,68585
20293,22851
85249,311731
85249,26076
85249,258250
39220,33443
39220,349358
39220,56399
39220,193296
14476,41233
14476,29407
22564,9731
22564,38067
22564,38082
22564,88762
48670,45319
48670,3969
48670,99339
5296,308
5296,5297
5296,3382
16351,118277
16351,272052
16351,58978
16351,52541
243880,308068
243880,275835
243880,243881
243880,115687
243880,324756
243880,7533
223519,125520
223519,52800
223519,36749
223519,3549
196468,17507
196468,42459
196468,130899
151474,135493
151474,54447
151474,249
37159,35210
37159,33843
1441,22966
1441,2094
1441,2199
295351,273055
295351,365
99733,308
99733,211
99733,39542
3724,68582
3724,3745
3724,22738
3103,13321
3103,2199
3103,1036
30241,301
30241,60054
30241,18223
20893,106332
20893,126247
20893,14078
20893,8158
40489,26250
40489,40939
40489,6855
107518,138
107518,68911
107518,74427
107518,329752
107518,283972
4528,88
4528,8398
4528,76454
15034,507
15034,123571
51580,2427
47419,83524
47419,58914
47419,19350
47419,103718
22579,6836
22579,5116
22579,14367
22579,7427
219181,6855
219181,169302
219181,93993
28840,1031
28840,9731
28840,333
28840,6845
165823,8030
165823,5676
165823,25415
241045,258250
241045,3549
52741,1337
52741,4062
52741,4201
52741,8398
185212,175456
185212,26120
185212,56537
185212,19204
24337,335
24337,6851
24337,298
24337,24338
24337,6
24337,350
23194,12040
23194,6527
23194,1882
10111,199846
10111,109366
10111,110708
1837,1274
1837,2
1837,45656
1837,1042
14203,14188
14203,3809
14203,14156
2776,138
2776,308
2776,11107
2776,42350
2395,1
210139,374188
210139,45828
2179,20400
2179,18052
2179,3549
2179,10446
20194,61221
20194,22820
20194,43835
20194,68419
2656,3979
2656,1469
2656,67133
18040,468
18040,18033
18040,88
366487,135307
366487,274313
66394,299819
66394,138
66394,6868
66394,352
105760,22470
105760,69646
105760,77709
120508,74854
120508,18316
120508,6855
21967,67955
21967,36490
21967,8385
110017,94109
110017,69
110017,138
110017,62937
268162,301
268162,138
268162,78271
201439,10753
201439,16708
201439,12030
201439,4201
201439,16713
184363,88
184363,11895
184363,36224
71791,16598
102247,20818
102247,128392
9400,18874
9400,40028
9400,17875
6241,20873
6241,26129
6241,7373
73231,9731
73231,291199
73231,80516
72163,105519
72163,33070
72163,39867
102067,249
102067,247
113806,259274
113806,8913
113806,18384
113806,41894
113806,255045
6217,40422
6217,41049
26920,49673
26920,35442
26920,1882
26920,54447
26920,555
17803,730
17803,6089
17803,1988
17803,677
23464,2644
23464,132913
39748,45540
39748,66974
39748,60867
39748,8025
118063,85021
118063,157376
118063,86704
56569,122760
56569,10395
56569,135307
56569,122747
73312,88
73312,29876
73312,33251
66238,51785
66238,1426
66238,12261
200968,11895
200968,12710
200968,98897
29233,28088
29233,87992
29233,31585
29233,52957
20689,47442
20689,2363
20689,39873
20689,26530
164932,17648
164932,906
37753,55558
37753,3053
142168,142169
142168,52972
142168,88
142168,33839
106570,404
106570,13501
106570,14964
115240,69537
115240,74617
115240,248050
115240,192199
14677,31780
14677,8811
14677,60990
14677,19148
46045,181281
46045,4201
46045,8398
59530,73979
59530,59520
59530,173113
20941,64298
20941,138
20941,52476
20941,20973
52441,1627
52441,4454
52441,919
3502,131704
3502,408
3502,352
61837,38748
61837,21701
61837,367891
61837,21705
61837,61852
61837,44494
25,5
25,24
25,88
20107,22820
20107,3745
20107,28926
20107,28911
46558,69718
46558,60039
46558,53470
104719,132904
104719,85409
104719,88533
119788,138
119788,79473
14038,628
14038,16353
14038,14014
211486,965
211486,12746
211486,212116
211486,83695
11107,1971
11107,91216
11107,31192
319111,205820
319111,263746
319111,288162
319111,299220
13747,88
13747,130536
13747,60599
138766,137590
138766,56305
138766,138
138766,12928
180565,34584
180565,26120
180565,18079
158215,307591
158215,307590
158215,21585
158215,396
127693,352
127693,29191
127693,138
91,1982
91,253
91,2010
91,403
91,12561
91,7423
214108,677
214108,8208
214108,3549
214108,88
214108,1988
214108,6873
34726,47124
34726,162400
34726,2676
34726,8457
79774,18107
79774,4201
267841,208500
267841,150197
267841,286814
204817,155113
204817,51199
204817,1503
204817,263333
320674,33045
320674,12731
320674,1426
197614,101172
197614,193760
197614,39398
197614,190626
197614,119656
197614,296118
45907,75787
45907,260719
45907,45897
45907,13234
45907,2360
90847,137365
90847,168558
13030,1426
13030,27664
13030,7285
30181,308
30181,49828
30181,56975
30181,32334
10534,10638
10534,75915
4183,100148
4183,123520
4183,168597
4183,14991
92248,38012
92248,66347
92248,42
92248,249
29059,137013
29059,29071
29059,88844
29059,158655
171781,347
171781,13768
171781,12539
24013,29470
24013,5084
68932,67736
68932,70549
68932,138
43795,45137
43795,365
122803,91882
122803,195819
122803,38632
122803,22819
122803,3979
122803,43835
97375,6855
97375,13933
97375,88
97375,77721
97375,55377
18052,408
18052,3549
18052,10277
18052,32427
18052,10039
18052,8005
183094,143140
183094,36216
183094,110360
183094,6971
183094,223737
27052,314989
27052,87345
27052,288103
26029,4005
26029,1322
203665,59541
203665,147506
203665,59516
203665,242866
70111,74889
70111,70107
70111,11151
45277,1247
45277,57
45277,333
45277,138
1879,1823
1879,1882
1879,4290
1879,760
95905,146288
15874,26250
15874,7427
30583,9731
30583,1767
30583,4729
30583,43500
25387,352
25387,1971
25387,69
62161,80825
62161,61516
62161,62154
164128,167596
164128,215608
164128,135307
25912,138
25912,308
25912,54896
25912,352
25912,13024
32398,218325
32398,238263
6958,79693
6958,138
6958,35210
6958,7569
57112,138
57112,36219
57112,301
334504,62674
334504,26530
16762,20559
16762,37290
16762,138
115717,2250
115717,54890
115717,199037
115717,34761
235651,12748
235651,31617
235651,25094
235651,4526
22681,13429
22681,147021
22681,103708
19117,51212
19117,90180
19117,10901
19117,90185
17194,51199
17194,5733
17194,121062
17194,151359
43753,1
147811,8650
147811,13270
147811,59377
147811,251434
100372,11395
100372,2185
100372,4055
93151,6426
93151,65461
93151,3017
93151,159156
93151,153801
4156,13740
4156,1036
4156,34616
4156,131791
4156,7427
1042,137
1042,810
1042,6593
1042,6112
147139,147132
147139,84010
147139,10726
147139,13223
78688,44661
78688,16994
78688,10726
138769,12928
138769,137590
138769,677
99457,12394
99457,133740
110845,249
110845,115470
110845,104671
110845,54476
17113,114320
17113,17104
17113,18328
299044,113106
299044,9020
59533,59523
59533,250397
86749,50063
86749,85021
12013,162814
12013,94481
12013,15467
12013,70174
10177,163149
10177,143381
10177,154341
10177,260923
48334,408
48334,677
10363,53867
10363,104780
10363,156731
10363,142961
13234,29311
13234,26530
13234,13115
13234,45907
13234,88
321019,4904
321019,149811
321019,71275
52015,111543
52015,133691
52015,29257
52015,134426
78985,22631
78985,82288
7660,19745
7660,56339
7660,12975
331567,57112
331567,34178
331567,33411
331567,16466
39241,242033
39241,31808
39241,39293
39241,83224
101188,58204
101188,73340
101188,58016
101188,101189
32026,12992
32026,4496
32026,25868
34324,88
34324,58433
34324,11620
34324,90082
98668,65059
98668,49705
98668,94590
98668,124025
27145,123842
27145,39873
28063,71240
28063,68027
28063,54224
11659,16598
11659,136778
11659,3969
41746,92494
41746,92509
41746,15643
41746,26498
153931,62905
153931,4201
48820,66573
48820,352
28981,6855
28981,29191
39919,73050
39919,645
22666,1
33277,28114
33277,27740
33277,4877
33277,63712
2365,88
2365,2363
2365,29267
2365,23194
2365,26530
3217,212236
3217,183724
3217,3185
3217,180936
3217,55480
11542,45907
11542,42679
11542,43835
11542,16604
27931,2654
27931,15138
27931,1275
318697,230833
318697,112097
318697,204244
318697,55964
17647,55377
17647,645
17647,13024
17647,29407
25552,88
25552,5
25552,1443
25552,308
58735,75737
58735,28097
58735,14606
58735,4909
58735,16533
113485,88
113485,26530
113485,18575
31327,35606
31327,33707
31327,77587
52120,81266
52120,26076
52120,97677
52120,1369
70174,3482
70174,10574
70174,9833
150193,290579
150193,172488
150193,179527
150193,198074
66100,18107
66100,365
66100,92603
30799,138
30799,88
30799,124850
30799,101856
85339,1315
85339,468
85339,78549
85339,112913
96979,160876
96979,54280
96979,85937
349,22452
349,50329
349,308
349,2480
349,42994
349,12261
349,2427
72382,1
111967,27872
111967,1190
111967,138
111967,5686
148852,138
148852,8005
148852,88
5437,37719
5437,37726
5437,1544
5437,9152
5437,55804
99181,107199
35908,6
35908,16765
35908,3549
35908,140921
35908,35914
8494,12975
8494,677
8494,55141
8494,7905
8494,17803
228289,1274
228289,1426
228289,2670
228289,39769
228289,88
228289,10
81640,1982
81640,18691
81640,9437
81640,91263
49591,151887
49591,52905
26233,113095
26233,25054
26233,408
26233,4428
16708,12129
16708,12089
16708,10917
16708,88
53782,28324
53782,118569
6796,5918
6796,1190
6796,333
6796,132533
94810,11927
74158,162813
74158,11917
74158,6405
74158,25300
74158,4137
168073,298198
168073,299957
168073,347454
168073,226478
13219,1665
13219,132959
334390,1031
334390,334389
334390,33443
334390,1793
334390,178787
334390,44692
19819,3385
19819,352
19819,16560
117745,78
117745,1988
117745,4665
10987,22834
10987,201834
10987,12988
10987,75049
10987,84181
278845,299192
278845,80249
278845,28097
163228,18165
163228,352
124171,373177
124171,278902
124171,288088
77059,196963
77059,67736
77059,70549
77059,68000
89833,72795
89833,59412
89833,109851
89833,102473
25249,136692
25249,14367
25249,20873
25249,82707
25249,17875
92548,52081
92548,121714
92548,1818
159520,11192
159520,11571
159520,26250
178930,3979
178930,138
178930,3798
96766,26120
96766,4201
96766,19540
23845,45296
23845,3397
23845,69
29323,29299
29323,26530
29323,88
68254,37672
68254,677
68254,28958
68254,56305
68254,4201
59512,179909
59512,59516
59512,203667
59512,59332
24766,29505
24766,42095
24766,137645
102595,59172
102595,59162
102595,102628
102595,40939
75070,2480
75070,352
15361,1315
15361,1454
15361,3399
15361,2109
40795,281379
40795,29933
40795,148835
40795,143840
550,365
550,9180
550,138
111655,28097
111655,30230
111655,149811
111655,80249
5206,81429
5206,125433
5206,5205
38386,291342
38386,140216
38386,228591
38386,271616
160627,71000
160627,5733
160627,677
160627,10
160627,3549
160627,10711
117550,117256
117550,1988
16516,44457
16516,48059
16516,62161
156376,16013
156376,42459
120517,171911
120517,26250
120517,11192
120517,11895
133207,184071
133207,4137
133207,11912
133207,5585
16135,9208
16135,55558
16135,2199
122314,71890
122314,202375
17875,365
17875,138
41599,3566
41599,4450
41599,4290
41599,1982
41599,63386
41599,17803
175303,128601
175303,38599
43153,138
43153,582
43153,45052
102580,138
102580,32977
102580,16449
102580,16452
102580,6014
160645,5733
160645,389
160645,141285
160645,39648
16444,352
16444,107873
16444,79721
3880,10399
3880,28404
3880,4992
3880,3883
3880,39697
134050,301
134050,31411
134050,138
134050,28362
77587,35606
77587,14057
77587,31327
65392,65913
65392,21486
65392,352
65392,46590
95380,73610
95380,5686
95380,181762
244312,97196
244312,159853
244312,260391
364216,76778
364216,10110
364216,10213
364216,2250
120835,45648
291940,349699
291940,173535
291940,94013
291940,424557
185251,138
185251,158929
185251,24600
52972,75534
52972,21486
52972,7937
52972,8158
8806,8755
8806,34911
8806,28097
40525,18311
40525,88
40525,138
40525,67959
36949,220
36949,327
324403,48069
324403,14662
324403,28097
226603,184212
226603,226604
226603,317
46615,46895
46615,46896
46615,46897
46615,31696
46615,26922
8467,128601
8467,137007
8467,3979
11635,48687
11635,58386
11635,32045
1534,994
1534,138
1534,2434
1534,762
87655,67223
87655,15380
87655,10299
87655,23162
87655,2512
8362,760
8362,142
8362,1840
8362,81934
150922,52217
150922,294045
150922,191969
150922,27740
254680,42
254680,26040
185863,6544
4285,3962
4285,1369
4285,1322
174607,8797
174607,120917
174607,261610
174607,8828
70018,177151
70018,1665
70018,22034
70018,9337
8329,38787
8329,41081
8329,29267
8329,26542
8329,1068
113095,26233
113095,1283
113095,81972
113095,54803
56425,138
56425,63123
56425,58978
282751,67223
282751,67165
282751,24914
110851,269
110851,228
110851,52413
110851,45164
110851,249
17275,76795
17275,61535
17275,54422
58603,523
58603,15380
58603,48656
58603,28957
108418,4259
108418,324343
108418,180978
108418,10647
108418,5088
263746,150197
263746,172488
263746,421712
263746,179507
10414,9892
10414,408
10414,10495
10414,3549
10414,138
10414,88
124900,59884
421,43500
421,8618
421,105216
54265,42679
54265,18107
54265,89805
54265,365
78058,3549
78058,137192
78058,677
22846,46698
22846,46720
22846,22727
22846,106074
22846,46748
151363,48473
151363,6014
299233,192323
299233,171180
299233,318531
299233,217610
58504,11107
58504,3809
58504,88065
58504,301
58504,100143
37832,55964
37832,34797
37832,28097
37832,19572
34292,13126
34292,95872
34292,1387
34292,29981
136922,127351
136922,36558
136922,157348
136922,106951
168002,138
168002,8338
168002,19904
168002,10609
133532,26179
133532,144065
133532,2940
133532,3008
133532,885
109382,5205
109382,77212
109382,77227
109382,77244
74942,31256
74942,88
74942,41594
74942,56680
74942,31305
88202,1
86522,50889
86522,365
86522,33191
86522,677
86522,1988
24602,43153
24602,582
24602,18129
74132,179280
74132,89833
74132,116144
74132,59972
8252,138196
8252,760
8252,1322
8252,227595
8252,80159
345842,252749
345842,151491
7142,1
73502,66854
38762,25489
38762,11895
38762,219252
38762,1988
38762,15175
9572,251487
9572,183380
60812,48362
60812,23660
60812,46534
60812,23633
85382,150172
85382,1793
85382,15418
85382,5550
85382,133740
98402,142768
98402,37906
98402,110397
98402,10944
98402,49969
199442,41953
199442,54108
199442,6971
199442,325362
90482,13520
90482,17358
90482,352
185582,185581
185582,27952
185582,26704
233702,36363
233702,110029
28082,28088
28082,28097
18152,35933
18152,118586
276392,64095
276392,58425
124832,2480
124832,58452
145802,2360
145802,11981
145802,68271
145802,8005
145802,4348
16862,88
16862,134980
16862,365
22832,20200
22832,111415
22832,46929
22832,16604
22832,42679
72392,105225
72392,518
14192,352
14192,408
14192,3798
14192,11235
4532,32026
4532,809
4532,352
82112,78690
395642,138
99272,54265
99272,54291
99272,78
99272,84633
99272,54269
393122,88
393122,201281
139382,180891
139382,85368
139382,214307
294632,69156
294632,88
294632,294667
47132,29176
47132,72367
47132,221469
47132,60135
48362,23660
48362,49026
48362,3979
48362,36340
102692,201313
102692,131067
102692,305058
102692,317
11432,14890
11432,86071
11432,1971
95462,82108
95462,77049
95462,69237
75362,205978
75362,171180
75362,205993
75362,205985
75362,206003
125702,3477
125702,55964
125702,361790
326912,13928
326912,50129
29792,61424
29792,31284
29792,41594
29792,36899
146282,223962
146282,95913
146282,124862
146282,89934
171032,108205
171032,104493
171032,126016
65972,69285
65972,68843
65972,72616
242072,201157
242072,95905
242072,238732
242072,146274
242072,295170
189842,232070
189842,138
189842,7569
189842,11880
10772,193023
10772,102823
10772,61353
190832,341612
190832,58944
190832,190815
190832,111676
230582,99231
230582,179507
230582,308858
230582,198074
230582,327041
302342,124862
302342,244325
302342,97181
302342,246000
19142,36585
19142,471
19142,154641
21092,85969
21092,57176
21092,58713
64892,37440
64892,13768
64892,518
64892,88
64892,20014
295569,101079
295569,37532
295569,138
295569,14662
295569,88
105669,206
105669,19943
105669,86853
105669,248
175989,62021
175989,138
175989,82562
57339,7569
57339,53183
57339,109829
57339,38172
57339,138
83139,124445
83139,138
83139,172933
83139,78549
12189,4201
12189,9786
12189,103549
328719,324483
328719,30513
328719,35481
328719,6948
328719,46637
38499,29532
38499,301
38499,1247
969,138
969,11620
969,32032
969,941
969,1971
11979,8578
11979,308
11979,2595
121989,82465
121989,43835
54489,15596
54489,103872
54489,94301
54489,3708
54489,93339
79239,67165
79239,67223
79239,282751
182979,220
182979,10259
182979,173403
182979,238481
73899,88
73899,138
73899,677
16869,8284
16869,93
16869,7011
51369,6566
51369,2185
51369,352
51369,22457
112809,183232
112809,228783
112809,266652
112809,112025
112809,110241
74019,144790
259239,35574
259239,62154
44079,54105
44079,4479
74709,151474
74709,82567
74709,138
225909,339363
225909,380829
10959,138
10959,77411
10959,9180
4059,3549
4059,14871
32469,33839
32469,50239
32469,291665
23019,36739
23019,23428
23019,10917
184569,185350
184569,14602
36579,4201
36579,8398
36579,36637
327219,3549
327219,352
327219,148374
167679,31818
167679,174954
192279,22820
192279,20200
128559,272309
128559,96661
128559,307661
128559,148643
128559,132105
1809,110402
1809,6283
171639,252749
171639,171632
171639,266748
121569,762
121569,22034
121569,3285
121569,46773
121569,46527
16119,109718
16119,11620
16119,34324
72279,22788
72279,50576
72279,1882
55389,112713
55389,76561
55389,320349
55389,52476
61119,53894
61119,40290
61119,14093
30189,82697
30189,365
30189,70620
30189,11895
13209,46
13209,48788
13209,6566
13209,2199
279939,252178
279939,180126
279939,417848
247359,95913
247359,88
247359,122457
57249,14093
57249,57257
57249,48059
57249,81044
57249,14057
23919,32383
23919,32045
23919,138
23919,6405
276999,77227
276999,110489
276999,263265
23889,6231
23889,2199
56889,74330
56889,68408
56889,46527
380139,128130
380139,28096
380139,14602
240879,314253
240879,71356
240879,65380
38679,66328
38679,122520
38679,38711
38679,88
399129,103253
399129,101856
399129,282174
108909,128830
95904,164129
95904,171183
95904,67773
95904,281387
95184,52922
95184,52135
95184,1988
21294,37440
21294,56305
21294,25521
21294,76413
325524,374688
325524,263714
325524,213946
325524,381052
148374,138
148374,365
3834,20873
3834,38891
3834,16604
12804,317
12804,8467
12804,12794
12804,17366
12804,27601
13764,58814
13764,103872
13764,116936
13764,60494
77604,19783
77604,93
78834,161837
78834,352
78834,101975
78834,1782
192414,352
192414,408
192414,8005
100074,90786
100074,100079
100074,288217
100074,8699
76374,36009
76374,37317
76374,46698
76374,61202
114864,97357
114864,395041
284004,8468
284004,46544
284004,66517
284004,114016
95154,58386
95154,34356
95154,977
95154,95137
361404,88
361404,59427
361404,16452
92184,4201
92184,6868
92184,2014
92184,1988
54114,32977
54114,63541
54114,250357
134364,5365
134364,645
187254,23411
187254,3335
187254,2163
187254,11945
97824,352
97824,88
76674,69162
76674,55386
76674,533
76674,138
227844,17875
227844,1971
227844,1988
227844,88
224724,103253
224724,115145
224724,2141
169644,145013
169644,21278
169644,145462
169644,17871
14844,55586
14844,58603
14844,184643
149004,164986
149004,3938
149004,16105
47094,28678
47094,20715
274254,48178
274254,61122
274254,76578
274254,61144
32994,8930
32994,63528
32994,250357
32994,138
325254,383
325254,25388
325254,463
14334,22333
14334,3912
14334,79880
156714,134762
156714,14367
156714,2512
155004,33954
155004,9180
155004,48481
155004,138
82824,762
82824,8266
82824,11895
82824,365
82824,88
253044,85081
253044,85113
33384,28455
33384,33601
33384,102708
33384,46134
45024,5691
45024,163192
45024,301
106014,23515
106014,238446
106014,80467
106014,56798
94854,359471
94854,264440
140454,26661
261954,146288
105174,59945
105174,11895
7194,7164
7194,4528
7194,22434
178674,250329
178674,233324
46134,64196
57144,95090
57144,316089
57144,57257
57144,16533
57144,151927
248184,266058
248184,58523
248184,284166
248184,154456
248184,249
111804,280920
111804,21995
111804,12440
129714,3285
129714,104041
117924,118452
117924,132005
129264,6342
129264,121403
129264,24454
129264,180247
214194,228729
214194,69519
214194,35520
15564,16817
15564,60535
15564,9091
15564,56961
29484,158815
29484,7279
29484,69
163344,138
163344,20464
163344,54903
109824,163231
109824,32494
109824,42920
51864,50156
51864,10244
51864,7401
51864,10259
51864,45805
238884,124856
238884,106951
238884,258729
238884,95908
13644,164722
13644,13643
13644,70392
13644,2480
189714,54156
189714,324140
189714,103253
11394,4201
11394,8398
11394,352
11394,408
4464,365
4464,13740
4464,2199
11844,49673
11844,49668
11844,26674
11844,49664
197514,10647
197514,138
138324,79652
138324,36558
138324,261643
138324,112272
139524,108386
139524,308
139524,352
139524,138
139524,88
49164,10431
49164,10399
49164,10452
32604,125250
32604,103766
32604,172591
32604,47216
38338,26120
38338,96780
38338,96783
38338,15752
11308,138
11308,11445
11308,11372
12148,6809
12148,756
12148,7989
12148,4757
257038,197112
257038,4986
257038,307928
63808,112926
63808,73810
63808,59945
63808,11895
112618,13379
112618,8571
112618,37914
112618,13411
116848,7279
116848,67741
116848,206
150508,180301
115528,103827
115528,357
115528,27384
124888,179470
124888,172488
124888,243294
124888,99231
124888,245200
1768,73076
1768,6855
1768,12738
72088,65380
72088,72091
72088,72080
72088,65365
131488,36224
131488,96052
131488,97085
131488,71141
131488,92742
69208,67573
69208,67736
113638,106538
113638,208795
113638,60526
113638,253609
25798,13854
25798,76783
25798,8618
126988,204893
126988,33796
126988,42
126988,53518
15328,2480
15328,125221
15328,308
173308,187620
173308,61202
173308,68486
173308,228044
173308,61221
173308,128601
27868,365
27868,82042
27868,5205
27868,77212
12478,19904
12478,320841
12478,138
73408,365
73408,138
73408,7569
73408,285038
73408,119905
116638,43994
116638,8045
116638,59383
116638,43720
31528,7540
267718,225087
267718,363284
267718,294727
190078,47440
190078,762
190078,2250
190078,7961
364978,364979
364978,32032
364978,317
364978,96005
8068,9731
8068,93503
8068,138
59968,149146
59968,79074
59968,31843
59968,31904
59968,62237
59968,31818
197128,1
85258,48146
85258,85253
85258,175731
120208,54528
120208,193862
120208,24771
150358,38553
150358,38585
150358,38575
150358,159429
248698,95913
248698,171183
248698,95908
154228,115438
154228,677
154228,42070
104098,2851
104098,3230
104098,6
104098,55916
147688,847
147688,71868
147688,283114
147688,180296
99058,111680
99058,14602
66328,103872
66328,2844
66328,122520
66328,38679
134338,86749
134338,8828
134338,147149
50578,1
171868,2042
171868,59377
171868,112139
171868,65458
171868,14431
76678,107602
76678,78690
76678,70556
88558,249414
88558,95898
88558,146288
9508,41869
9508,582
9508,13073
9508,138
9508,3969
73498,55195
73498,4379
73498,396
73498,3708
73498,68027
20668,14382
20668,1254
20668,817
7258,18279
7258,6495
7258,809
285448,414880
285448,414881
285448,134858
160468,249
160468,103872
160468,26842
196798,67223
196798,10753
196798,82697
104608,104615
104608,88
104608,37457
368698,1426
368698,352
368698,677
182818,119427
182818,23968
1978,4435
1978,18627
1978,352
41609,2199
41609,38234
41609,138
41609,8266
14429,13643
14429,65181
14429,56
14429,22666
14429,13219
148439,352
148439,206783
148439,977
148439,252676
52319,42287
52319,59003
52319,555
52319,58996
20969,124483
20969,53286
20969,20909
20969,233587
63509,63528
63509,18388
63509,65800
63509,63364
297329,281334
297329,241100
297329,294727
297329,274575
241049,204737
241049,412027
152249,269292
152249,82108
152249,73329
43379,5444
43379,138
43379,95561
43379,15573
52049,930
52049,9653
52049,27986
52049,1237
41159,88
41159,333
41159,1823
41159,138
273029,73974
273029,233317
273029,262930
273029,93
4079,4105
4079,1988
4079,4094
4079,2787
4079,10
125699,37489
125699,125702
175769,301844
175769,189931
175769,74397
175769,128264
11339,29176
11339,138
11339,17875
208739,7698
144449,148221
144449,134420
144449,138
144449,42070
119609,260564
119609,174629
195059,16216
195059,2199
54479,2480
54479,57708
54479,135269
249179,8077
249179,349
249179,57
249179,6
249179,75721
310889,30799
310889,157284
310889,79477
90689,8956
90689,62712
90689,57303
90689,295396
117539,138
117539,1971
117539,44022
23159,19887
23159,163847
252179,97196
252179,101856
252179,36558
252179,149210
123089,130235
123089,23650
123089,37906
123089,77411
115139,84
115139,957
115139,26456
115139,98466
87359,20276
87359,108550
87359,87362
68489,27601
68489,150993
42239,56771
42239,56798
42239,5686
42239,56707
42239,34929
90359,3840
90359,90210
90359,2915
74039,150251
74039,38227
74039,74021
27509,88
27509,1315
27509,109668
6119,102260
6119,13740
269729,60798
269729,77394
269729,59327
186809,37421
186809,131704
186809,202930
186809,3510
38249,503
38249,66238
38249,41536
38249,35071
71189,35210
236039,22821
236039,38225
236039,9423
12299,12366
12299,45751
12299,34088
12299,45783
113639,111687
113639,60021
113639,60526
113639,19913
116489,10267
116489,90881
116489,90931
7559,18442
7559,88
7559,16466
7559,50239
7559,30991
28619,1907
28619,8271
28619,19787
28619,28614
28619,88
33029,8005
33029,352
33029,677
33029,103500
33029,220
33029,3393
33389,30980
33389,33399
33389,28455
61889,114041
61889,92325
61889,14606
61889,44457
61889,28097
100229,74139
100229,31256
100229,31532
100229,34726
239339,257572
239339,141433
239339,62119
239339,257575
17759,34574
17759,93
17759,42968
17759,94891
14729,8417
14729,3199
14729,22532
14729,8421
27119,26085
27119,13740
27119,1190
129599,43688
129599,88
129599,7601
129599,28077
29,3414
29,5
29,174
29,3399
29,3402
43229,85761
43229,138
43229,43232
43229,821
43229,623
43229,403
121499,2280
121499,77336
121499,123440
297269,297270
8699,100074
8699,1005
8699,59431
8699,100079
8699,59427
86406,67736
86406,304758
4986,13692
4986,26635
52626,9685
52626,67854
52626,10903
52626,408
53226,39515
238446,138
238446,106125
238446,36224
7386,55612
7386,7375
7386,13003
284166,248184
284166,21223
284166,68750
35046,52355
35046,76079
35046,52476
35046,28097
88746,69933
88746,68944
88746,15034
88746,69045
1746,10711
1746,88
1746,50928
1746,12172
3666,22333
3666,22328
3666,22311
3666,1840
113706,67133
113706,58514
113706,88
226326,39129
226326,82875
226326,206
226326,33441
123906,65277
123906,113394
123906,6971
3546,1205
3546,104603
3546,533
74406,71355
74406,66854
34746,69554
34746,52505
78306,58418
78306,67431
78306,58411
236766,298198
236766,217968
236766,309256
236766,347650
230526,22849
230526,39959
84546,81457
84546,84540
84546,58433
84546,59841
66606,28097
66606,35325
66606,28088
66606,129714
66606,58978
252246,146288
252246,29071
39606,61007
39606,63141
19446,85040
19446,78787
19446,139307
2286,9208
2286,56881
2286,80506
112926,138
112926,59940
112926,677
63126,147347
63126,52204
63126,64430
110346,101856
110346,159853
110346,132781
234126,138
180126,89934
180126,101856
180126,97188
180126,122095
67086,1398
67086,5597
67086,4492
166506,1426
166506,232702
166506,30991
166506,16466
166506,6971
39666,84217
39666,67474
39666,29191
39666,27536
139446,52476
139446,83797
139446,48189
139446,215618
139446,353414
139446,190227
55326,14677
55326,31532
55326,36236
55326,39374
117547,15897
117547,9672
117547,117544
188107,202815
188107,82630
188107,47249
56167,56194
56167,28097
111547,93
111547,83916
111547,619
224587,7781
224587,8385
224587,18079
224587,11164
66907,88
66907,69237
66907,136170
280627,172488
280627,244345
280627,150197
280627,293416
2947,709
2947,37
2947,715
2947,385
2947,1322
7,333
7,2778
40507,202
40507,511
40507,555
40507,9241
40507,23796
151927,182788
151927,325610
151927,119157
151927,393373
89107,24934
89107,145132
89107,67707
89107,29673
40267,28097
40267,39515
40267,35140
40267,14093
177667,134841
177667,285593
177667,279606
177667,259601
177667,101875
234727,52851
234727,16325
234727,51742
234727,52419
294667,40297
294667,4904
75367,138
75367,328420
75367,272945
75367,243294
252247,138324
252247,68278
252247,106761
847,18425
847,760
847,719
847,46
56707,73181
56707,35325
56707,56067
56707,24156
53467,8755
53467,138
53467,39194
53467,14038
14527,76795
14527,44870
14527,3883
1507,5793
1507,9746
1507,62097
1507,1205
43507,138
43507,44022
43507,24914
43507,207735
69067,154051
69067,69678
69067,69679
69067,154750
34627,15450
34627,138
34627,26152
34627,1179
188947,59945
188947,88
188947,365
412027,412029
412027,3549
412027,241049
412027,352
149647,175687
149647,69113
149647,138811
149647,301
291307,365941
291307,171183
291307,150197
291307,325504
291307,172488
5107,13073
5107,6251
5107,149974
23587,208341
23587,23037
23587,14877
23587,161
36247,35210
36247,6954
36247,33443
36247,74475
12847,677
12847,38316
12847,121250
12847,46267
150685,4411
150685,11139
150685,230285
150685,57225
1285,211
1285,480
1285,485
1285,3495
1285,308
20305,111415
20305,204308
20305,173308
12265,157157
12265,45722
205825,91577
205825,49415
205825,32045
205825,240340
190885,88
190885,11895
95845,39029
48565,79458
48565,53687
48565,62699
48565,104766
16105,14463
16105,95648
16105,61075
16105,65178
212065,3549
212065,62119
212065,132959
10945,77446
10945,49915
10945,32819
61825,33106
61825,62824
61825,4137
61825,2360
54205,45137
54205,69060
54205,66837
54205,68939
54205,71756
10705,24141
10705,12975
69925,26753
69925,83425
69925,71243
69925,88
28045,25856
28045,74341
28045,138
28045,1315
58705,36739
58705,352
105445,52996
105445,37618
105445,78752
8065,396
8065,206
8065,301
8065,138
238705,72587
238705,885
238705,8468
102445,71275
102445,28097
102445,64476
65365,72088
65365,65360
65365,65373
17665,64610
17665,19883
17665,13660
17665,365
17665,7781
196345,39049
196345,147433
196345,301
208165,15885
208165,408
208165,17871
208165,177523
82045,30966
82045,219206
82045,79716
82045,7569
294205,30859
294205,50239
294205,6951
294205,16452
108205,408
108205,171032
108205,26120
108445,677
108445,4450
108445,8005
108445,628
108445,88
108445,1105
366445,34801
366445,16452
34825,1858
34825,67658
34825,623
34825,1426
34825,211
34825,27935
138929,204961
138929,221042
138929,14241
138929,183002
65789,4543
65789,4479
65789,4011
223709,56103
223709,9864
223709,157953
164309,220330
164309,120573
164309,138
164309,523
164309,45052
10049,167034
10049,108935
10049,26104
10049,11895
10049,43500
56249,213465
56249,1971
56249,61424
393989,4904
393989,39515
393989,4909
393989,28097
393989,14625
92249,26842
92249,228
92249,2844
92249,2905
92249,103221
49049,1544
49049,7377
49049,88
49049,11895
251129,60581
251129,9481
251129,3734
113249,105959
113249,50576
113249,113247
113249,46927
22829,76381
22829,46929
172409,1
82529,71208
82529,61298
82529,14677
79409,25887
79409,127039
79409,145013
79409,211171
79409,30927
79409,357904
93809,142961
93809,119788
93809,119778
93809,104761
164129,238885
164129,313357
6809,38997
6809,41631
6809,12148
6809,122534
6809,6836
224309,136724
224309,36156
224309,80354
224309,31617
51749,52419
51749,45515
51749,52851
51749,52387
174629,119609
85049,85058
85049,85062
85049,68913
85049,85054
169349,75464
169349,157907
169349,188006
169349,74595
169349,75455
135269,2837
135269,1971
135269,54479
135269,138
163231,323244
163231,163230
163231,109824
189931,28052
189931,175769
189931,128264
189931,189930
81751,20651
81751,301
81751,45476
151951,66751
151951,88
34171,1999
34171,1426
34171,10121
34171,93
23611,32854
23611,10944
23611,32819
23611,32839
72451,15034
72451,71355
9091,365
9091,47592
172591,32604
172591,110365
172591,208019
172591,130604
172591,112760
195031,38224
195031,158164
195031,54269
228751,220
228751,187084
228751,18370
228751,52502
228751,82567
175651,57916
175651,286983
175651,34178
351751,188110
351751,310816
351751,263136
35071,1
221431,176821
221431,50109
221431,355824
72091,72088
72091,111978
72091,72080
48091,4188
48091,138
48091,18079
73531,77620
73531,247819
73531,21363
146491,885
146491,20239
146491,66746
127351,124862
127351,122093
14611,174063
14611,59945
14611,31337
14611,59913
45211,42
45211,208416
45211,619
45211,14431
45211,565
124651,120444
124651,92455
124651,3439
124651,141179
124651,124655
29911,45783
29911,148643
27811,365
27811,7427
27811,26129
81211,45828
13411,169602
13411,25685
13411,23105
13411,13392
13411,3382
219031,11998
219031,518
225093,90482
225093,3798
225093,6759
155433,28000
155433,164771
155433,52925
155433,32045
155433,49579
155613,10
155613,14149
155613,308
187353,10647
187353,26377
187353,352
187353,93930
187353,127747
150933,15600
150933,385
208473,441409
208473,885
208473,25094
208473,677
208473,151158
103173,12366
103173,103177
103173,61139
103173,57415
103173,152990
112353,190609
112353,138
179553,245200
179553,365941
179553,150197
179553,325504
79653,172488
79653,286814
79653,306339
79653,101856
166413,3994
166413,144890
166413,3972
166413,50890
63513,282252
63513,59172
63513,71709
63513,59162
10833,101
10833,81237
10833,21164
10833,64459
76413,22930
76413,12928
76413,352
76413,40028
76413,4201
124833,308
124833,138
32133,27519
32133,15267
32133,4729
182673,31774
182673,31706
182673,16456
182673,62534
62193,119303
62193,35246
62193,21720
62193,35271
1113,101
1113,6566
1113,21164
112713,52476
112713,214803
112713,71505
129873,173408
129873,183393
129873,153736
129873,190319
96693,163601
128793,77308
128793,75108
128793,73360
128793,39738
82113,161243
82113,329536
82113,115766
82113,329542
9513,4201
9513,6495
9513,4026
9513,1728
61353,107482
61353,11844
61353,3708
61353,10772
314253,295677
314253,240879
314253,304758
314253,87765
150033,107481
150033,102731
150033,120641
21213,4492
21213,12057
21213,77407
21213,956
137733,37230
137733,138
120453,173610
120453,127811
120453,25425
120453,73076
120453,290246
120453,121444
10593,17260
10593,144412
10593,30793
10593,189179
129273,49592
129273,88923
129273,59
129273,66469
279933,101856
279933,97181
279933,206627
247293,4201
247293,550
7353,176376
7353,60798
57873,107895
57873,6959
68736,266667
68736,40225
68736,2869
68736,193464
29196,93503
139356,206850
139356,4498
353496,267717
353496,137499
353496,168073
7836,69362
7836,44609
320616,286316
320616,208498
320616,53265
91116,121989
91116,192028
91116,22851
192216,43677
192216,369300
192216,223885
82236,63123
82236,89250
82236,19148
82236,33472
82236,63386
211596,88
211596,138
211596,365
211596,26120
211596,24804
37536,322650
37536,376352
37536,92125
63636,40028
63636,9864
63636,138
38616,46923
38616,173308
38616,59377
35976,137138
35976,70420
35976,53060
35976,70852
8256,22034
8256,139121
8256,89772
195456,111396
195456,5071
25716,116848
25716,53961
25716,1988
12276,396
12276,9864
12276,206
12276,301
90096,115927
205416,40596
205416,83602
205416,677
255156,26753
255156,220947
255156,295677
73776,68913
73776,69980
73776,137914
61416,4899
61416,4909
61416,33472
61416,39515
238056,107712
238056,5561
240156,101704
240156,36226
240156,144981
240156,36224
240156,104108
1416,565
1416,555
1416,9960
1416,1882
34356,48687
34356,28000
34356,23364
201576,8963
201576,129414
6576,67133
6576,138
6576,13650
25776,308
25776,472
25776,5691
25776,45031
25776,139410
8976,63680
8976,138631
8976,65053
8976,85021
8976,8887
36700,53460
36700,4400
36700,29063
16060,35500
16060,110662
50500,31716
50500,31706
50500,88
50500,51045
73540,67736
73540,66892
73540,26753
43720,9731
43720,13740
43720,1190
43720,1315
44080,35193
169180,131153
169180,1793
169180,155140
169180,108045
169180,85345
97600,88119
97600,6081
97600,352
97600,1247
261280,677
261280,241049
261280,352
261280,231297
96820,56631
96820,163723
96820,39510
7900,8898
7900,121444
7900,9754
53620,31706
53620,31838
53620,26361
47020,60426
47020,46998
47020,121157
7540,13854
7540,31256
44800,3798
44800,352
44800,94810
2080,99744
2080,5
2080,138
40960,71049
40960,138
40960,70259
40960,9731
40960,62937
134980,138
134980,16862
414880,57276
414880,285448
414880,90894
414880,414881
56380,8887
56380,50065
56380,72050
56380,8709
56380,8928
189040,10017
189040,18920
189040,30070
189040,14856
33880,53250
33880,70339
33880,137124
33880,44187
8200,1105
8200,408
8200,1254
130780,77721
59380,7691
59380,44050
59380,24676
20440,97634
20440,97632
20440,20450
20440,20445
199900,4097
199900,134236
199900,138
199900,213563
148720,21961
148720,7423
148720,3708
148720,2799
65380,295195
65380,149380
65380,72088
87220,21720
87220,52476
87220,4877
87220,53473
116080,1793
116080,5982
116080,138
7360,14932
7360,139513
7360,5
7360,1971
7360,138
57220,174063
57220,14025
57220,14570
57220,8755
370060,242075
370060,88
3160,1405
3160,15822
3160,4449
3160,50
23034,365
23034,4290
73974,273029
73974,59337
29334,170093
29334,88
243294,75367
243294,120354
243294,253108
243294,124888
11994,44401
11994,2199
11994,147543
11994,45118
11994,51622
142854,138
142854,335526
142854,142986
56634,132042
56634,52125
56634,58627
361614,67097
361614,162325
361614,192073
291054,122123
291054,319869
291054,30799
43914,16427
43914,50796
185334,39261
185334,78968
185334,74195
185334,116785
185334,127208
185334,116681
281334,297329
281334,266125
286314,254472
286314,286323
110694,226398
110694,100660
110694,35548
110694,100379
396114,11880
396114,88
396114,145316
122574,1
24954,8186
24954,45621
201234,131784
201234,80582
201234,156715
201234,46479
107334,43909
107334,241930
107334,2889
107334,74723
157614,299224
157614,286814
157614,285937
77394,174544
77394,398
77394,11981
158334,7691
158334,64270
158334,33283
210474,677
210474,220
210474,2368
325914,325913
325914,384017
325914,343193
79074,8755
79074,6855
79074,243493
79074,56399
365874,110504
365874,330005
365874,1769
116574,285197
116574,88
116574,981
116574,116577
116574,1996
107274,977
107274,8303
107274,2141
107274,32045
182214,25415
182214,200413
182214,105216
182214,5676
181254,66860
181254,74433
181254,356974
36654,408
36654,8398
36654,11763
36654,1982
370074,55964
370074,16533
370074,322128
174954,167679
174954,222736
174954,102471
30003,68532
30003,2199
173523,1837
286323,276974
286323,220080
286323,122574
286323,154805
286323,242988
309723,225087
309723,417669
309723,318169
309723,243553
309723,171466
30603,55099
30603,22966
30603,79579
214803,4877
214803,26201
214803,59945
88923,52030
123603,52355
123603,14570
123603,34203
90603,31793
90603,4877
43203,3121
43203,20513
124323,2676
124323,2263
124323,41145
31443,110983
31443,56167
31443,110985
29763,17424
29763,4778
29763,17446
29763,38905
29763,76270
15963,645
15963,100089
15963,555
15963,59198
66723,20239
66723,93
66723,352
102123,377552
102123,299572
102123,312367
102123,308060
362403,34306
362403,30230
362403,362404
362403,31949
362403,34281
362403,7533
60490,20194
60490,46664
60490,74330
60490,61221
60490,42679
22930,76413
22930,88
22930,138
22930,1168
22930,25680
50890,86230
50890,70259
50890,107660
50890,6669
71530,14602
71530,59412
71530,24156
71530,89833
71530,33751
347650,364736
347650,168073
347650,236766
347650,239782
416170,88
416170,282174
416170,146288
58210,283078
58210,13841
58210,61906
217450,215361
217450,7918
217450,11895
88570,239272
88570,36558
88570,206284
17530,138
17530,365
43570,24150
43570,15542
43570,23291
43570,2025
367810,31949
367810,341992
367810,62215
367810,33651
95650,28798
95650,238542
95650,16584
95650,15885
44050,210059
44050,28082
44050,39510
44050,16783
241930,51757
241930,74723
241930,3243
7931,365
7931,138
7931,28587
7931,2199
19451,158406
19451,19464
19451,125137
19451,33409
19451,46286
164771,69830
164771,72867
164771,155433
82571,70852
82571,30707
82571,98791
156131,129201
156131,407
156131,10530
156131,352
20651,207126
20651,88
20651,138
170531,117745
170531,93
170531,1988
170531,88
242531,134077
242531,36371
242531,309408
139571,18311
139571,138
139571,105621
119651,108527
119651,41465
119651,110690
3131,1322
3131,6544
34691,117660
34691,28097
34691,81016
34691,43966
17411,77740
17411,67736
17411,68867
37691,30523
37691,33825
37691,372
19571,31949
19571,14677
19571,45431
19571,6971
19571,28097
102731,38711
102731,159142
102731,2889
102731,66350
102731,3830
42851,9786
160331,163596
160331,69690
160331,107509
160331,163184
160331,68303
106691,36931
106691,20640
106691,106713
106691,21798
6251,11866
6251,20566
6251,13321
24371,145203
24371,23034
24371,14399
65411,52828
65411,52387
65411,149546
65411,38711
65411,2889
59179,36425
59179,59159
59179,54105
59179,33835
59179,16452
247819,1
55099,4201
55099,13854
55099,138
128179,62619
128179,9785
128179,113659
146059,64828
146059,2918
146059,190700
336859,46180
336859,357973
336859,282118
278059,187883
278059,65331
165139,35500
165139,274158
165139,233501
165139,43303
81259,265709
81259,70852
81259,41894
22339,22328
22339,3666
22339,57697
22339,20014
71419,6167
71419,13058
71419,19540
235579,304467
235579,85873
235579,132535
182788,104905
182788,151927
268,101511
268,1995
268,518
268,249
192028,222644
192028,46923
192028,142067
22108,138
22108,677
253108,307939
253108,307946
253108,243294
508,1078
508,17424
508,17437
508,26753
97348,2199
97348,13321
97348,138
68308,75360
68308,78240
68308,68317
68308,68000
269788,82301
269788,325748
253708,133775
253708,253706
253708,85040
253708,189297
253708,354131
42868,138
39268,82529
39268,83174
39268,99053
39268,39241
47428,123798
47428,213595
151828,308
151828,94
35548,119619
35548,33854
52828,108967
52828,52419
38548,10717
38548,14503
36995,108760
36995,98008
36995,17221
221075,2880
221075,26682
221075,154456
221075,51742
221075,93
192995,129434
192995,2854
192995,107481
192995,249
192995,192998
72995,73016
72995,12366
72995,73012
72995,72999
159515,260847
159515,119299
159515,360133
159515,54200
75875,138
75875,5793
75875,76837
75875,62728
61715,1
24755,10061
24755,108327
24755,13244
24755,206555
24755,138
119675,145462
119675,74470
193715,352
193715,51212
193715,8005
193715,17950
193715,408
357396,329227
357396,199224
357396,489
357396,11152
357396,7698
156876,130856
156876,192970
156876,313776
83916,25272
83916,111547
83916,83911
83916,43128
36156,352
36156,148852
36156,138
36156,3979
40596,2163
40596,32287
40596,158296
7116,2163
7116,13255
7116,64427
7116,28646
110196,1995
110196,16604
155676,1328
155676,138
155676,299909
155676,815
39276,82552
39276,39192
39276,24156
39276,116359
31716,50475
31716,105418
31716,8747
31716,53473
87516,368498
87516,57112
87516,138
44316,55377
44316,45617
44316,63327
111396,195456
111396,22100
111396,327
111396,106005
38316,13073
38316,582
38316,38311
38316,12847
38316,6979
88356,24529
88356,88346
88356,141480
88356,88349
192996,188343
192996,138
192996,101343
192996,192998
192996,192995
206196,30799
206196,68286
206196,232666
2916,151474
2916,43742
2916,104322
57276,105232
57276,40307
57276,39515
57276,33472
33036,33245
33036,14367
33036,30353
33036,45621
33036,13643
33036,41511
39161,174063
39161,41894
39161,93428
39161,138050
39161,68362
171641,171661
171641,223405
171641,189783
171641,96648
8321,22893
8321,19550
105041,66394
105041,109668
105041,18272
140801,355420
140801,140765
140801,56631
140801,40307
68081,138552
68081,68863
68081,78242
68081,68083
68081,154750
83321,101512
83321,317152
83321,178249
83321,58522
83321,115163
83321,108793
39281,243493
39281,336775
39281,53902
39281,59972
8081,8094
8081,8109
8081,93503
8081,8045
8081,153606
8081,43408
8081,132399
46241,61168
46241,61171
46241,143355
46241,5792
68681,61221
68681,22735
68681,44651
51881,139141
51881,32643
51881,4201
51881,26120
114401,23194
114401,88
1601,582
1601,677
1601,2010
163601,212625
163601,186269
163601,69779
163601,66939
49481,85899
49481,58418
49481,32032
19481,42927
19481,6971
19481,172879
19481,153688
34841,385
34841,17122
34841,7605
34841,28448
139121,352
139121,4515
139121,75149
139121,523
120641,101715
120641,150033
120641,102731
189761,189763
189761,70800
189761,189762
189761,24363
131561,38249
131561,115487
131561,352
251201,34719
251201,160221
251201,306612
322241,95211
322241,277253
90281,2168
90281,15564
90281,3534
90281,7637
345521,345522
345521,307267
75281,34176
75281,281455
75281,38172
211361,85622
211361,8005
211361,3549
18761,1982
18761,760
18761,138
34965,57257
34965,57108
34965,52476
34965,8747
33045,17198
33045,4433
33045,323
51045,63882
51045,82507
51045,55150
261645,128855
261645,310
87765,74492
87765,74433
87765,314253
93165,51341
93165,69608
93165,92234
93165,10822
4605,518
4605,26129
4605,308
4605,468
284205,337642
284205,284203
284205,284204
69045,65360
69045,74419
364605,21521
364605,1988
364605,12281
191810,142424
191810,69031
191810,37719
8330,333
8330,22893
144890,29407
144890,10647
144890,100710
144890,194265
21050,28097
21050,237078
325610,151927
325610,62215
325610,155453
325610,39515
58730,98594
58730,971
58730,173534
58730,24946
50,1
69650,77481
69650,69484
69650,69188
184130,162294
184130,194590
184130,319566
184130,128277
2450,110284
2450,25387
2450,479
64610,45137
64610,468
64610,169514
64610,365
25130,19672
25130,69554
94490,138
94490,81915
20450,138
20450,18851
20450,352
20450,2676
119330,119331
119330,6347
119330,18591
119330,2662
40970,10822
40970,42900
40970,71049
203810,981
203810,84540
203810,207051
171410,381214
171410,121062
171410,230823
171410,63789
171410,74018
37490,14057
37490,63482
37490,14093
19250,59096
19250,4201
19250,23969
232259,148913
232259,301
232259,292694
232259,178669
210059,338663
210059,33337
210059,44050
108539,34622
108539,52355
108539,19571
2939,6014
2939,408
2939,885
2939,1907
2939,2940
2939,138356
59,138
59,23796
59,352
34379,143744
34379,34352
34379,357853
189179,42
189179,138
189179,1971
189179,3969
100379,38103
100379,7400
100379,352
100379,138
111299,111310
111299,44348
62699,119812
62699,125046
62699,53814
141059,1
141179,317
141179,806
141179,403
141179,124667
32819,29978
32819,23633
32819,352
32819,88
116099,297807
116099,311833
116099,285937
116099,179470
318899,318903
318899,368638
318899,12458
318899,305058
100019,1837
100019,465
100019,203723
100019,45491
128819,128830
128819,106993
128819,52355
128819,74139
13141,18206
204781,45267
204781,207808
204781,50662
144421,33981
144421,2740
144421,1971
144421,29176
391861,4904
391861,294667
391861,7533
39781,2671
39781,140359
39781,762
39781,161435
39781,61171
110701,186931
110701,56194
110701,260564
74341,12987
74341,12992
74341,29652
74341,1398
74341,9513
365941,146293
365941,311711
365941,157557
365941,249482
781,14181
781,150149
149821,31725
149821,30230
149821,331325
149821,26361
149821,30241
36421,59183
36421,256464
36421,59172
254461,254472
254461,254487
254461,220080
254461,122574
258661,12185
258661,343954
258661,65380
71341,68937
69181,67736
69181,73213
69181,138
171661,96648
171661,11895
52501,52502
157261,189255
157261,162017
157261,189256
76381,22829
76381,21124
76381,20213
150781,301
150781,79477
150781,53782
150781,109556
86948,130905
86948,143074
86948,86931
86948,13115
34268,62215
34268,222073
34268,28097
34268,190227
69788,68000
69788,43742
69788,77068
225908,249653
225908,309514
225908,312005
43028,4730
43028,246409
43028,42335
263228,1
370028,264675
370028,263575
370028,249653
284708,42
284708,155318
7268,41302
7268,6014
7268,138
7268,30021
7028,4005
7028,7766
7028,1322
7028,15720
147308,35442
147308,3858
147308,113672
15671,13067
15671,7862
15671,88
15671,19594
15671,619
55871,249
55871,42095
55871,87018
46991,370281
46991,177513
46991,307911
46991,46998
58631,140112
58631,74470
58631,182157
112871,11472
112871,28686
112871,29267
263951,82567
263951,249
111311,124284
111311,125538
111311,214690
145511,266748
145511,677
145511,67223
59231,33443
59231,85351
59231,334389
59231,9731
59231,13740
323711,12012
323711,88
323711,325245
23951,5733
23951,8398
38231,29163
38231,44408
201311,279633
201311,404588
201311,308699
201311,267715
63802,44457
63802,28097
63802,4201
111562,6855
111562,138
111562,145462
111562,5686
111562,11192
111562,88065
53842,200922
53842,53867
53842,125046
53842,53799
802,377
802,184015
802,3160
802,26427
802,173257
212842,316204
212842,171650
212842,316201
212842,219718
83602,8005
83602,54960
83602,22268
83602,36669
46282,33839
46282,30966
46282,50239
107482,122520
107482,3858
107482,74709
139884,46929
139884,22792
139884,294823
275484,130877
120444,101581
120444,3439
120444,124651
120444,113036
120444,3463
299124,27996
299124,3397
37404,677
37404,37397
37404,1426
37404,8578
7524,33839
7524,35210
7524,88
323964,97338
323964,81033
323964,323965
292644,90072
397884,236177
397884,205621
397884,187916
397884,191256
397884,230237
32844,112506
32844,10959
32844,23660
32844,32811
157884,113596
157884,188603
157884,88
157884,10234
295764,281334
295764,265623
295764,259228
295764,297108
97524,36660
97524,10647
97524,105084
97524,3549
97524,408
41604,301
41604,651
41604,19804
41604,2427
11364,9101
11364,11336
11364,9100
3804,30471
3804,782
3804,84
3804,39980
3804,1426
3804,15105
2244,13662
2244,920
74964,7262
74964,81553
74964,138
74964,88
140244,7673
140244,25272
140244,28964
278364,16466
278364,28455
278364,7569
264084,53018
264084,106283
264084,301
175888,106760
175888,138
175888,42
175888,10
35008,201281
35008,120291
35008,52476
35008,28097
80248,111680
80248,62215
80248,76079
74968,4435
74968,1858
74968,352
35488,71038
35488,30743
35488,7569
35488,95434
35488,35014
15568,204399
15568,61953
315688,3979
118048,110662
118048,115414
118048,34801
139048,64459
139048,1971
139048,15573
139048,10
70888,1
44128,28922
44128,182988
262888,137412
262888,13001
262888,220
262888,19396
322650,86380
322650,37536
322650,38249
55890,121980
55890,66778
55890,45169
55890,3425
230370,88
230370,135630
230370,31701
230370,358957
72090,318618
72090,69002
72090,85958
72090,231021
72090,83001
173610,120453
173610,50522
173610,10815
173610,78831
92850,7533
92850,96875
92850,21252
195810,396264
195810,259588
195810,195804
195810,345326
570,141512
570,18129
570,9180
570,85864
112050,265505
112050,122095
112050,89934
112050,180126
112050,173801
302370,352
302370,138
302370,50632
302370,365
16530,44457
16530,152011
16530,33707
16530,35325
16530,40788
146250,67773
22410,3549
22410,80753
22410,88
22410,308
22410,352
209490,518
209490,29616
209490,365
296370,294186
296370,281334
296370,241100
296370,295768
31050,99645
31050,26076
31050,31288
31050,138
31050,200291
31050,213501
333336,65811
333336,243553
333336,239782
333336,83362
201456,27483
201456,523
201456,9356
81576,192435
81576,85221
81576,164913
81576,114964
81576,42679
14856,65940
14856,18284
14856,14890
14856,55098
14856,111454
263136,88
263136,4712
263136,244483
263136,351751
138336,957
138336,857
138336,5016
138336,5604
138336,5639
151176,19597
151176,15440
151176,1322
47496,92584
47496,9208
47496,39029
47496,196139
52056,14441
52056,2141
52056,1971
69576,88
69576,468
69576,175102
816,88
816,352
62496,34368
62496,195927
62496,206
62496,969
62496,22989
62496,966
56496,46
56496,144398
56496,17246
13776,113792
13776,518
13776,365
13776,18107
176376,44507
176376,20790
9096,5918
9096,5390
9096,14822
9096,468
9096,4015
9096,518
24216,10
24216,58425
24216,206
58416,58433
58416,88188
58416,152780
58416,84540
58416,11620
89016,89003
364788,233324
364788,891
364788,292689
364788,49000
54948,138
54948,468
54948,2163
111708,95798
111708,15182
111708,123372
111708,11945
111708,8575
157188,157192
157188,157189
157188,26538
157188,73312
59028,211
59028,3353
59028,2042
59028,26456
289188,286288
289188,257077
289188,315801
75108,151268
75108,76253
75108,2462
30708,138
30708,31284
30708,31036
97188,97196
97188,180126
97188,122095
97188,101856
14748,22333
14748,88
14748,87552
14748,144526
275868,275273
275868,168073
57228,30865
57228,13946
57228,108956
17988,2957
17988,32289
17988,117147
17988,74451
52908,96982
52908,138
52908,49591
52908,365
212148,351574
212148,6971
212148,59172
121188,80516
121188,112413
121188,78549
121188,124445
12228,6231
12228,23855
10548,385
10548,7856
10548,33526
10548,5814
79668,16604
79668,173180
79668,44133
79668,9481
79668,89324
259068,226283
259068,138
259068,7569
217798,4059
217798,3393
217798,217803
217798,24775
284278,59945
284278,34797
284278,96948
284278,32972
45238,18425
45238,15217
45238,1992
45238,511
45238,2010
68518,40275
68518,19572
68518,36073
68518,7691
68518,35364
328198,149210
328198,95913
328198,226045
132718,59908
132718,315903
71038,30966
71038,33399
71038,277065
71038,107891
58678,71500
58678,1971
58678,5982
222598,70510
222598,68913
222598,167507
222598,15034
110998,51742
110998,26682
110998,26679
110998,51757
45118,137160
45118,171538
45118,2199
45118,188828
34798,157456
34798,157457
34798,157462
124559,28097
124559,19572
124559,39515
133559,40449
133559,220
190319,5224
190319,216561
190319,308
190319,2042
190319,173399
368639,29059
368639,30799
113159,113161
113159,26929
113159,115163
113159,193728
113159,26934
79919,16934
12119,1105
12119,60661
12119,7691
68399,128289
68399,28926
68399,82465
68399,46664
218279,123496
218279,293745
218279,72873
218279,1005
105959,29086
105959,48954
3239,42
3239,1871
3239,1337
3239,13346
3239,15394
6959,57873
6959,97729
6959,7669
6959,6939
156719,6148
156719,14805
156719,78461
156719,183835
68999,54200
68999,65360
68999,21363
68999,26753
10319,90259
10319,49229
10319,11571
10319,301
10319,9971
425999,249653
425999,243553
425999,26076
240239,150648
240239,7691
240239,677
240239,150649
39959,230526
39959,22849
39959,88
39959,140113
39959,5226
7679,7689
7679,9097
122879,3549
122879,6199
122879,352
122879,5088
72972,102595
72972,59172
72972,52579
72972,102628
74652,34797
74652,55967
74652,28097
76332,176244
76332,7888
16332,83871
16332,1398
16332,6608
16332,5056
16332,8169
16332,5052
276972,305588
276972,762
276972,254472
276972,220080
123372,111708
123372,352
123372,308
123372,1999
15372,85777
15372,58425
15372,981
66261,36105
66261,211
66261,484
66261,3983
31701,31808
31701,40556
31701,40546
97461,26753
97461,109648
97461,68913
296901,335408
296901,33751
296901,28097
105621,138
105621,301
105621,139571
6021,138
6021,10
6021,2671
84261,4201
84261,6078
84261,14977
19704,5712
19704,10
19704,6923
396264,165741
396264,259587
396264,195810
396264,45013
124824,53060
124824,70339
124824,8899
124824,35976
14664,16533
14664,55964
14664,34797
14664,113019
48024,28234
48024,308
48024,352
22824,28926
22824,16604
22824,11895
16584,56339
16584,18082
16584,95650
16584,6167
245064,244041
245064,301858
245064,34306
346584,372048
346584,3549
346584,43544
109704,175484
109704,99836
109704,79354
27624,12440
27624,86056
27624,12490
13704,159474
13704,112737
13704,45319
60504,48167
60504,113956
60504,61380
117147,38478
117147,981
117147,17988
74907,19419
74907,26057
74907,68000
74907,88
348267,35367
348267,10267
348267,56860
348267,58991
329787,205970
40347,40351
40347,14880
1231,13950
1231,13955
324991,42927
324991,130299
103231,305582
103231,341080
103231,200990
153871,10647
153871,8005
153871,352
330991,67736
330991,212625
330991,160487
56191,297513
56191,260564
56191,232365
56191,56194
56191,259239
76111,39374
76111,30707
76111,42930
76111,103153
76111,32098
84271,17358
84271,80068
84271,14192
84271,65866
66993,82117
66993,61696
66993,34316
66993,85937
128433,101189
128433,58713
128433,237532
128433,19572
52833,55890
52833,66328
52833,122520
52833,38679
52833,49664
39153,98778
39153,56067
39153,16533
279633,677
279633,230144
192273,59541
192273,372874
192273,294406
7953,3604
7953,317
7953,206
7953,323
7953,7961
7953,7898
4113,347
4113,7427
4113,3944
4113,8097
108760,11239
108760,100607
108760,1793
108760,26250
49000,42
49000,255072
222040,159853
222040,185480
222040,106951
75880,117112
75880,1005
75880,129414
75880,122392
85960,255156
85960,277427
85960,283546
85960,323741
85960,367425
297880,307360
297880,35046
297880,121157
58600,24676
58600,270638
58600,17986
58600,206010
147880,100924
147880,246953
147880,246153
145960,260302
145960,260300
88610,48142
88610,80464
88610,39716
366290,280063
366290,14648
366290,375450
366290,422873
5814,352
5814,12738
5814,5810
5814,15596
5814,33526
61734,71468
61734,83210
61734,21720
26934,23251
26934,96084
26934,289735
26934,101815
392214,138
162294,303056
162294,192085
162294,46527
162294,46923
162294,86122
38694,2869
38694,184817
38694,38670
38694,106973
81414,90180
81414,26120
154854,444158
154854,70560
154854,343991
125820,116417
125820,102122
125820,34797
117660,28097
117660,365
117660,15573
117660,88
121980,45143
121980,45155
121980,16313
11340,555
11340,28981
11340,14822
17100,6374
17100,65866
17100,44022
17100,133227
263820,32032
263820,977
263820,36436
131580,153443
131580,8603
131580,124763
131580,247537
103740,6268
103740,169234
103740,2854
103740,103745
331986,356319
331986,331971
331986,331975
36066,89078
36066,194006
36066,207478
53346,4899
53346,35325
53346,178614
53346,21050
53346,119199
253506,101858
253506,84500
253506,146252
59826,107269
59826,6167
59826,26661
89591,222815
89591,113069
89591,16449
89591,59565
45431,57481
45431,35119
45431,168987
86711,86689
86711,120606
86711,19990
86711,98668
86711,115350
86711,100008
34876,138
34876,119873
131836,9003
131836,56399
131836,116352
155836,10
155836,2696
155836,59
155836,2700
54796,1
118396,141974
118396,36304
118396,36300
178876,29165
178876,129835
178876,26381
178876,38235
33690,29267
33690,138
33690,178437
69690,92990
69690,160331
69690,87760
69690,66858
69690,74282
8250,94882
8250,715
8250,17053
8250,10864
106658,27872
106658,13636
106658,2274
106658,69031
106658,111996
106658,9208
158738,301
158738,14542
158738,151578
158738,677
52658,10
52658,33807
52658,52653
52658,211910
15458,24220
15458,88
15458,6374
15458,118892
57698,22261
57698,120853
57698,93
57698,103061
17378,11192
17378,177547
17378,15596
17378,8398
156098,3549
156098,408
156098,8398
156098,15859
67778,36558
67778,10
67778,124856
67778,274667
67778,67772
54818,107338
54818,26674
54818,38713
54818,49664
146259,146288
146259,201157
146259,251060
19299,97819
19299,156702
62979,104554
62979,138
218259,46590
218259,10647
195699,352
195699,39542
61539,44732
61539,29640
61539,143684
228819,232992
228819,34367
228819,32032
64423,54332
64423,58717
64423,64422
100903,350669
100903,165229
100903,21604
100903,96523
100903,12421
351223,69190
351223,312289
171943,249
171943,38208
171943,103634
65383,65980
65383,65367
65383,65373
65383,296634
110983,34797
110983,34181
110983,110690
40423,11880
40423,2173
40423,99828
40423,49547
28663,9152
28663,10
19543,10844
19543,15656
14503,24195
14503,371216
14503,195523
274183,84136
274183,84145
274183,191090
274183,231654
294823,22782
294823,85221
294823,3720
110985,31443
110985,31510
110985,16452
277065,42927
277065,260596
277065,71038
277065,50271
277065,7569
194265,6
194265,16753
194265,301
194265,9797
183705,48139
183705,48161
183705,29703
2025,333
2025,26129
2025,31462
2025,26279
41145,80952
41145,27840
41145,9251
86505,87790
86505,13237
86505,28647
86505,2367
384585,1
65385,65373
65385,65367
65385,84464
65385,65363
65385,298400
65385,65360
36105,211
36105,1896
36105,57225
36105,66261
36105,11139
72839,196858
72839,116785
6599,1168
6599,136657
6599,2295
38279,8622
38279,180923
241559,5232
241559,60512
373079,60798
373079,426225
373079,384100
373079,412223
373079,1793
229319,365577
229319,124509
229319,36371
15239,1337
15239,50173
15239,302
15239,9323
15239,381
133560,133559
133560,13437
133560,15261
133560,328906
137160,91771
137160,45134
137160,137161
218040,202016
218040,80475
218040,202015
21960,408
21960,352
21960,31362
309720,265613
309720,369562
309720,304007
144600,59172
144600,138
144600,150085
144600,88
251648,243294
251648,372158
251648,244312
28448,34630
28448,31504
28448,55727
34928,35029
34928,21012
34928,28097
1328,88
1328,1840
13088,19254
13088,73082
45488,301
45488,20662
45488,138
45488,1988
84608,22774
84608,38891
84608,3708
108368,518
108368,22328
108368,26129
186854,138
186854,110690
186854,35548
232214,149262
232214,247893
111254,1168
111254,408
36854,12928
36854,36905
36854,365
84134,84146
84134,84143
84134,84140
84134,84150
16934,1369
16934,23162
16934,9731
34694,147420
34694,69133
34694,63386
292694,191080
292694,59520
292694,269715
15504,138
15504,12013
284545,149210
284545,101856
260305,145960
260305,49567
260305,88
260305,468
30865,42
30865,2676
30865,30812
30865,45595
109825,42920
109825,268223
109825,57900
109825,168151
109825,45593
125665,120925
125665,254023
125665,318368
154465,113786
154465,51749
23665,23633
23665,60835
23665,88
405025,6166
405025,396399
51745,3830
51745,38711
51745,52387
51745,40225
30385,25680
30385,29616
30385,79523
65185,677
65185,2380
65185,13740
177513,253
177513,33735
177513,57175
177513,99034
190233,282122
190233,242209
190233,242213
2073,28820
2073,335
2073,6583
106713,131061
106713,138
106713,139093
106713,3158
72873,59945
72873,56766
36633,15547
36633,44838
106953,96780
106953,157853
106953,175902
106953,198396
137433,315915
137433,78626
137433,12243
137433,121031
13113,4201
13113,26120
133124,7358
133124,18018
19604,365
19604,43742
13604,13600
13604,5135
13604,106
13604,821
13604,352
222644,22820
222644,192028
222644,33807
28964,7673
28964,140244
28964,21386
95204,66860
95204,67736
95204,69693
188084,39510
188084,30230
188084,56631
188084,40297
188084,49172
268964,273959
268964,273962
268964,265332
72884,123938
72884,104703
72884,138
72884,72795
72884,98774
115130,5049
115130,6491
115130,82174
115130,14688
115130,1398
15290,19540
15290,17358
15290,10917
15290,223131
106010,1005
106010,106125
7370,14977
7370,12928
257930,32863
257930,142669
257930,10958
257930,32839
257930,16601
213772,53846
213772,109559
213772,227936
213772,103253
4012,2363
4012,41398
4012,4047
4012,21343
4012,12057
240892,160691
240892,26753
240892,107680
370492,411689
370492,253142
93292,39029
93292,39093
93292,166330
93292,93287
20332,20320
20332,1275
20332,106082
105052,6951
105052,16460
105052,32469
105052,30945
6892,3562
6892,629
6892,9526
6892,5782
6892,670
6892,6887
82972,34929
82972,39515
230332,253872
230332,126355
230332,274
321772,300295
321772,321773
321772,224310
298732,274575
298732,295495
298732,225087
298732,243553
298732,366467
228174,112214
206574,285937
206574,230575
178254,206
178254,847
178254,16293
3534,385
3534,3008
3534,31462
24894,28045
24894,16413
24894,240167
160494,21479
160494,69209
160494,8402
207534,94013
207534,88
207534,550
207534,12666
207534,46534
217146,3549
217146,352
217146,677
217146,320429
217146,10711
213066,100419
213066,211606
213066,163028
213066,7436
39786,176837
39786,120352
39786,176841
39786,176838
39786,121961
163146,65331
163146,133445
97626,1190
97626,100294
97626,69626
97626,96316
97626,227088
30675,111496
30675,30493
30675,36109
30675,15632
253395,232400
253395,51742
253395,3121
147315,2055
147315,3477
147315,21469
147315,1274
242595,36224
242595,48178
242595,138
242595,31585
115155,2676
115155,249
115155,26682
115155,42
279075,32977
279075,32996
279075,139967
264675,294727
264675,414684
280040,87675
280040,334807
280040,25094
83960,40788
83960,104554
83960,28088
69320,3319
69320,16268
69320,5950
177800,201157
177800,242072
177800,239272
177800,179507
191000,16456
191000,8806
191000,8603
203960,1533
203960,102199
203960,3068
203960,299146
203960,956
115160,117634
115160,274
115160,248
115160,1503
7400,6017
7400,5224
7400,518
7400,86009
53964,211
53964,492
53964,14721
53964,220
53964,13820
195804,352
195804,40275
195804,107188
101964,3830
101964,100924
101964,132198
101964,40225
101964,2921
101964,3863
124284,295729
124284,33443
124284,209013
4044,6172
4044,34352
105084,7911
105084,336535
23004,6776
23004,88375
47004,5
47004,1398
47004,139794
4772,88
4772,4094
4772,48687
225092,4358
225092,56888
225092,3798
225092,4390
127652,2117
127652,6
127652,52052
206132,36558
206132,146288
206132,95908
206132,95917
64292,275602
64292,165742
291092,227114
291092,222215
291092,211129
291092,3393
269733,59540
269733,269729
269733,60803
269733,280119
269733,59337
139173,136893
139173,19236
139173,18052
139173,10431
209013,218109
209013,33443
209013,265958
289893,356250
289893,260564
351574,32977
351574,36425
351574,139962
351574,32996
351574,59158
351574,212148
351574,72978
132694,51622
132694,956
132694,1564
132694,124520
96694,66860
96694,82996
96694,136162
96694,74391
96694,281475
115414,34801
115414,110662
115414,449
104134,35600
104134,53371
104134,34797
104134,114041
104134,253294
173257,762
173257,138
173257,1793
173257,1971
283177,215430
283177,352
9097,17875
9097,127693
9097,138
9097,18874
64783,292436
64783,398861
64783,258843
59743,352
59743,6544
59743,12057
59743,24400
59743,17771
16783,43934
16783,100974
16783,147897
16783,19148
349663,35134
12473,4753
12473,12324
12473,112056
210713,183567
210713,10753
210713,95648
67673,71141
67673,107859
67673,184189
67673,59945
275273,322387
275273,43544
275273,275868
157673,107310
157673,31802
157673,71141
157673,125569
2873,45164
7918,10679
7918,3549
7918,6078
7918,352
28798,95650
28798,39278
28798,52120
280078,7691
280078,256107
280078,88
111358,8065
111358,8097
111358,8077
111358,257186
176398,333929
176398,179507
176398,84500
176398,157346
173758,2880
173758,93
173758,51742
173758,11844
173758,54486
84958,40060
84958,1718
99598,153214
99598,6078
99598,16979
99598,17739
89518,48833
89518,138
89518,57225
101284,6512
101284,29199
3844,138
3844,762
3844,88
3844,365
203524,398756
203524,39510
203524,6971
203524,56648
203524,278810
94564,112875
94564,94545
94564,6971
94564,16452
400324,243553
400324,382915
400324,241623
40324,166096
40324,62215
19687,365
19687,88
19687,7691
19687,15596
150727,121610
150727,198531
150727,11571
150727,44719
150727,30927
101767,2819
101767,19904
101767,54817
101767,90213
101767,213245
101767,3840
240976,7592
240976,197069
240976,348521
240976,141394
7696,84918
7696,11353
7696,27536
7696,41705
137776,137794
137776,114642
137776,137791
137776,21794
137776,137792
7701,75149
7701,352
7701,11318
7701,14890
7701,14833
2901,2876
2901,138126
2901,102067
2901,100448
131061,677
131061,1988
131061,1982
3861,88
3861,316455
3861,45154
66278,39909
66278,88
32678,102090
32678,328443
32678,3938
29801,31504
29801,73276
29801,54778
187721,88432
187721,145407
187721,5
187721,88
242441,30493
242441,8747
280361,181236
280361,68866
280361,87855
223245,21876
223245,118657
223245,136721
223245,287388
223245,90189
60525,40307
60525,4904
60525,62215
60525,33472
108045,206627
108045,79394
108045,128292
59565,7569
59565,79693
59565,74534
63885,29745
63885,69439
63885,11827
63885,677
232365,46754
232365,321689
232365,262192
26445,45319
26445,29036
26445,24914
26445,109191
55727,59945
55727,88
55727,30846
206447,220190
206447,352
206447,3549
38447,136647
38447,40633
38447,96530
38447,162380
62927,14890
62927,18893
62927,6199
62927,111627
302447,4909
302447,19572
18292,2480
18292,13643
18292,138
18292,42533
44212,7427
44212,16598
44212,166582
44212,17507
47103,9864
47103,49564
75423,90295
75423,46530
75423,84887
75423,22784
75432,46180
75432,228591
75432,60440
75432,12507
224232,244239
224232,3393
140712,249
140712,103690
140712,3830
398952,54796
398952,31949
398952,188983
398952,60531
126792,33027
126792,220
126792,114047
41353,1988
41353,123141
41353,11331
41353,4720
125353,19685
125353,363324
125353,42064
125353,9731
96084,3014
96084,26934
96084,238
96084,26929
73524,2671
73524,301
73524,138
73524,67255
136893,10753
136893,3549
136893,37230
136893,408
166653,41893
166653,35553
166653,35570
166653,61325
254023,249575
254023,39515
254023,33472
361543,28535
361543,338537
361543,361544
92263,27349
92263,36408
310664,13915
310664,103236
310664,103231
310664,103244
310664,179191
308744,308743
308744,305174
308744,49676
308744,286288
98984,318618
98984,230889
98984,142038
338505,83210
338505,309377
288585,1
91785,15019
91785,84
91785,23108
91785,172227
255465,8468
255465,114016
255465,9481
255465,301
16906,53912
16906,311
16906,42045
143146,16985
143146,1247
143146,23320
143146,28783
143146,6295
35146,35325
35146,62215
35146,4877
328906,4134
328906,199923
328906,1373
328906,3549
328906,6
299146,55558
299146,160587
299146,203960
299146,2274
183466,37630
183466,49983
8753,49705
8753,39241
8753,6855
8753,138
8753,6317
12593,31391
12593,84185
12593,39666
12593,47229
12593,40415
93713,13321
93713,1999
93713,308
27473,75335
27473,352
27473,2512
127796,32123
127796,57050
127796,130950
127796,1793
110036,352
110036,38694
110036,249
292436,39417
292436,4201
2996,138
2996,1999
2996,10
2996,42
113892,65027
113892,28097
113892,28088
39492,18284
39492,40376
39492,11313
39492,1971
5412,2263
5412,16216
5412,196884
5412,47949
355332,355333
355332,111099
129252,10431
129252,1031
129252,11266
129252,47543
1572,41380
1572,479
23666,220850
23666,302948
23666,77446
210389,9672
210389,51177
210389,88
210389,16725
210389,4142
384149,46886
384149,186589
384149,41383
45269,39113
45269,31806
45269,87992
205591,88
205591,23633
205591,3549
44311,159163
44311,24569
44311,100544
44311,87419
159511,360133
159511,159515
159511,119299
175833,295633
175833,181144
175833,146135
175833,107333
175833,181794
68313,211409
68313,68304
68313,72473
69281,73053
69281,78690
69281,73485
69281,68945
69281,69201
307361,307360
307361,264464
307361,30230
26566,21995
26566,21662
38086,138
38086,73076
66886,68843
66886,26753
66886,68913
66886,66854
66886,26057
185446,8398
185446,138
185446,10647
185446,352
185446,88
272344,2880
272344,106283
272344,42
272344,120769
54428,5195
54428,2280
54428,550
54428,99422
54428,15202
54428,9251
150430,301
150430,51126
670,4290
670,629
124990,15345
124990,3239
124990,1343
248832,295767
248832,226734
248832,282435
248832,6166
255072,365
255072,1852
255072,88
22752,44143
22752,16604
22752,42679
22752,138
37167,57100
37167,33407
3567,78732
3567,3930
3567,22153
3567,3698
80848,135827
80848,63233
80848,61715
80848,33485
45808,8618
45808,479
16529,44457
16529,44442
16529,28097
65971,21363
65971,65972
65971,74384
128851,236031
128851,36558
97171,97151
97171,87133
97171,195591
97171,245889
97171,121184
97171,27862
87571,37330
87571,6
87571,163101
87571,22807
65976,65953
65976,5193
65976,69650
65976,1988
65976,185862
112056,27054
112056,12473
112056,3447
112056,248112
399576,45818
399576,136724
399576,138
399576,243553
399576,294727
170136,138
170136,49623
170136,172821
258948,1896
258948,2703
258948,311775
125028,8402
125028,46951
125028,10647
338148,52355
338148,295049
338148,330605
338148,40307
344388,69212
344388,90394
344388,87765
344388,367776
113517,30493
113517,138
113517,156627
113517,6971
83277,22602
83277,104852
83277,13265
83277,51243
10799,138
10799,112413
10799,24114
197047,1205
197047,42662
197047,99543
197047,32930
209052,119891
209052,293632
209052,34178
88572,36558
88572,285551
5052,1322
5052,5173
5052,88
8892,8607
8892,18442
8892,1005
8892,8887
46335,15440
46335,308
46335,5
46335,1426
61696,98594
61696,66993
61696,88
189376,326009
189376,349734
189376,338599
189376,307138
311807,21669
311807,12281
311807,161990
311807,66394
66047,127039
66047,11895
66047,32287
66047,5686
234527,22457
234527,167818
234527,88
100607,248179
100607,287042
100607,16313
100607,192506
100607,46505
113091,54461
113091,45495
113091,269505
113091,52858
268611,61206
268611,46698
268611,88
56451,35097
56451,56452
241733,241732
241733,68277
1253,2940
1253,6022
1253,98030
107333,66350
107333,3830
107333,2889
242213,242209
242213,288817
242213,183319
42533,1
159657,179616
159657,47421
159657,202902
182217,14156
182217,1426
182217,150018
182217,88
182217,3008
13737,105431
13737,116089
13737,10772
13737,60494
365577,230083
59821,92961
59821,34383
59821,90109
259501,78461
259501,27409
259501,1456
259501,103312
68941,108262
70866,1
310866,12185
310866,54229
310866,15034
248470,83362
248470,45818
248470,7937
248470,8021
44950,16619
44950,32800
44950,50312
44950,73813
45430,88
45430,1290
45430,38658
95830,994
95830,64298
95830,19572
95830,34797
163990,27672
163990,44769
163990,49840
163990,22774
87670,22966
87670,92234
13280,1322
13280,36739
13280,19204
13280,64599
7040,13643
7040,2940
7040,15138
162080,44143
162080,78423
162080,315903
162080,46587
221120,22869
221120,182228
221120,6166
221120,96355
221120,166185
74720,249
74720,52419
74720,121484
74720,2929
99680,5686
99680,18893
99680,11318
99680,2199
99680,18874
153443,288257
153443,41746
30566,105274
160185,18925
160185,283239
160185,37341
78111,78117
78111,34475
78111,58870
78111,38585
78111,43870
273959,268964
273959,290422
292679,979
292679,146293
292679,18925
106919,58339
106919,3393
106919,64038
106919,16623
106919,203910
386283,23964
386283,352
386283,360423
70923,46923
70923,5686
245168,32098
245168,66021
245168,268037
245168,31917
156848,50632
156848,156854
156848,156859
156848,8005
170288,3830
170288,186589
170288,96616
170288,38711
313333,150192
313333,332784
313333,263746
313333,288785
20053,32427
20053,17507
20053,8005
20053,24585
222613,127039
222613,106647
222613,33013
222613,677
139093,47357
139093,36934
139093,182249
139093,36937
108853,50504
108853,1003
108853,1275
1338,1519
1338,9797
1338,253
1338,2469
21978,26152
21978,11998
21978,7922
21978,47881
21978,169121
46938,68445
46938,16604
46938,22792
46938,63170
98778,39153
98778,31808
98778,83171
78140,19572
78140,54345
78140,34103
78140,65027
96397,761
96397,93
96397,8137
36877,110320
54637,195787
54637,218049
54637,32383
50797,56
50797,4262
50797,124186
50797,1322
23917,11881
22957,317
22957,49902
22957,26230
22957,71260
22957,111877
105997,60386
105997,19572
105997,40297
321042,92611
321042,198778
321042,254532
10010,91275
10010,204772
10010,209241
10010,79875
67610,28493
67610,74543
67610,7518
67610,70388
67610,113516
57050,25953
57050,6405
57050,127796
380574,349048
380574,343391
380574,160330
380574,181244
380574,68866
84894,98651
84894,59945
84894,42927
97374,97375
97374,138
218814,254321
218814,128292
218814,21876
218814,20798
218814,211154
388265,18388
388265,160221
388265,48178
388265,1298
2825,2829
2825,2808
2825,91525
201554,220
201554,64965
201554,1896
13874,5686
13874,103253
13874,99231
13874,85040
108917,93
108917,105947
108917,207808
108917,33036
108917,3549
276437,276444
276437,276445
276437,14109
135317,40493
135317,33601
135317,6951
136279,74544
136279,226283
136279,158406
136279,69537
102199,37726
102199,203960
102199,35720
142519,73845
142519,39224
142519,359309
73879,397
73879,88
124763,97958
124763,36423
124763,77970
124763,52469
124763,32994
47483,677
47483,88
47483,28651
38363,25426
38363,22346
38363,33313
38363,12282
38363,12205
261087,52419
261087,3253
261087,220860
261087,102731
181887,12253
181887,46193
48447,6014
48447,152216
48447,138
48447,39542
36935,628
36935,10
36935,138
222215,231169
222215,291092
222215,677
222215,222216
11984,352
11984,15325
11984,138
11984,15314
84464,152244
114224,81672
114224,762
114224,12710
21114,760
21114,82946
21114,24400
296634,12185
296634,335372
296634,65331
296634,86412
296634,66939
197754,267721
197754,95561
197754,319224
197754,230144
197754,168073
268794,229141
268794,129563
268794,23764
268794,138
959,64422
959,59841
40319,33472
40319,4909
40319,39515
