1,[2],1.58772425E-5
2,[3],2.9369567900000002E-5
3,[4],4.08347404975E-5
4,[5],5.0576864226187506E-5
5,[6],5.885443478384375E-5
6,[7],6.588716398696875E-5
7,[8],1.0360211554946874E-4
8,[9],1.0360211554946874E-4
9,[10],1.0360211554946874E-4
10,[11],1.0360211554946874E-4
11,[12],1.0360211554946874E-4
12,[13],1.0360211554946874E-4
13,[14],1.0360211554946874E-4
14,[15],1.0360211554946874E-4
15,[16],1.0360211554946874E-4
16,[17],1.0360211554946874E-4
17,[18],1.0360211554946874E-4
18,[19],1.0360211554946874E-4
19,[20],1.0360211554946874E-4
