(2174813,100)
(743590,100)
(726760,100)
(2792114,1100)
(4404464,100)
(4414328,100)
(214803,100)
(1510328,100)
(1548138,100)
(620280,300)
(456751,100)
(214795,300)
(677125,400)
(8770064,500)
(238294,100)
(2701051,11800)
(4629609,100)
(3113413,100)
(292474,300)
(16171,300)
(1849068,100)
(3231575,100)
(3061556,100)
(1691102,100)
(934976,100)
(3043934,400)
(1061877,100)
(496469,3600)
(4229630,100)
(482554,200)
(10357,100)
(4029254,100)
(946793,700)
(187237,100)
(3084777,100)
(644491,100)
(672139,200)
