10031	200
1005381	100
1007842	100
101002	100
1012634	700
1012642	100
101487	100
1015810	100
1017985	100
1019281	1600
1025943	100
102840	100
1029275	100
102932	100
102971	200
103130	200
10357	100
1040505	100
1041299	200
1042842	100
1048405	100
1051528	100
1052556	700
1056021	200
10569	300
1057166	200
106087	100
1061430	100
1061877	100
1063028	200
1064552	700
1068894	100
1069751	3600
107004	100
1070748	100
107183	400
107227	300
1073734	200
108173	300
1082606	300
108292	300
1087461	100
1090585	100
109121	200
1094433	200
1105091	400
1111937	100
1119807	3200
1126574	100
11319	100
1133263	100
1143467	200
1147462	100
1150509	100
115404	100
1158992	100
1159072	200
1159256	1700
1160752	200
1162017	200
116322	100
1164733	400
11679	200
1170990	300
1173419	100
1174288	100
1178819	100
1179192	100
1180380	100
1186609	100
11907	200
119070	100
1190834	1500
1196349	100
119720	200
1197344	100
1201387	100
120142	100
1203143	100
120326	100
120348	200
120371	100
1207569	100
1208880	100
1210681	200
1212200	800
1214261	100
1216355	100
1217054	100
1217532	100
1219016	100
1219124	200
1221311	200
1222070	200
122219	100
1223122	100
1224041	100
122644	100
1227586	100
1228809	100
1230545	100
1234888	100
1236944	2000
1238578	500
124654	100
125572	100
125666	100
1268113	100
1284044	100
12861	100
1286541	300
1287208	100
1287227	100
1288061	100
1288570	100
128889	100
1290744	100
1291010	100
1291056	100
1291187	100
1291717	100
1291813	100
1292101	100
1292239	300
1292481	100
1292533	200
1292694	100
1292707	200
1292793	100
1292871	100
1293130	100
1293337	100
1293677	100
1294063	900
1294644	100
1296203	100
1296330	100
1299197	200
1303910	100
1307971	100
1308835	200
1309238	4700
1311917	100
1312751	100
1313865	100
1314263	100
1314538	200
1314746	300
1314762	100
1315161	100
1315180	100
1315274	100
131553	100
1318668	100
1319256	100
13216	100
13235	1300
1323591	100
1328492	100
1330640	100
133393	200
1335628	100
134049	100
134101	200
1341979	200
134423	100
134619	100
134700	700
134750	400
1350996	100
1351937	100
1352172	100
1353682	200
1353758	100
136842	100
1368476	100
1368646	100
1371592	100
1374625	400
1376130	100
1380533	100
1381703	200
1383129	100
1383130	100
13837	3400
1384691	100
1386583	100
1389135	500
138948	200
1389905	200
1390771	200
1395	1100
140246	100
1403479	200
1414110	300
142014	200
1422899	100
1427735	100
1430411	100
1433640	100
1434136	300
1449026	100
1449064	100
144936	100
1449745	100
145329	200
1455742	100
1457234	100
1458314	200
1458764	100
1462828	100
146694	300
1471285	100
1471306	200
1484323	200
1484659	100
1485727	100
1486604	100
148836	400
1488936	100
149634	200
1498267	200
1498410	100
1498554	200
1498664	100
1499210	100
1499213	100
149934	100
1499694	100
1499965	100
1500971	100
1501337	100
1501405	100
1502089	100
1502311	100
1503590	100
150391	200
1504153	100
1504194	200
150450	100
1504607	100
150543	600
1505699	200
1505991	100
1506301	300
1506543	100
1506734	100
1506977	100
1509	100
1509374	100
1509906	100
1510327	200
1510328	100
1510371	100
1510688	100
1511113	100
1511212	100
1511779	100
151181	300
1512417	100
1512548	100
1513375	100
1513599	100
1513624	100
1514569	200
1514728	100
1514774	100
151483	100
1514987	100
1516339	200
1516596	100
1516657	100
1517049	200
151713	100
1517438	100
151943	200
152289	100
152615	100
152700	200
1532212	100
153392	100
1538178	100
1541385	500
1541616	100
1542105	100
1543192	100
1546904	100
1548084	100
1548138	100
1552962	100
1553097	100
1554145	100
155660	200
1556627	100
15575	100
1560367	100
1561897	100
1564224	100
1576879	100
1580928	100
1580966	100
1581096	100
1581182	100
1581209	100
1581210	100
1588745	100
1589502	100
1593071	100
16026	9100
1603349	100
1605372	1800
161110	100
161600	200
16166	100
16171	300
1619207	100
1627892	100
1629	100
1637837	100
1641975	100
1641996	100
1657182	100
1658693	1100
16633	100
1663602	100
16680	300
1673203	100
1675856	400
1685	400
1690400	100
1691102	100
1696115	300
1697152	100
1705026	100
1714673	300
1722553	100
1745818	400
1749095	100
17494	200
1755717	100
1755739	100
1756883	100
176153	100
1778284	500
1786909	100
17973	100
1801652	3400
181373	100
1818352	100
1823685	100
1839336	100
1842242	100
1844870	100
1845132	100
1845298	100
1846107	100
1846364	100
1846531	100
1846637	100
1846944	100
1846945	100
1846973	100
1847772	100
1848194	100
1848254	100
1848321	100
1849068	100
1849239	200
1849547	100
1850135	100
1850223	100
1850234	100
1850273	200
1850492	100
1850555	100
1850566	100
1850584	200
1851441	100
185167	100
1851765	100
1851944	100
1852228	100
1852439	100
1870605	100
187237	100
1873275	100
187865	100
1893191	100
189869	100
18991	200
1900142	100
1910089	300
1911755	200
19356	200
193599	100
194259	100
194513	200
1947852	100
194875	100
1951328	100
195136	300
195194	300
195272	300
1955466	100
1955748	100
1955885	100
1956569	100
195662	200
196011	200
196417	800
197180	400
197343	100
1977474	100
1983545	100
198364	200
19847	500
199725	100
200742	200
20123	400
203559	500
203742	200
203872	100
20576	100
2066460	1400
206752	100
2068740	100
2073549	300
2077471	100
20814	300
2084251	100
2085797	100
2090083	100
2091546	100
2095807	100
2101788	100
2109926	100
211033	100
2113296	100
2114188	200
2116053	100
21232	300
2131581	100
213449	600
2141250	100
2143423	100
214357	100
214795	300
214803	100
215014	100
2160038	100
2166	6900
216670	100
2168552	100
217143	100
217264	100
217285	100
2172864	400
2174813	100
2175302	100
217920	100
217943	500
217994	100
218014	200
218067	100
219420	100
220614	100
2206604	100
220734	100
2208815	100
2208960	100
221964	100
222108	100
222123	100
222503	100
2237761	1600
2238141	100
224055	100
22428	100
2249969	300
2257068	100
226248	100
2266130	100
2282124	100
228318	100
2285222	100
228875	100
22988	200
23004	100
2319708	100
232801	100
2330	1300
233404	200
234091	300
234135	200
23422	500
23456	700
234852	300
235301	100
235728	100
2376166	100
238294	100
238352	100
238701	100
238703	100
23906	200
239550	100
2396980	100
239700	400
240042	100
2421576	100
2421674	100
2422114	100
243273	100
243697	100
2437140	100
2437504	100
243792	100
2443982	500
2444354	100
245181	300
2452075	100
2458146	100
2463785	1400
2472427	100
2472458	100
2475933	100
249721	100
250081	100
25031	100
2513880	100
251590	100
251618	100
2516914	100
251732	100
253396	100
25398	100
2561100	100
257054	300
257499	100
257988	400
258426	100
258776	200
258858	100
259165	400
2595693	100
260160	100
2604676	100
2608102	100
2610043	100
261133	100
261428	100
2620367	100
262800	500
263244	100
263710	100
2648483	100
2648694	200
2655438	1700
265775	300
2660866	100
2661618	100
2662711	100
266315	400
266449	100
266495	500
2665015	600
266814	100
266910	100
2674885	100
268263	100
268276	100
2683341	400
268506	100
2689514	100
268961	100
269272	100
269416	200
269685	200
2700782	2700
2701051	11800
270122	100
270134	200
270547	200
2706041	200
2716173	100
2744673	1100
2765534	100
2771342	100
2787641	1400
2791623	100
2792114	1100
2799572	100
2802005	100
2808144	100
2811493	100
2811675	100
281682	100
284042	100
2860392	200
2863966	100
28655	200
286645	100
287094	200
2871537	100
2872117	100
2883662	100
2884669	100
2885852	100
289209	100
2905848	100
2907856	200
29135	300
292474	300
292496	200
29288	100
293136	300
293347	300
293435	300
293456	200
2936128	100
2936848	800
2944793	100
294874	100
2960775	100
2968868	100
299581	200
299669	100
3008697	100
302445	300
3032702	200
3032714	100
3033308	100
3043934	400
3046189	200
3060529	100
3061556	100
3061888	100
30672	100
3072230	300
3073932	100
3084777	100
3087536	100
3088081	100
3105250	100
3113413	100
3128042	100
3130624	100
3144547	100
31488	100
3154716	100
3169808	100
3192516	100
31960	200
3203711	100
3231575	100
32338	300
3235078	100
3245621	100
3252226	100
32543	100
3278183	100
3281139	100
3309416	200
3310165	300
33118	100
3332355	100
3333431	100
3335880	100
3341522	100
3347844	200
33487	100
3351817	100
3353281	100
3353362	100
3353419	100
3353441	100
3353659	100
3354095	100
3367915	100
3368890	100
3377118	100
3378509	100
3383446	200
3383948	100
3384139	100
3384214	100
3386222	100
3387624	100
3388933	100
3389081	100
3389133	100
3389224	100
3391746	600
3406082	100
3406566	100
3407669	2000
3407870	100
341010	400
3432840	100
34339	100
3472975	100
34752	500
3476583	400
3482953	200
3530	1700
3561660	800
3562530	100
3578255	100
3586354	100
3593587	200
3602854	100
3614892	100
364698	900
36621	700
368634	500
370424	700
375406	100
376409	100
377043	300
378052	100
383131	100
383381	200
386654	100
3869	300
388003	300
38904	100
38944	300
3895317	100
3895710	100
389790	1100
3898264	400
3910209	100
3910672	100
3911710	100
391535	500
395147	200
397638	100
397922	2900
399459	400
3995518	100
401013	100
4014317	200
402388	200
4024174	100
4026310	100
4029254	100
40365	100
404520	200
405976	100
406879	100
4074019	100
4075047	700
407687	100
4078123	400
408259	100
408681	500
409549	1800
41025	100
4106107	100
4106135	100
4106349	100
4106413	100
4106725	100
410715	100
410880	200
4117914	100
4133469	100
4140145	3500
4142886	300
414399	100
414628	100
414755	500
4148033	3700
414946	200
415182	100
415344	100
416179	100
4163984	200
4164428	100
4176848	23400
4179364	100
4191624	100
4192501	100
4192734	100
4193658	100
4193934	100
4194565	100
4195294	100
4196049	100
42025	100
420830	100
421211	100
421406	200
4214929	100
421694	100
4224019	600
4229630	100
4230977	100
4231126	100
4234603	200
42485	100
4258183	200
426569	100
427917	100
428804	100
429136	300
429177	400
42938	100
429542	200
429984	100
430788	300
4320522	100
432699	200
432973	100
4339	200
4368899	200
437425	100
43872	300
43900	800
4390813	100
439854	100
44005	500
44028	100
440390	200
44041	200
4404464	100
4404534	100
440456	100
4404560	1100
440663	100
4409762	100
4410798	100
4411557	100
4412083	100
4414328	100
442684	200
443354	200
443706	100
443753	100
443789	200
4440988	3600
444124	200
444425	100
444720	100
444775	300
4451504	100
4457490	400
447927	200
4525477	600
45325	100
453471	100
455936	100
456751	100
4571947	100
458496	100
4602	600
46108	300
4627238	500
4628190	100
4629609	100
4640104	100
4647020	5300
46725	300
4675299	100
467961	200
4682351	400
46849	1000
471234	100
47153	200
47208	100
4723009	600
47321	200
47357	100
474876	100
47587	400
476086	100
476910	400
47990	100
479917	200
480747	100
481668	600
48188	500
482336	100
482554	200
483102	100
4831086	200
48414	100
4852872	100
485813	200
4860294	100
486585	200
48693	700
48782	100
489029	700
490206	200
494388	100
4960747	100
4960793	100
496131	300
4963605	100
496469	3600
4971003	100
497323	100
498401	100
498408	100
4985175	100
4987638	1800
4989236	100
4989504	100
499422	300
499646	200
502098	500
5029277	100
5047298	100
505475	300
506603	100
507545	100
510634	100
512220	100
513290	300
5138	100
515037	500
515498	200
516236	600
517899	200
52113	100
52380	300
52407	300
53012	200
53073	100
5332287	100
5333062	200
5335363	100
5346684	100
5392163	200
539270	100
5398232	100
5398416	100
5400049	200
54056	100
54325	200
5446	200
545199	2600
5456403	100
5457171	100
5466866	100
5472106	100
547381	100
547666	100
5479366	100
547996	300
548098	100
548115	200
548149	300
548537	100
54891	200
549496	3100
549497	1200
550886	100
5514231	100
55159	300
55188	200
5521483	100
552233	300
552360	600
55281	200
55614	400
55617	200
557396	7000
5574361	100
55751	200
55786	200
558722	100
558801	300
55914	200
55991	200
56051	100
561614	100
56215	300
56326	100
565056	100
565110	2100
56583	100
565888	100
565906	100
56604	200
5660738	200
5662446	100
566264	100
566374	100
566395	100
5672924	100
568678	100
569329	100
573951	200
585211	100
585255	100
5889	100
589930	100
5913173	100
5931985	100
59353	100
593710	200
593759	200
593781	8300
594414	400
59448	100
594565	200
5949292	400
5952698	100
5959020	100
5971896	100
5981654	400
598519	200
598713	1100
599822	200
601247	100
604572	200
606161	200
60922	100
610632	100
612246	100
613488	100
614608	100
616232	100
61772	500
618718	200
618830	100
618875	300
619901	200
620280	300
620424	100
620608	100
620702	200
620809	300
621239	200
621426	100
621625	100
62180	100
623037	100
623398	500
627428	100
62746	100
628782	100
629111	100
629389	200
629883	200
629950	100
63050	200
633151	100
63345	100
638134	200
64088	100
644491	100
644912	300
645025	1900
645159	2400
64787	100
648181	100
649109	200
649675	200
65009	100
652004	100
652291	100
6524243	100
6529512	100
653110	100
653490	100
6535468	700
6535795	300
653961	100
6539954	400
654065	200
654227	200
654443	300
654547	200
655025	200
655223	200
655359	100
655414	100
6564520	100
660414	100
6617727	200
663015	100
667154	100
667528	100
67015	100
67069	100
672139	200
6735923	100
676342	200
676936	200
6769617	3800
677125	400
678014	100
680340	100
681977	100
6820752	300
684407	100
684430	300
68457	100
686298	800
68736	100
689692	100
6898308	100
68986	100
692448	100
692464	200
693514	100
694249	100
694609	100
694752	100
6964	200
696863	200
697252	300
699963	300
700052	100
7028216	200
70748	200
7103619	100
71182	100
713501	400
71429	16900
71561	300
718166	100
719357	100
720480	100
7214713	300
722645	100
72322	200
72375	100
72428	100
724601	100
7252280	300
72676	300
726760	100
726990	200
728240	100
731407	100
732145	300
732245	200
733018	200
733706	200
73883	100
7415109	300
743590	100
743819	100
7579	100
7626599	100
76402	300
76411	100
7677502	100
76990	800
7722	100
77279	100
773548	800
773792	200
774039	300
7743	4500
7754	200
781141	200
785706	100
787710	900
7900024	700
790622	2100
792951	100
795390	100
80552	300
80591	200
80594	100
808872	100
81360	200
8147275	100
81715	500
819018	100
8231067	100
83496	100
853955	100
854375	100
854747	600
85692	200
85977	200
863061	100
86738	100
867493	200
8692038	300
872350	100
875141	100
8763201	100
8764260	200
8764428	20300
8764436	8400
8764686	100
8764979	100
8765338	9500
8765444	1200
8765653	200
8765656	900
8766711	4500
8767459	300
8767758	100
8767942	800
8768049	100
8768876	200
8768921	300
8769263	100
8769324	100
8769401	400
8770064	500
8772679	100
877350	100
8774110	300
8774307	200
8775126	200
8776217	100
8776228	300
8776952	100
8777108	100
8777195	100
8777376	100
8777421	100
8778251	100
8778373	100
8780039	300
8780941	100
8781395	100
8781530	200
8781588	100
8781690	100
8783054	200
8784246	100
8784770	100
8785726	100
8786165	100
8786461	100
8787168	400
8787503	100
8787650	100
8787670	200
878883	100
8789048	200
8790640	100
8791735	100
8791789	300
8793441	100
8793588	100
8794126	100
8797897	100
8800408	100
8802427	100
8804375	300
8807329	100
8810190	100
8813168	100
8817772	100
8820288	200
8820430	100
8824570	100
8824720	100
8824893	100
8824923	100
8830222	100
8831181	100
8832228	200
8834677	100
8838211	200
8838278	100
8839199	100
884133	100
8841787	100
8852832	100
8854201	100
886882	700
8873390	200
88789	100
8879496	100
889135	1100
8917450	100
8918207	100
8926288	100
893607	200
895318	100
89872	100
899711	300
9053	200
91649	100
91710	100
917531	200
91808	200
91832	300
91910	100
92396	300
925299	100
934971	200
934976	100
93529	100
939561	300
939735	200
94289	300
946793	700
948355	200
948860	100
949562	100
949903	200
950313	100
950408	100
950514	400
950896	100
951493	100
951505	100
952931	100
952957	200
952965	100
953016	200
954565	300
956636	100
956763	100
95692	100
96028	1100
963133	100
97533	500
97580	200
97649	200
97716	200
97732	100
97816	100
979604	100
981927	100
98252	100
98259	100
983162	100
98407	1300
98426	200
984286	100
984594	100
985173	300
9857	200
985767	200
992417	100
