(4640104,100)
(5913173,100)
(8780039,300)
(54325,200)
(629950,100)
(286645,100)
(1292793,100)
(5392163,200)
(1296203,100)
(1292694,100)
(217920,100)
(1318668,100)
(6735923,100)
(60922,100)
(239700,400)
(660414,100)
(46108,300)
(76402,300)
(266449,100)
(299669,100)
(1223122,100)
(1500971,100)
(1511212,100)
(92396,300)
(73883,100)
(1511113,100)
(2608102,100)
(8764686,100)
(1911755,200)
(1513599,100)
(4164428,100)
(97580,200)
(421211,100)
(720480,100)
(1576879,100)
(245181,300)
(405976,100)
(1381703,200)
(2143423,100)
