(85692,200)
(1506543,100)
(54056,100)
(407687,100)
(1564224,100)
(1541616,100)
(1323591,100)
(743819,100)
(854375,100)
(124654,100)
(1296330,100)
(2791623,100)
(512220,100)
(65009,100)
(4014317,200)
(1224041,100)
(3128042,100)
(108292,300)
(3995518,100)
(2936848,800)
(1052556,700)
(1094433,200)
(151483,100)
(489029,700)
(2706041,200)
(620608,100)
(7252280,300)
(8852832,100)
(3333431,100)
(4192734,100)
(5949292,400)
(21232,300)
(5457171,100)
(878883,100)
(515498,200)
(80552,300)
(985767,200)
(5479366,100)
(4133469,100)
