(1386583,100)
(6524243,100)
(8824923,100)
(222123,100)
(106087,100)
(1449745,100)
(699963,300)
(4106135,100)
(214357,100)
(91910,100)
(7028216,200)
(8766711,4500)
(733018,200)
(3377118,100)
(268961,100)
(7722,100)
(88789,100)
(3341522,100)
(8767459,300)
(240042,100)
(4628190,100)
(2257068,100)
(548537,100)
(2073549,300)
(3389133,100)
(217264,100)
(585211,100)
(2175302,100)
(8793441,100)
(8775126,200)
(3593587,200)
(426569,100)
(1291056,100)
(1238578,500)
(1222070,200)
(216670,100)
(992417,100)
(7579,100)
(68736,100)
(388003,300)
(455936,100)
(397922,2900)
