112913,2420
112913,9731
112913,9552
87911,43895
87911,88
87911,138
9152,76472
9152,301
9152,205
9152,2077
263069,155425
263069,52066
263069,52877
263069,86085
263069,59841
31793,288088
31793,87992
31793,213059
31793,56798
4460,29564
4460,8639
4460,1882
56798,28097
56798,2480
56798,91679
12158,46590
12158,10917
3794,2559
3794,30360
3794,139442
3794,3798
312923,4526
312923,17729
312923,7932
312923,312924
312923,242810
312923,205259
13442,1190
114896,88533
114896,41894
43934,75737
43934,52476
43934,44457
43934,28088
98180,181398
98180,13854
98180,138
54422,13392
54422,48864
54422,1443
54422,17275
4427,9356
4427,36981
4427,51785
4427,3969
4427,523
66167,138
66167,18311
12875,43129
12875,111447
12875,17875
39959,230526
39959,22849
39959,88
39959,140113
11192,159520
11192,153820
11192,149832
11192,99263
956,30301
956,59096
956,43288
161381,1005
161381,27708
161381,34516
77336,2199
77336,39049
77336,9208
10985,126247
10985,49063
10985,9356
10985,1426
72572,38002
72572,9481
72572,22792
72572,39688
332615,70393
332615,3389
332615,523
332615,18816
33251,11659
33251,1907
33251,73312
33251,1988
33251,762
89168,138
89168,20200
89168,38002
89168,128601
76265,352
76265,138
76265,88
76265,36192
22517,2157
22517,297
22517,1511
22517,6
270278,138
270278,101856
270278,235635
270278,201157
77831,155929
77831,408
77831,8005
77831,95516
48287,4005
48287,13650
48287,3566
7961,335
7961,352
7961,301
7961,213
60680,133623
60680,9731
27872,9251
27872,138
27872,187862
64022,1840
64022,1322
64022,138
56951,31462
56951,86035
56951,518
27740,63712
27740,57451
27740,150922
27740,48059
208532,215545
208532,31617
208532,191104
208532,220534
208532,371319
8306,10753
8306,17507
8306,8005
8306,352
8306,408
124862,4201
124862,101856
36995,16996
36995,108760
36995,10534
36995,98008
36995,17221
73076,85351
73076,1767
73076,7445
29339,113981
29339,59873
29339,169899
29339,24874
73196,1205
73196,2671
73196,14932
73196,138
73196,38234
15380,5918
15380,70393
15380,58603
33707,14038
33707,57969
33707,37494
33707,19148
89999,4137
89999,16765
89999,26365
1469,42350
1469,91394
1469,2077
39695,36739
39695,93765
39695,2199
5909,16765
5909,80802
5909,6986
5909,36451
5909,1322
5909,5000
18425,40018
18425,45238
18425,32041
94094,138
94094,29407
94094,81608
219383,14871
219383,194801
219383,14852
8186,582
8186,417
8186,2295
8186,385
116957,71049
116957,5116
116957,7691
104426,92811
104426,36357
104426,7949
104426,257144
45662,5810
45662,19672
1454,1443
1454,8030
1454,1322
1454,10542
1454,1808
25727,180015
18893,6199
18893,330777
18893,4201
18893,26135
18893,146534
35606,19936
35606,77587
35606,70698
14171,3781
14171,14156
6872,10431
6872,86640
6872,125363
13142,4005
13142,51341
29282,98683
29282,43615
29282,29299
29282,29257
46799,365
46799,138
46799,5810
16676,385
16676,7409
16676,67178
16676,555
16676,96734
16772,1179
16772,1469
16772,138
1511,42
1511,4134
1511,46
1511,7452
1718,1692
1718,1728
1718,4011
1718,84958
1718,4018
58178,76000
58178,58055
58178,14602
58178,14662
58178,20909
36905,4201
36905,220983
36905,145316
36905,31462
12833,2077
12833,7691
12833,25246
12833,18272
190109,48069
190109,191654
190109,19956
78245,68000
78245,77068
78245,43742
180311,20873
180311,11945
180311,88
180311,3502
26498,63364
26498,59162
26498,8930
26498,72949
10619,138
10619,9621
10619,365
10619,352
147323,45319
147323,1426
147323,9356
147323,2042
28292,16604
28292,138
28292,42679
977,913
977,66970
977,85825
36371,2042
36371,46590
36371,3549
36371,677
36371,88
16013,97545
16013,89060
16013,301
16013,86952
356,13520
356,41511
227204,352
227204,10
85826,24978
85826,49518
85826,150228
69260,29039
69260,45319
69260,26233
146024,144578
146024,107486
146024,149210
1868,2295
1868,138
1868,1322
40595,29616
40595,17175
40595,4201
7886,518
7886,69
7886,29879
7886,12526
46748,8607
46748,22846
46748,22727
46748,46698
46748,9481
12116,8398
12116,17175
12116,20007
12116,365
51341,94094
51341,42900
51341,13740
350594,361187
350594,286538
16688,1078
16688,59201
16688,8514
629,8129
629,11303
629,8154
629,1305
629,670
57503,59412
57503,124565
57503,116634
57503,182028
15926,192171
15926,223047
15926,158296
15926,38328
15926,26129
84887,37317
84887,75423
84887,38002
15995,36739
15995,49567
15995,2163
127811,71901
127811,12629
127811,120453
31256,241719
31256,15632
31256,31271
31532,19904
31532,30743
31532,31261
31532,30493
23816,149974
23816,9356
23816,719
23816,45319
39524,28097
39524,83797
43472,994
43472,43587
43472,1633
118277,12440
118277,58055
118277,19148
118277,66624
155534,3498
155534,138
155534,276299
2396,88
2396,4728
2396,352
3008,211
3008,37019
15596,1982
15596,43143
15596,138
16817,16794
16817,15564
16817,138
16817,12440
58433,138
58433,151887
58433,204144
23123,132256
23123,1988
23123,105902
23123,20894
60911,9590
60911,153674
60911,147543
60911,6495
72428,125673
72428,26542
72428,72418
72428,43615
72428,72419
1334,29795
1334,2972
3809,3803
3809,58504
3809,229727
3809,14203
3809,26824
110438,153774
110438,1988
110438,677
110438,468
45065,1173
45065,352
45065,6868
45065,24037
416,555
416,98962
416,101
68027,78242
68027,68000
1232,16261
1232,16243
40493,33601
40493,135317
45392,95618
45392,89878
33458,34181
33458,34178
33458,40124
33458,107873
35681,16662
35681,24477
35681,76656
35681,49784
48695,138
48695,58396
48695,962
254306,331821
254306,78787
254306,262540
254306,57924
10262,16676
10262,90259
10262,179243
10262,150390
148211,69471
148211,53763
148211,53652
133676,362931
133676,180969
133676,151799
133676,416415
2360,19519
146384,2250
146384,19685
1871,33505
1871,1832
1871,619
1871,352
1871,1337
3566,38311
3566,365
3566,138
3566,1024
157376,86704
157376,157377
165806,352
165806,17175
165806,13768
65303,19148
65303,16520
65303,8765
5231,138
5231,74277
5231,365
5231,16598
46682,29163
46682,9481
46682,128537
66800,6338
66800,9731
66800,55554
66800,2527
30140,1988
30140,5284
30140,4156
192740,1999
192740,89708
192740,141988
192740,24850
8582,1190
8582,29505
19370,352
19370,138
19370,408
14633,14606
14633,63712
14633,75737
13712,26116
13712,8463
13712,41869
50063,86689
50063,124013
50063,117026
50063,8960
2444,9731
2444,23162
2444,83415
114041,66111
114041,56399
114041,34801
114041,16452
13955,88
13955,4262
13955,1322
13955,352
56093,6283
56093,138
56093,352
110402,101501
110402,247
110402,115135
110402,1793
3581,139468
3581,37761
3581,14305
3581,78732
109415,42640
109415,79203
109415,7628
109415,165197
109415,202
217916,3549
217916,677
217916,147780
12710,16598
12710,24301
12710,93949
19772,6855
19772,365
19772,1322
39905,13351
39905,2077
39905,582
39905,4603
220565,248862
220565,209368
314435,56399
314435,31585
70361,41380
70361,138
70361,125520
9212,92330
9212,16013
9212,99884
9212,7373
9212,1554
9929,29267
9929,352
9929,26530
9929,18575
4262,15596
4262,13955
4262,4201
4262,16137
221,26129
221,333
221,216691
221,15413
1391,21993
1391,41599
1391,48875
1391,48820
6830,1237
6830,6527
6830,1369
31748,26361
31748,1808
31748,1322
31748,24156
8747,19158
8747,16730
8747,73380
59873,160730
59873,199410
59873,56135
59873,56103
59873,160751
92438,12928
92438,50418
78968,252662
78968,65004
95648,126398
95648,133775
95648,12699
95648,352
6338,64943
6338,29407
8960,85021
8960,86640
8960,10812
8960,41894
17495,5810
17495,17507
17495,4201
23996,126763
23996,8446
23996,253
35345,16351
35345,21716
35345,40251
35345,124900
4592,6117
4592,3342
34181,72603
34181,16449
34181,34178
37685,3008
61535,11556
61535,138
61535,45296
61535,106215
61535,1971
78809,57106
67553,63528
67553,107873
60512,9864
60512,72163
60512,29259
110780,19347
110780,138
110780,88
24095,1322
24095,16604
39194,321852
39194,52957
39194,40556
80105,12837
80105,101912
80105,80110
80105,2676
80105,5397
209063,2042
209063,54885
2099,2778
2099,756
2099,6851
2099,523
485,2480
485,3969
485,47040
485,41869
72167,2480
72167,352
72167,3549
108197,74266
108197,18155
108197,191555
108197,139324
108197,31372
108197,144786
70238,352
70238,138
70238,41511
72680,4201
72680,13692
72680,7422
42419,85635
42419,178155
42419,161377
42419,51123
42419,80069
82643,39220
82643,6951
82643,6968
63926,70259
63926,64943
63926,138
63926,29407
15242,29375
15242,36725
15242,7373
15242,24141
15242,69939
66293,393133
66293,39909
66293,8806
35813,277665
35813,11211
35813,26120
97760,1369
97760,352
94874,1793
94874,13442
94874,97374
5117,164318
5117,76674
5117,58450
5117,36463
5117,9152
7592,6951
7592,88
7592,43742
16877,10
2216,29349
2216,29257
2216,138
2216,29299
2216,25705
2216,29267
90299,18033
90299,99425
90299,18040
7028,4005
7028,7766
7028,1322
92810,14367
92810,302474
93641,137013
93641,29065
93641,158664
93641,95900
4820,40050
4820,138
4820,994
4820,1036
20894,7961
20894,3969
20894,69113
97889,6855
97889,59077
97889,59739
97889,3883
97889,138
31052,9337
31052,511
31052,15138
11891,11895
11891,762
48761,4169
48761,152320
48761,138
48761,4290
59945,88
59945,31084
59945,31850
59945,31327
6014,1205
6014,301
6014,38234
6014,25293
6014,5793
22634,33472
22634,39515
14726,20591
14726,208004
14726,41278
59636,22576
59636,31327
59636,122174
59636,31780
59636,77549
67382,43742
67382,9704
67382,88
98897,2512
98897,69397
98897,200968
98897,10299
22796,46664
22796,20200
22796,42679
22796,20194
22796,128601
35909,207506
35909,27510
35909,16427
35909,176875
22631,44442
22631,62161
22631,78985
158951,138
158951,99813
158951,93934
158951,159850
158951,11192
64943,29407
64943,138
64943,22966
49460,177835
49460,48687
111113,140629
111113,111114
111113,52937
111113,88
274472,46
274472,3983
274472,4134
274472,138
10577,37290
10577,333
5918,1586
5918,2199
5918,13024
177266,10373
177266,67133
177266,40242
177266,138
177266,13854
251288,1
145604,38328
145604,19936
13052,4201
13052,4005
13052,78058
26753,15034
26753,231686
26753,330105
54200,109363
4718,645
4718,4201
4718,2306
4718,4022
1586,2778
1586,4201
1586,2199
21422,23117
327041,198074
327041,245200
327041,230582
327041,205993
9356,45319
9356,38451
9356,99329
115253,10753
115253,408
115253,3549
115253,36308
97709,36436
97709,4440
97709,1999
97709,977
6971,119844
6971,127415
6971,250027
6971,16466
6971,28494
30077,253
30077,64359
30077,25094
28409,10410
28409,1988
28409,4992
28409,582
13553,143868
13553,26120
13553,4201
13553,20007
103589,1469
103589,94013
103589,18893
103589,77709
11756,4290
11756,19904
11756,72731
16619,365
16619,8755
16619,88
16619,1005
22727,11790
22727,46698
22727,46721
22727,39697
22727,22738
23297,34616
23297,23369
23297,9731
152192,171538
152192,20873
152192,14404
152192,67881
80984,179962
80984,352
80984,408
80984,523
7898,9685
7898,65456
7898,18107
7898,408
7898,523
70613,308
70613,1426
70613,88
70613,352
52742,29163
75983,69910
75983,75987
75983,2996
75983,4761
102260,6798
102260,2671
102260,45277
9218,55804
9218,39049
9218,16135
9218,5437
31391,47229
31391,75915
31391,134479
31391,11211
5375,33949
5375,33954
5375,144998
7304,5810
7304,17507
7304,40447
6749,45818
6749,352
6749,10901
6749,19204
6749,164583
6527,138
6527,1322
6527,13650
6527,1337
24146,1190
24146,27315
24146,106615
24146,68051
5792,171781
5792,2250
5792,9731
109565,131321
109565,16947
109565,202696
109565,9180
41894,72033
41894,115350
41894,8960
41894,365
7973,34685
7973,762
7973,308
7973,1443
11549,60512
11549,9864
28097,278845
69626,77085
69626,93174
69626,42900
69626,40447
232655,122938
232655,198074
232655,179507
232655,97196
3938,17194
3938,109247
3938,10638
3938,76909
187754,55964
187754,34797
214739,24459
214739,468
214739,677
214739,3549
27128,216313
27128,10753
27128,11895
27128,3969
6851,2099
6851,13030
118220,34748
118220,1793
33929,28324
33929,79423
33929,14932
29954,12666
29954,138
941,59841
941,138
941,29462
162611,66201
162611,51822
162611,677
138,21545
9411,21984
9411,24861
9411,29267
216,5982
216,1988
645,14156
645,762
645,73050
645,2480
69,308
69,1850
69,5
10530,2580
10530,94142
185976,52505
185976,2676
185976,101451
30234,23515
30234,2010
30234,46
30234,41317
9003,305482
9003,168323
9003,128046
9648,555
9648,14912
9648,5390
9648,1315
9648,32950
9648,1024
274077,347232
274077,312107
274077,274073
274077,286538
12753,3549
12753,47197
12753,408
29112,9731
29112,85351
29112,40859
14367,523
14367,10606
14367,782
85287,9685
85287,17507
85287,81190
8568,481
8568,1999
8568,518
2250,39542
2250,5593
2250,28853
2250,47543
2250,9731
4137,443
4137,21694
4137,7969
8913,9020
8913,97085
8913,49694
8913,8828
7452,518
7452,70393
7452,108926
22452,352
22452,22457
22452,138
22452,2427
1155,677
1155,88
1155,101451
885,37761
885,78388
885,125221
23475,29267
23475,11472
23475,13255
175110,533
175110,138
175110,301
38328,26129
38328,7427
38328,365
2427,3434
2427,333
2427,23105
17079,28077
17079,71405
17079,202
456,30353
456,1337
17226,84
17226,1895
17226,17216
17226,445
50457,232753
50457,26279
50457,103253
50457,73050
29805,468
29805,26129
53958,54313
53958,32334
53958,8266
204558,8385
204558,677
204558,7825
21486,46590
21486,88
21486,19347
21486,352
312108,347232
312108,136724
312108,312107
312108,274073
30162,39421
30162,18107
30162,7691
42459,17526
46590,17507
46590,3979
28686,134435
28686,29267
247260,11564
247260,7422
247260,138
2280,110177
2280,121845
2280,69643
2280,365
37761,10927
37761,17175
10917,17507
10917,140057
10917,214579
10917,183228
9180,5565
9180,138
9180,74929
9180,81529
9180,164594
15579,59427
15579,23515
15579,66677
15579,66680
15462,677
15462,24759
15462,18575
2199,9526
2199,7903
2199,48890
2199,5120
2199,8338
50682,33219
50682,88733
50682,9405
3185,44514
3185,9929
3185,138
3185,44539
104945,1
59,138
59,1971
59,23796
59,352
134426,13740
134426,118401
134426,52015
10673,6167
10673,19540
109616,288204
109616,283972
109616,68000
109616,70549
58055,34797
58055,58178
58055,19572
58055,187754
58055,118277
5810,46805
5810,46827
5810,46799
5810,7304
5810,365
44564,39016
44564,88
44564,606
93959,138
4973,15418
4973,168654
4973,11472
41081,8329
41081,2360
41081,20689
1907,33251
1907,1036
1907,58450
1907,1840
440,3798
440,3927
440,138
32783,82074
32783,14996
32783,352
32783,14991
32783,34452
217718,136724
217718,67881
217718,352
34616,998
34616,2035
34616,316
34616,14
34616,23297
16520,65303
16520,14553
16520,22631
16520,60036
16520,85698
29792,31284
29792,41594
746,1322
746,14382
746,2947
746,472
25580,1322
25580,94333
25580,91721
90821,15115
90821,54903
90821,29984
103517,518
103517,26129
103517,468
103517,43742
107873,34181
107873,33601
107873,67553
84410,30130
84410,4297
84410,20551
43688,97085
43688,36224
43688,265390
43688,45638
157976,91103
157976,22727
157976,44126
157976,68596
157976,17
157976,73347
19148,44457
19148,33954
95618,89878
95618,177266
95618,45392
95618,5686
24491,8266
24491,111030
24491,74825
24491,138
24491,468
24491,511
36224,99300
36224,59427
36224,43671
16424,16427
2042,50896
2042,147323
2042,209063
2042,60626
2042,9731
96020,1982
96020,138
96020,34616
44474,32783
44474,119641
44474,13643
44474,6074
41594,31284
41594,15643
147491,74929
147491,9180
147491,155562
247964,45783
247964,38208
247964,9360
247964,249
3803,26718
3803,3809
3803,97662
3803,3794
23507,28077
23507,66680
23507,5
23507,8811
1808,19401
1808,42126
1808,1988
1808,31748
153764,2412
153764,619
153764,68875
153764,42382
153764,93885
125072,13241
125072,619
125072,125073
125072,2367
125072,11542
5669,147015
5669,36905
17639,1982
17639,777
17639,14801
17639,28409
20369,10901
20369,23968
20369,5733
19685,9731
19685,22602
19685,39774
19685,1443
19685,9621
12731,24301
12731,12710
12731,15380
12731,314619
12731,100708
12731,69260
8288,7858
8288,87366
8288,301
26549,957
26549,93
26549,11907
59858,26530
59858,2363
59858,13255
59858,11472
4925,4920
4925,1390
4925,27246
4925,9355
234155,297955
234155,275800
234155,424557
160751,13255
160751,56135
160751,56103
160751,59873
36422,43688
36422,83224
36422,36224
36422,290490
160730,59873
160730,199410
160730,46510
160730,56135
78242,68000
78242,69237
78242,88
78242,78239
500,14932
500,69
500,138
500,6317
87761,68000
87761,69237
87761,77068
87761,128770
251510,8898
251510,80516
251510,26076
40556,39194
40556,83224
197036,5792
197036,36371
197036,220
197036,3979
24413,1426
24413,97053
24413,16762
150197,299233
150197,179507
150197,171183
59276,89227
59276,59431
59276,112308
59276,92742
515,408
515,4201
515,352
5582,86842
5582,5593
5582,5676
25130,19672
25130,18893
25130,13643
25130,69554
9305,8005
9305,7373
9305,81001
9305,60106
9305,46647
416024,338834
4142,84819
4142,97465
4142,2077
4142,67133
1298,32341
1298,138
1298,13854
1298,35827
34748,138
48659,15380
48659,36981
48659,100708
48659,93141
32678,102090
32678,328443
32678,3938
6560,86035
6560,31462
6560,188642
6560,26129
6560,7427
27425,36468
27425,16817
27425,85336
199022,61535
199022,138
199022,128601
36308,115253
36308,408
36308,3549
97499,33145
97499,16772
97499,1971
97499,3471
97499,46049
54956,5224
54956,5
54956,55027
14750,89805
14750,138
14750,7427
13241,28631
13241,28686
13241,160730
13241,207700
13241,13255
30098,352
30098,34117
30098,1322
198074,206627
198074,277966
198074,327041
198074,282174
20873,180311
20873,518
20873,17639
25916,16420
25916,138
65456,523
65456,12261
65456,308
65456,4428
2780,9754
2780,39697
2780,79315
2780,72680
2780,122442
2780,121380
14852,219383
14852,21967
14852,24804
21710,21701
21710,13650
21710,5550
21710,4137
69113,20894
69113,1988
69113,12597
25406,191690
25406,762
25406,138
92084,30467
92084,172767
92084,71189
92084,92742
240875,288204
240875,69205
240875,167791
240875,68945
22466,308
22466,2590
22466,1426
21278,51123
21278,121714
21278,163135
30245,2480
30245,20683
30245,135422
806,253
806,2992
806,211
1310,2199
5708,1559
5708,84293
5708,19370
5708,11763
189152,220
189152,61766
189152,221
189152,211
189152,3011
28772,138
28772,50796
54425,5117
54425,206
54425,60753
25094,88
25094,2014
25094,30077
25094,22051
91139,518
242810,312923
242810,186012
242810,212004
242810,200656
242810,151491
41429,18575
56399,20941
56399,202191
56399,314435
52979,1
54992,11917
54992,4137
54992,14
54992,87911
54992,16427
2654,22083
2654,1988
2654,1275
2654,38316
2654,4137
2654,2644
8522,2676
8522,13643
8522,139371
14822,27288
14822,79300
14822,9731
14822,35928
25595,220
25595,89999
25595,129136
25595,14912
244328,112276
244328,299220
244328,153892
39902,1818
39902,6868
39902,73076
39902,1031
39902,20798
39902,80516
208097,6971
208097,78809
208097,232867
63116,2295
63116,13321
63116,523
63116,29805
161594,59945
161594,88
161594,31224
46805,5810
46805,16137
46805,24518
3962,10
3962,14
3962,9616
3962,147
135422,10606
135422,92389
135422,80984
623,7973
623,7965
623,1443
18272,4718
18272,12833
18272,4660
407,4201
407,26120
407,8398
70259,2199
70259,63926
274076,138
274076,136724
103712,3477
103712,3927
103712,47811
962,945
962,49582
962,981
962,11628
962,48695
5123,12928
5123,106570
5123,2412
5123,365
74,352
74,1882
74,555
74,3285
10901,165806
10901,19204
10901,13052
24800,50632
24800,352
331022,8898
331022,19078
331022,86230
10445,31408
10445,10446
10445,11235
80528,34761
80528,48142
80528,46923
80528,146384
16427,4137
16427,21766
16427,565
16427,35909
8546,1190
8546,7427
8546,56983
8546,5896
6167,18393
6167,130123
6167,51199
6167,208251
89813,13813
89813,13812
89813,89814
15185,138
15185,72167
15185,220831
29984,15121
29984,93
29984,8461
78008,196081
78008,47229
78008,677
78008,13660
78008,3549
8030,1454
8030,1031
8030,2031
8030,1158
1430,220
1430,93
1430,171361
1430,13643
542,7427
542,38328
542,1469
542,518
42446,17507
48473,762
48473,30333
48473,73076
48473,10
357104,350594
357104,286538
357104,327671
357104,2347
29462,18107
29462,941
29462,138
29462,11620
43835,20200
43835,61221
43835,43863
43835,20194
10655,3549
10655,7944
10655,1322
10655,1127
10655,17343
10655,7028
104852,2515
29879,134146
29879,23162
29879,29505
46640,28077
46640,36224
46640,64022
67133,2077
3116,26820
3116,1322
3116,352
8618,138
8618,25801
199223,251947
199223,199228
230675,310068
230675,265641
230675,265192
7064,112913
7064,1369
7064,7427
7064,102260
113981,148390
113981,33118
130172,352
130172,36637
130172,205357
130172,88
99425,18033
78854,134435
60188,206
60188,301
60188,956
60188,762
60188,29039
60473,70531
60473,70534
60473,54600
68945,68027
68945,69237
68945,54200
35222,8362
35222,909
3389,356
3389,332615
3389,119943
3389,23816
3389,110029
316361,151491
316361,677
45137,17175
45137,40595
45137,365
45137,88
49604,124836
49604,49602
49604,11613
133688,138
133688,29257
133688,1168
78239,68000
10679,8398
10679,1982
10679,17307
10679,20369
11945,2163
11945,81414
11945,4201
101,379
101,24114
101,555
32636,39417
32636,47229
7373,9305
7373,15242
7373,24141
2312,45595
2312,76265
2312,4201
109508,159520
109508,27796
109508,188603
109508,26250
28337,677
28337,5
77939,8303
77939,677
77939,1322
147506,224559
147506,59337
5423,77613
5423,629
5423,37793
264059,12425
264059,19904
264059,12311
56438,71602
56438,138
7895,10
7895,43587
7895,333
5744,4201
5744,112390
5744,138
5744,36637
5744,66201
47891,308
47891,408
47891,126590
47891,7641
294851,101156
294851,14584
294851,7533
3410,11111
3410,500
3410,28231
201281,111759
201281,52355
201281,52957
201281,52476
13223,27315
13223,92603
13223,147139
119318,116213
119318,93428
119318,116417
323879,30799
323879,95927
323879,68278
323879,89010
5348,1078
5348,43364
180320,109191
180320,301
180320,5136
180320,191104
2630,77
2630,253
2630,1754
44705,44656
44705,1988
44705,8385
44705,3549
44705,10726
271268,49063
271268,26
271268,23843
162530,138
162530,365
162530,2199
114938,1971
114938,138
2195,1228
2195,385
2195,2295
9437,22379
9437,81640
9437,51380
9437,30018
80249,56631
80249,28097
80249,82123
25523,25521
25523,4201
72431,52015
72431,29257
53171,10267
53171,42095
53171,70698
75848,66927
75848,16351
122123,157348
122123,88
122123,36558
207686,138
207686,192199
207686,309818
207686,175143
108890,1586
108890,138
108890,86853
70556,138
70556,68000
335288,60574
335288,56631
101375,74709
101375,82567
101375,249
27002,138
27002,3477
191690,18107
191690,25680
191690,138
52919,49591
52919,29462
52919,88
136130,153791
136130,12731
136130,183393
136130,141362
154304,1988
154304,26153
154304,88696
154304,26135
154304,7940
233858,42927
233858,7569
233858,242033
3905,1596
3905,308
238724,116617
238724,36558
5252,4201
5252,18165
5252,11763
5252,408
5252,24804
3659,14324
3659,25147
3659,550
3659,352
6089,68144
6089,111759
6089,51519
6089,128751
6089,347695
1292,76820
1292,207264
1292,75076
1292,5116
1292,89805
48656,12261
48656,77432
48656,352
48656,211
3374,10446
3374,408
3374,176553
3374,16713
49046,70698
49046,7377
3029,80948
3029,2199
3029,3021
130982,1343
130982,2670
130982,2989
130982,134
79835,271616
79835,1793
79835,19904
240584,30799
240584,36558
240584,330643
240584,106951
240584,149210
62927,14890
62927,18893
106178,50632
106178,8005
106178,40847
12062,91576
12062,12992
12062,1232
73637,88
73637,108607
73637,46698
73637,42287
10244,36981
10244,90259
99053,19148
99053,196117
99053,16533
99053,24028
74021,46698
74021,66751
235859,523
235859,220
235859,21833
235859,4435
172247,1
172070,13643
172070,2676
172070,19672
172070,10638
93902,18328
93902,88
93902,2595
93902,138
161,47281
161,44609
161,4450
320777,213382
320777,979
88664,47992
88664,50329
88664,171760
88664,77772
72467,677
72467,47040
63773,33651
63773,8765
63773,118309
63773,86380
88676,37457
88676,4201
88676,9704
88676,677
144554,33490
144554,91323
144554,45008
144554,350420
4424,70375
4424,25705
4424,70393
4424,58603
241226,56663
241226,176692
241226,88
241226,220534
20159,42679
20159,138
18365,26250
18365,327219
18365,149832
18365,3798
18365,134479
429617,21203
429617,2367
429617,2356
429617,169899
249653,370028
249653,225908
249653,318177
249653,265609
249653,318169
18011,677
18011,35877
18011,90467
18011,8129
52355,31681
52355,33651
52355,14075
21605,33309
21605,84368
21605,40627
21605,12344
65621,28455
65621,28531
65621,35559
31697,33182
31697,15045
31697,28234
31697,2844
8021,4259
3734,22807
3734,38627
3734,46698
3734,16604
47030,60757
47030,48896
47030,29805
47030,1971
132518,53867
132518,149050
132518,11895
132518,85128
132518,104761
421712,187199
421712,282174
421712,150192
421712,263746
38249,66238
38249,41536
38249,35071
236039,9423
236039,13351
236039,22821
88151,50080
88151,9590
88151,1982
88151,46527
10790,1168
10790,70645
10790,138
81461,32045
81461,977
81461,58369
25868,6069
83174,83224
83174,63528
83174,39241
83174,23519
83174,22966
83174,93428
159107,52217
159107,28097
159107,73810
159107,111683
101345,1882
101345,51742
101345,51757
6566,51369
6566,13209
6566,4973
6566,21128
6566,12057
75080,62868
75080,26129
75080,5116
75080,109931
138737,19572
138737,28097
138737,78507
138737,138
46469,117353
46469,18575
46469,26530
46469,68881
46469,2363
96530,75827
96530,253083
96530,320345
96530,12366
96530,324824
16916,16928
16916,12040
16916,628
29165,48142
29165,18107
29165,48157
103913,108926
103913,51341
103913,93183
82562,1988
82562,179243
82562,10262
82562,90259
179909,11898
179909,59541
179909,60798
179909,1793
179909,59516
20273,66525
20273,14977
20273,88
20273,155971
31592,103327
31592,31578
31592,31605
100817,161858
100817,103253
100817,26250
185540,16449
185540,6971
185540,28477
185540,119844
185540,28536
73160,290473
73160,6951
73160,6968
73160,37971
57176,69512
57176,320635
57176,266652
296618,75370
296618,234282
296618,107486
81266,26076
81266,33443
81266,1782
26669,9337
26669,1665
26669,13219
26669,58456
26669,90811
199049,57
199049,3517
199049,10850
199049,5193
204704,59162
204704,91059
6836,62782
6836,6798
6836,13029
6836,24644
62600,43753
62600,39902
117743,138
263714,325524
263714,208500
263714,291304
263714,299381
98651,125633
98651,58575
98651,84894
98651,99753
183839,90847
183839,151029
183839,45052
183839,140276
113792,107338
113792,103304
32918,1586
32918,5793
32918,24644
99581,22774
99581,68429
99581,93
99581,22784
99581,88637
99581,38589
16124,141189
16124,238007
16124,981
257870,122124
257870,97196
58775,4005
58775,252662
58775,8811
58775,25580
110924,59945
110924,145316
110924,365
14648,52476
14648,14057
14648,28097
14648,37494
3011,138
3011,15844
3011,113095
183305,27483
183305,14964
2981,352
2981,7610
2981,3399
2981,2976
2981,19529
18713,2141
18713,301
18713,1971
28700,23194
28700,29267
28700,39873
2357,1
2072,129701
2072,86810
2072,23764
2072,12366
33443,35210
33443,192199
33443,117443
51668,16243
51668,144717
51668,121035
51668,51918
51668,9342
30125,45
30125,29795
30125,18140
30125,1334
30125,298
97475,88
97475,46844
97475,12666
27536,39666
27536,21375
27536,21386
27536,43129
371852,36217
3377,27432
3377,317
3377,102567
8915,162193
8915,8960
8915,33732
8915,42603
2708,6157
2708,147
2708,10559
2708,9672
2708,33771
58571,2199
58571,16466
18026,18023
18026,93
18026,21
7922,21978
7922,169121
7922,21985
119891,34178
119891,64196
119891,119873
2039,12629
2039,69643
2039,48833
54161,232070
54161,63528
54161,13854
71450,204463
71450,3549
71450,352
71450,17920
111644,104606
44783,24804
44783,85594
44783,15806
44783,1211
13892,76795
13892,26942
13892,17094
13892,9731
132491,1315
132491,132501
132491,2295
132491,37882
29897,8755
29897,26498
29897,8883
29897,59162
124769,80516
124769,13525
124769,42127
242072,201157
242072,95905
242072,238732
21164,220
21164,1113
8459,55822
8459,14171
8459,30531
8459,18272
8459,40102
8459,26510
86975,66700
86975,39515
31904,66011
31904,197904
31904,36243
117470,63528
117470,59172
117470,138
250397,266193
250397,338625
250397,41266
6863,88
6863,88278
6863,1426
68285,138
68285,122457
68285,1971
68285,88
68285,36558
17771,29424
17771,352
17771,48875
13115,93959
13115,49591
13115,92234
13115,19204
13115,26129
13115,31462
70958,7569
70958,3998
70958,88
70958,7592
20990,71590
20990,95088
20990,159305
20990,39194
39365,31532
39365,32098
39365,138
215513,5205
215513,77212
215513,9184
31625,138
31625,365
31625,4729
31625,3477
185273,3549
185273,3303
185273,677
185273,352
12686,523
12686,1591
12686,36981
12686,8463
12686,70393
12686,48659
12686,70392
13808,144790
13808,37761
13808,365
88682,49134
88682,272886
88682,1168
161330,177835
161330,232992
161330,34367
198008,196371
198008,8385
198008,79139
198008,68958
198008,111644
96326,26890
96326,3549
96326,16022
96326,8385
96326,1971
172601,172593
172601,391173
172601,81380
172601,256111
1544,2263
1544,9208
1544,1554
1544,5437
84368,45790
84368,21605
73340,18223
73340,57176
73340,34987
73340,20973
68672,95871
68672,21
68672,74039
95039,192652
95039,109331
95039,263020
95039,65004
92603,26629
92603,66100
92603,13223
92603,3453
80825,53902
80825,116144
80825,62161
80825,37548
80825,237532
65789,4543
65789,4479
65789,4011
65789,108593
167801,167795
167801,73925
167801,69188
1655,49767
1655,3944
1655,7940
62498,95147
62498,276847
62498,10295
62498,228167
72980,232070
72980,72944
72980,72949
72980,59162
62180,71560
62180,95039
62180,99053
29525,41842
29525,14932
29525,138
29525,69
98168,84958
98168,602
98168,1398
137192,8398
137192,10647
137192,138
137192,6167
269,85702
269,10
269,26842
269,32755
144119,10726
144119,88
144119,677
236993,352
236993,9362
236993,206
236993,480
178703,35390
178703,14166
178703,86236
12542,15674
12542,6544
12542,1228
255983,49464
255983,1286
255983,3471
255983,48727
3629,88
3629,365
3629,228453
3629,3581
13859,1315
13859,1322
38225,38227
38225,119727
107660,169544
107660,202902
107660,309256
107660,41759
85460,45704
85460,24835
85460,66206
85460,161398
265193,248862
265193,272913
265193,3549
265193,31617
25211,16598
25211,84794
25211,78942
362330,34677
362330,3912
362330,2042
362330,217812
362330,90499
298169,352
298169,408
298169,3549
88547,88
88547,137013
88547,36558
88547,138
290,3021
290,6231
290,3434
290,1337
290,6283
78812,50329
78812,61984
236516,408
236516,26208
236516,19364
2456,1053
2456,9626
2456,1010
202310,78549
202310,1031
202310,214307
297329,281334
297329,241100
297329,294727
297329,239782
297329,274575
110054,135428
110054,88
143042,10647
143042,138
87521,19540
87521,64790
87521,20007
87521,138
114320,138
114320,352
114320,4835
39749,42
39749,6968
39749,251434
39749,88
182354,408
182354,37761
182354,88
31151,133623
31151,2527
14057,33472
14057,92325
138206,1995
138206,50982
138206,301
138206,1982
26666,91577
26666,29462
26666,977
26666,151887
26666,58386
160376,201157
160376,146250
160376,229210
123584,582
123584,7888
145508,151491
145508,216741
145508,248862
8600,89407
8600,1391
8600,57
8600,93
197084,209368
197084,677
197084,185446
197084,352
3098,12597
3098,3634
3098,3969
3098,3088
3098,3332
249656,289767
249656,263571
249656,265613
249656,251233
185219,35977
185219,39562
185219,13854
181775,261911
181775,95908
181775,281387
181775,95913
95795,59377
28586,3211
28586,29270
28586,52365
44825,352
44825,8005
44825,3549
22193,555
228044,245805
228044,68486
228044,173308
228044,170953
40028,352
40028,47794
40028,2042
40028,67474
26381,199064
26381,70936
26381,48142
26381,6014
39542,2250
39542,99733
49466,48687
49466,32045
49466,977
16640,71441
16640,138
16640,365
16640,76656
16640,3477
85937,54280
85937,977
85937,32045
59516,203667
59516,59526
59516,59541
3830,52419
3830,100924
3830,107333
3830,2889
3830,247
3830,100448
3797,123956
3797,6759
3797,59204
3797,3798
3797,1533
47249,100422
47249,136916
47249,7782
47249,143648
47249,239067
47249,126398
84698,31545
84698,206
84698,10
84698,142
84698,31549
84698,51811
242075,270278
242075,201157
242075,362508
242075,370060
18995,138
18995,365
18995,18107
18995,88
204893,138
204893,5686
204893,6855
65144,32501
65144,56014
18629,179434
18629,138
18629,18311
13484,138
13484,3285
69830,138
111314,1
26456,69113
26456,115139
101384,101388
101384,308452
101384,274
101384,51742
137651,138
137651,87419
137651,33954
137651,762
61202,53406
61202,20200
61202,43835
15674,92686
15674,2014
15674,13520
15674,1168
15674,25452
81767,62119
81767,19110
251834,36660
251834,52509
251834,363957
251834,138
56,13643
56,4824
50549,44501
50549,138563
50549,20668
50549,41424
50549,69806
49547,20273
49547,365
194837,138
194837,18284
194837,74915
194837,151803
35810,21136
35810,408
35810,48820
35810,86198
121427,23428
121427,408
121427,11224
127292,102403
127292,16533
127292,306536
33182,35193
33182,11603
53675,79473
53675,142814
1331,1
259274,113806
26282,234994
26282,6014
26282,5918
26282,15980
26282,6796
14213,408
14213,677
14213,352
14213,3549
10247,87606
10247,99457
10247,20807
286706,31532
286706,77512
286706,138
286706,36243
286706,31917
299192,378977
299192,116213
299192,28097
299192,278845
21833,523
21833,879
21833,4435
99560,1287
99560,99561
146321,3549
146321,408
59267,92742
59267,198801
59267,230290
59267,97085
66974,352
66974,8005
66974,39748
66974,408
201308,385
201308,67346
201308,2595
14351,28651
14351,1247
14351,10519
14351,2236
14351,69298
6887,46923
6887,6085
6887,7427
100148,60103
100148,167440
100148,4183
100148,8005
100148,408
8165,26120
8165,11945
8165,19242
8165,32427
232070,72949
232070,63541
232070,54161
232070,63465
232070,189842
232070,53239
11087,138
11087,1322
11087,760
11087,2199
11087,4450
78869,163615
78869,70375
58016,101188
58016,58055
58016,93428
217784,88
217784,96734
217784,50129
217784,125609
65498,6317
65498,100710
65498,209232
32972,88
101330,224318
101330,49673
101330,82567
101330,677
101330,26679
15398,1369
15398,15408
15398,15413
15398,15418
71933,885
71933,141679
71933,71927
71933,352
71933,3549
83990,13346
83990,60924
2612,2940
2612,352
2612,15115
2612,22333
2612,3008
208739,7698
208739,252749
54464,90232
54464,76143
54464,135121
54464,10331
39716,46923
39716,48142
39716,29163
39716,93765
100721,1988
100721,4018
100721,88
28241,352
28241,7850
31808,95088
31808,39241
171911,677
171911,120517
171911,352
171911,11192
145013,262888
145013,133676
145013,6042
145013,171923
168110,215545
168110,215549
168110,65779
168110,102090
168110,1426
15509,15535
15509,133719
15509,78271
15509,116185
15509,12007
147482,3510
147482,126013
147482,3353
202442,34306
202442,6971
202442,16452
202442,39524
242174,137469
242174,101430
244682,19159
244682,14584
244682,66496
244682,30241
244682,19956
146411,30927
146411,71094
146411,49215
18284,12928
18284,11581
18284,138
126719,93141
126719,10299
126719,236143
126719,24301
34220,65549
34220,69761
34220,34797
101255,306536
101255,238112
101255,269788
149225,96042
149225,40796
149225,3972
3269,365
3269,27796
3269,138
74195,55964
74195,116785
74195,95090
312674,241979
312674,177569
312674,215611
15755,152320
15755,48761
15755,1426
15755,352
15755,677
42920,69537
42920,109879
42920,109829
42920,31656
42920,109806
14612,35349
14612,62161
14612,152011
11132,25395
11132,2077
11132,301
44186,117696
44186,41953
44186,62959
44186,138
44186,240976
44186,189796
14729,8417
14729,3199
14729,22532
79430,138
79430,212273
79430,166128
79430,79473
79430,365
71243,68932
71243,329510
70400,55291
169862,138
169862,19904
30869,109806
30869,16466
30869,33394
4433,523
4433,533
4433,181750
4433,13024
162107,109191
162107,138
162107,70072
162107,2676
29876,32383
29876,20124
29876,24378
29876,48687
321386,106581
321386,6343
76079,40307
76079,4904
76079,40297
205820,346756
205820,206627
71015,138
71015,1971
71015,69547
71015,16466
71015,35461
10049,26104
10049,11895
10049,43500
14075,21595
14075,35325
17756,138
17756,35681
73979,161952
73979,59336
73979,280344
67955,8398
67955,21967
308858,206627
308858,319881
308858,299141
104519,34474
104519,54476
104519,1275
104519,104671
38711,2921
38711,66341
38711,149546
1328,756
1328,1426
1328,153
1328,88
1328,1840
227780,138
227780,301
227780,352
227780,187862
204308,20200
204308,128601
204308,20256
96371,93
96371,2371
96371,2367
16196,138
16196,37753
16196,55558
7673,2940
7673,93
7673,7683
125549,26400
125549,26657
263678,264264
263678,124869
263678,266857
263678,236544
263678,129168
5999,1205
5999,91263
34352,42561
34352,4408
34352,160595
34352,22883
34352,34331
29144,89805
29144,224170
29144,47592
29144,1190
156848,50632
156848,156854
156848,156859
156848,8005
23825,29433
23825,56
23825,46314
11927,94810
11927,26250
11927,45621
63386,68372
63386,68362
63386,67895
66719,1
203378,6951
203378,16449
203378,46291
15119,4201
15119,29984
15119,408
117599,49550
117599,2199
117599,58338
117599,27556
117599,26250
117599,45818
201497,3158
201497,201498
201497,30934
1373,16713
1373,42410
1373,3549
92909,21202
92909,73360
92909,33231
92909,180385
92909,253483
92909,8898
17924,11763
17924,17920
296639,408
296639,677
296639,56537
296639,3549
296639,40842
36302,10298
36302,36276
36302,2166
36302,5189
36302,23018
43250,43248
43250,1398
43250,59523
52922,977
52922,95184
52922,54280
52922,63138
52922,52905
149435,150659
149435,88
149435,48481
149435,138
40598,94612
40598,24037
40598,94613
40598,94611
40598,3397
149483,189714
149483,39406
149483,226398
2633,1686
2633,1437
2633,6381
62534,31753
62534,31774
62534,62535
62534,105126
4376,80751
4376,5116
38627,46587
38627,43863
38627,44138
34844,11895
34844,7569
34844,5686
34844,138
7937,8005
7937,408
39404,91756
39404,35527
39404,1398
39404,1988
39404,39396
52466,40315
52466,57121
183380,48793
183380,70287
183380,9572
183380,762
89138,144115
89138,26152
89138,10673
364979,208216
364979,364978
554,22966
554,8618
554,1036
74309,44133
74309,12949
74309,16604
15170,6502
15170,2654
15170,93
15170,15204
15170,1242
17363,1999
17363,138
17363,206
29780,4479
29780,3566
29780,385
78278,11998
78278,218280
78278,8398
78278,10647
35474,7592
35474,6968
35474,6971
35474,34178
35474,34181
35474,6951
100202,52788
100202,538
100202,169567
100202,26510
128633,162013
128633,6014
128633,1205
136778,3549
136778,17175
136778,10753
84491,17358
84491,8398
84491,83435
93656,352
93656,2559
93656,77903
93656,11352
115928,180385
115928,1031
136340,30859
136340,19446
136340,313226
134381,193404
134381,64793
174023,226977
174023,15573
174023,42419
174023,127747
18215,36304
18215,10039
18215,30162
18215,8385
347,2480
347,307
347,8586
347,27952
63482,14093
63482,56680
52541,8988
52541,86139
52541,66601
53018,1
63686,4343
63686,1971
63686,8563
111299,111310
111299,44348
111299,33854
111299,35553
111299,108312
122552,16423
122552,48890
122552,1995
122552,101044
84293,156571
84293,11763
220826,220827
220826,324
220826,376
220826,451
193097,2077
193097,138
193097,67133
193097,184088
137645,24766
137645,994
137645,42
137645,42392
142580,137223
142580,41233
142580,282492
142580,138
142580,11895
80762,20095
80762,12440
80762,19904
9833,138
9833,365
9833,70174
7556,74465
7556,33912
7556,39171
7556,30984
7556,171037
7556,38819
39887,59739
39887,103549
39887,365
39887,106570
61157,25006
61157,61160
61157,49464
61157,941
36551,138
36551,1840
36551,88
225908,249653
225908,312005
93050,6813
93050,79347
93050,163309
93050,125970
13073,25705
13073,1369
68585,66751
68585,113238
68585,22851
68585,170938
68585,163092
68585,46923
103241,105589
103241,85040
103241,104102
166991,56910
166991,138
166991,9731
166991,28045
100448,3830
100448,247
100448,6268
100448,2889
178844,13854
178844,24804
178844,3477
109211,12843
109211,22236
109211,144575
109211,4323
109211,529
12522,17798
12522,51921
12522,385
1062,365
1062,2671
1062,88
1062,301
130812,211614
130812,352
130812,15844
130812,762
130812,37230
38772,88
38772,7691
31092,55590
31092,48533
31092,111263
31092,76332
38172,32501
38172,202728
38172,38213
103122,138
103122,103121
103122,64022
13062,59096
13062,41265
13062,66556
13062,4201
74652,34797
74652,30230
74652,55967
74652,28097
254472,150412
254472,282091
251802,56329
251802,18107
175812,96746
87552,164413
87552,3934
87552,22306
87552,14748
21072,39194
21072,102122
21072,34797
21072,72774
12462,335778
12462,104340
12462,12490
12462,40669
112602,2179
112602,4259
112602,213985
136692,160285
136692,64064
136692,821
136692,8494
136692,817
26682,252
26682,285
26682,113226
26682,68710
116022,198070
116022,255273
116022,223962
116022,36558
135792,110662
135792,71709
135792,226190
325362,34181
325362,199442
325362,16466
45972,57648
45972,19204
45972,32287
45972,98310
178962,243880
178962,275835
178962,3477
153852,2179
153852,10369
153852,22016
294402,138
294402,59541
294402,73979
294402,280344
35142,44020
35142,30230
52512,68713
52512,68729
104712,36224
104712,61652
24462,42
24462,9481
24462,301
24462,138
223962,146282
223962,144262
223962,198070
223962,264000
223962,301
18792,82077
18792,51530
18792,485
18792,352
3402,5
3402,1398
3402,3226
3402,29
3402,352
39372,4904
39372,95216
39372,39365
39372,86684
137412,141557
137412,150430
137412,138
137412,262888
2382,1398
2382,6495
2382,10690
2382,22682
55182,53328
55182,154427
372,1068
372,1315
372,1158
372,1982
69012,64423
19242,16911
19242,555
19242,88
19242,408
65112,271533
65112,85026
98442,3549
98442,8005
48582,645
48582,2185
48582,702
48582,2039
48582,885
18942,30157
18942,533
18942,1858
18942,36945
18942,4514
133242,85522
133242,40788
133242,90963
133242,44457
26502,30603
26502,66201
26502,36162
16512,4928
16512,1334
16512,50545
16512,817
72912,70987
72912,85351
6162,7304
6162,5810
6162,17507
50203,134698
50203,195496
50203,74942
17053,15547
17053,97174
17053,1322
17053,15055
4633,45972
4633,4618
54223,122039
54223,72261
54223,188208
119863,2199
119863,138
119863,7569
119863,73408
183133,677
183133,59945
183133,88
172933,83139
172933,85401
172933,6119
172933,14511
104413,54059
104413,206
356173,220
356173,25727
356173,119723
356173,48430
232483,1426
232483,88
232483,352
232483,117811
231883,37596
31843,167681
31843,39239
31843,68362
31843,59968
19813,19804
19813,96093
19813,88
19813,2077
52213,90927
52213,119303
52213,19159
52213,65540
89233,28097
89233,8806
122683,67666
122683,8747
122683,14611
122683,16527
122683,16344
226393,358238
168073,298198
168073,299957
168073,347454
144403,95103
144403,677
144403,138179
182023,7592
182023,14376
182023,100248
182023,161421
13003,23130
13003,18595
13003,6381
44503,2363
44503,18575
44503,26530
44503,29267
37663,13321
37663,500
37663,176956
37663,55377
6643,6855
6643,27872
6643,9208
6643,1554
60613,116213
60613,341895
60613,58546
60613,59945
92263,27349
92263,36408
12013,162814
12013,94481
12013,15467
12013,70174
3253,2889
3253,247
3253,52828
3253,3830
181033,102115
181033,116417
181033,110457
673,28587
673,8398
673,2163
673,94823
10363,53867
10363,104780
10363,156731
10363,142961
203533,260083
203533,97196
203533,97181
203533,101856
311833,101856
311833,328971
153583,99040
153583,61652
153583,111680
153583,201734
153583,53371
153583,14602
53473,39611
53473,181029
53473,31774
53473,87220
53473,151916
22663,26763
22663,3335
22663,46095
22663,994
265873,355665
265873,265874
265873,3549
265873,2347
265873,205396
27463,138
27463,29462
27463,3549
121363,42895
121363,116930
62173,85522
62173,40788
62173,39278
165583,105489
165583,83695
123733,138459
123733,83765
123733,73097
123733,189661
72643,19543
72643,138
72643,1036
35893,2480
35893,4201
35893,666
35893,4005
35893,10901
37783,2077
37783,188107
37783,202
140383,54600
140383,352
140383,88
393373,298696
393373,43994
393373,14570
26053,420
26053,16833
26053,16433
42343,21164
42343,3979
42343,24400
42343,249
95803,45790
95803,12440
95803,12344
95803,21605
261943,208500
261943,341541
343213,62215
343213,40307
343213,402447
33823,33818
33823,133078
33823,22681
33823,33807
69733,56631
69733,64309
69733,35345
27583,88
27583,1315
27583,24644
27583,4824
27583,555
212533,223911
212533,10647
212533,16576
23983,1588
23983,1564
23983,301
23983,25685
23983,28835
44293,3969
44293,44289
44293,2280
73213,69181
73213,72381
73213,69926
73213,76162
29233,87992
29233,31585
29233,52957
48163,138
48163,38227
48163,29163
315433,67346
315433,108386
315433,424
14173,101788
14173,14213
14173,14192
14173,1988
35353,62215
35353,39515
35353,52476
95443,46303
95443,25724
95443,2940
11353,172739
11353,11308
11353,127693
11353,352
36103,208361
36103,152216
36103,138
76933,154627
76933,352
76933,677
76933,36591
76933,36600
76933,1988
102823,48167
102823,48174
102823,21261
102823,61392
102823,10772
47145,4201
47145,22434
36945,26763
36945,18942
36945,3335
104595,14399
104595,68939
104595,13950
132555,13783
132555,365
132555,11895
35295,65305
35295,28097
42045,2109
42045,92000
42045,15222
253185,1298
253185,208187
253185,677
253185,9828
253185,11912
37035,138
37035,66011
37035,91388
172185,265582
172185,63706
172185,393726
172185,29233
11265,1315
11265,27575
11265,4824
11265,1982
11265,352
6615,9
6615,1012
6615,1002
140535,152780
140535,140546
140535,14805
140535,58433
155355,157080
155355,9131
155355,2744
71355,69285
71355,68083
241395,5950
241395,1988
241395,88
241395,160595
241395,138
82095,83010
82095,68083
82095,71355
87165,969
87165,135375
87165,42166
72675,7569
72675,16466
72675,7596
72675,35210
30495,41594
30495,106773
30495,31267
30495,31256
73785,13844
73785,137
73785,16949
73785,6533
339705,677
339705,339707
339705,317
339705,127747
339705,48319
339705,1503
118305,74411
118305,235558
31875,430329
31875,3440
31875,31870
31875,333304
69165,166538
69165,62016
69165,2580
69165,90407
59205,3810
59205,118322
59205,20579
59205,84
37305,42679
37305,39688
37305,16604
37305,43835
37305,22792
39675,29191
39675,102007
39675,55098
285675,172488
285675,293420
285675,281387
264675,249653
264675,225087
264675,294727
264675,414684
7215,46095
7215,54948
7215,33159
25635,138
25635,53743
25635,53643
25635,53867
44595,365
44595,138
45555,138
45555,41159
45555,39980
312765,154750
312765,66890
312765,73781
48525,17126
48525,308
48525,104412
167865,16351
167865,61499
167865,59359
167865,14602
167865,104554
125535,109211
125535,47128
125535,12843
125535,6
24405,4757
24405,24406
24405,7376
24405,41400
3495,19142
3495,88
3495,8398
3495,408
61965,76060
61965,173499
61965,134762
33255,35405
33255,88
33255,32287
33255,11895
32415,18165
32415,8122
32415,6089
32415,32636
323235,762
323235,139436
323235,262974
323235,8898
765,1
308265,88
308265,116617
190815,134217
190815,256395
190815,35121
190815,190832
69285,144911
69285,68083
69285,66854
69285,69678
25275,24338
25275,1322
25275,2199
25275,4201
4515,4201
4515,60135
4515,29176
381195,23412
381195,7117
381195,38499
381195,381196
55605,168299
55605,33575
35115,35325
35115,53620
35115,10790
35115,8755
35115,19572
31065,89559
31065,1005
31065,156322
31065,28526
31065,104235
116775,74195
116775,118452
116775,178614
12315,38434
12315,21521
12315,138
12315,20095
266208,220
266208,266210
266208,1426
266208,130250
191268,46591
191268,161953
191268,157189
191268,321409
191268,157192
24708,26377
24708,82268
24708,270971
96948,55287
96948,88
96948,284278
96948,28097
102708,54327
102708,33384
102708,28455
88518,16533
88518,88515
48738,285197
48738,58392
48738,24990
48738,195927
1338,1519
1338,9797
1338,253
1338,2469
289188,286288
289188,257077
289188,315801
7998,108745
7998,155613
7998,43527
7998,308
7998,11151
8208,54960
8208,408
8208,39417
8208,352
53778,143210
53778,138
53778,79477
173298,37882
173298,3615
173298,173291
22578,18311
22578,2250
22578,9731
38658,6544
38658,760
301248,65832
204708,32977
204708,16452
204708,78795
204708,59172
107628,19722
107628,55141
107628,12975
113358,49673
113358,88
113358,66347
38418,84368
38418,96530
38418,12440
38418,12344
38418,21605
7428,3990
7428,138
170748,58296
170748,10170
170748,9998
170748,50104
170748,48473
52338,19187
52338,44751
274158,34801
274158,4883
274158,88
274158,165139
57228,30865
57228,13946
57228,4822
57228,108956
58428,58433
58428,32045
58428,11620
58428,29462
152898,123248
152898,255273
152898,200111
16188,138
16188,9208
15648,68144
15648,3549
15648,4201
15648,352
94998,102122
94998,34797
122898,63364
122898,53239
179448,51742
738,7766
738,15806
738,1369
738,138
21948,9356
21948,6135
21948,18407
21948,1200
54108,37023
54108,199442
54108,102877
54108,72949
49758,18107
49758,49026
49758,352
49758,88
176598,110690
176598,30493
176598,71709
242718,57207
242718,71561
242718,28096
6138,1190
6138,13740
6138,6283
6138,1031
64038,106919
64038,24477
64038,16623
328008,234832
374688,343589
374688,89926
374688,325524
374688,46370
94038,104108
94038,138613
94038,31224
94038,71141
20958,62247
20958,56771
20958,65540
20958,39194
389928,14454
389928,179303
389928,373464
389928,179302
389928,98033
2148,67133
2148,156162
2148,26233
171978,158102
171978,109191
171978,134082
171978,159078
8118,1173
8118,1843
8118,5942
8118,8121
20598,20850
20598,24400
20598,1237
20598,16845
61698,11895
61698,8266
61698,138
61698,365
39858,1
18678,70259
18678,81608
18678,64943
18678,48833
16698,220
828,28587
828,12975
828,44609
828,110072
75048,52509
75048,7533
75048,103920
75048,113131
75048,159028
1548,29532
1548,5521
126048,138
126048,7569
147258,118818
147258,308
147258,66135
147258,186299
23118,44266
23118,74993
23118,138
10548,385
10548,33526
10548,5814
144803,28977
144803,1988
144803,10
144803,39492
144803,138
56573,1686
56573,18223
56573,160595
56573,10
126353,146135
126353,13024
126353,48869
126353,249
126353,146120
106283,45174
106283,3259
106283,2846
34403,6042
34403,13321
34403,138
34403,52621
29723,10944
29723,5541
29723,222369
29723,189779
29723,21111
158693,88515
158693,55964
158693,88518
274013,407
274013,979
274013,3549
67763,677
67763,8398
67763,155712
66833,69774
66833,66832
411173,411172
107333,66350
107333,3830
107333,237799
107333,2889
63233,52476
63233,34987
63233,14662
63233,34797
29633,33807
29633,33796
29633,138
40193,116957
40193,199064
40193,71049
40193,145316
40193,26098
182573,134217
182573,74544
182573,309818
274313,95913
274313,75370
35933,18152
35933,3549
35933,10
31553,41329
31553,138
70493,8283
70493,523
70493,13520
29513,54435
29513,69162
29513,70402
29513,2141
45593,34630
45593,233858
350813,6951
350813,236766
350813,365404
350813,204032
157313,74544
157313,105954
157313,7569
157313,138
267353,140570
267353,28281
267353,49447
267353,2077
25673,352
25673,3969
25673,2199
25673,408
25673,308
46433,15467
46433,88
277463,277458
277463,226779
277463,107739
277463,318169
31733,35325
31733,55964
31733,52476
59333,149262
59333,84150
59333,59337
59333,60803
222743,3708
222743,619
222743,39957
259733,124285
259733,113712
259733,107592
259733,68948
43253,244885
43253,203671
43253,287580
172643,397382
172643,144119
50603,19685
50603,24604
50603,28783
168923,51056
168923,5950
168923,11756
168923,109053
38873,25526
38873,2291
38873,15889
38873,1322
38873,93
135653,115075
135653,77259
135653,123440
24113,92
24113,21338
24113,1687
24113,83875
214613,67841
214613,408
214613,3549
214613,6081
12473,12223
12473,4753
12473,12324
12473,112056
8843,19936
8843,50065
8843,8828
110813,104905
110813,79052
110813,388357
110813,120925
28193,28659
145913,2244
145913,21493
145913,431
5393,9754
5393,10780
5393,333
5393,13740
5393,138
16313,101511
16313,53018
16313,2676
76913,9731
76913,352
76913,2427
76913,151204
67373,8583
67373,6134
67373,385
67373,3011
323,2199
323,3979
323,26233
323,70375
306293,58549
306293,239721
306293,41484
359783,361726
359783,243553
359783,326437
359783,444298
217133,52474
217133,35481
217133,125216
343193,31681
343193,287439
343193,34312
343193,325914
10433,10452
10433,4201
10433,44870
10433,56537
174803,106951
174803,97196
174803,260083
174803,116022
174803,88
8483,817
8483,105847
8483,308
8483,78585
48383,21995
48383,12366
48383,333
11513,18575
11513,9405
11513,50682
11513,11472
67223,428598
67223,282751
68843,66854
68843,138
68843,65972
121553,198074
121553,172488
121553,101856
60803,54313
60803,301103
98483,7596
98483,7569
98483,195103
98483,6968
74783,26098
74783,19887
74783,195523
138323,199885
138323,36586
138323,317860
156731,142846
156731,125046
156731,142986
156731,53814
156731,119812
6551,138
6551,13650
6551,2199
344051,300908
344051,254472
344051,300909
344051,26076
344051,255248
300071,36558
300071,128854
300071,2042
300071,67785
300071,1971
270971,147413
270971,24708
270971,14590
39611,66986
39611,113287
39611,14038
39611,12407
80351,135322
80351,88
80351,4137
271571,35062
271571,276116
271571,62215
271571,34960
122891,57
122891,365
122891,54418
122891,3088
122891,88
42851,9786
42851,148422
42851,88464
42851,261483
277811,264810
277811,277815
277811,149316
277811,277816
77411,352
77411,23618
77411,77422
77411,23650
77411,10959
431,1036
431,308
431,6338
431,41869
157811,326621
157811,41337
173291,173298
173291,677
173291,37882
173291,173296
173291,3615
173291,132502
61751,121801
61751,57471
61751,20937
33191,56045
33191,79374
33191,101592
33191,78
62651,125481
62651,172131
62651,167400
62651,36371
49211,9965
49211,6405
49211,1988
49211,88
107891,30991
107891,61144
107891,48178
126431,217133
126431,126426
126431,35355
48971,1
4571,4479
4571,6611
4571,4496
4571,132455
188831,138
188831,12545
188831,6078
75671,21605
75671,84368
119651,108527
119651,100387
119651,41465
119651,100380
119651,110690
13151,4201
13151,88664
13151,13162
13151,138
91211,70869
91211,59427
91211,36224
38891,95885
38891,46698
38891,46537
38891,38328
4931,14890
4931,21386
4931,18893
4931,11318
971,95137
971,16119
971,32032
971,49592
971,981
33431,35210
33431,33839
359471,51466
359471,94854
359471,201798
359471,359473
9131,396
9131,91583
118452,116352
118452,117924
118452,19148
118452,14606
23652,77411
23652,98402
23652,49026
23652,308
51732,90359
51732,2844
51732,54476
51732,18223
48852,48843
48852,38386
108312,35553
108312,41953
108312,66021
108312,111299
108312,11571
159612,1988
159612,13660
159612,7781
252,301
252,249
252,102067
252,228
252,38018
140112,54447
140112,146120
119172,222105
119172,29914
165912,37023
165912,107306
165912,16452
165912,110417
165912,36226
165912,99322
63312,7596
63312,7569
63312,6971
43152,5896
43152,138
25692,211
25692,514
25692,75097
25692,1999
63492,89977
63492,33472
126372,11192
126372,59198
126372,26250
77232,77212
77232,79975
77232,77227
262932,233317
262932,232259
262932,366857
262932,178669
262932,273029
262932,178668
143952,139307
143952,109851
143952,61026
24192,50632
24192,24195
24192,175799
1872,13740
1872,87535
1872,61039
1872,1823
230172,79919
230172,352
230172,64459
330072,60021
330072,381904
330072,284979
104412,138
104412,88
250512,171466
250512,387057
250512,318173
250512,42804
250512,26076
27492,4479
27492,301
27492,2671
27492,11313
112272,88844
112272,128844
112272,101856
112272,149210
29532,138
29532,168785
29532,79671
29532,150390
29532,359719
190692,98310
339372,243553
66852,69484
66852,28050
66852,28056
66852,69237
66852,65324
10452,6236
10452,10433
10452,10399
10452,49164
276972,762
276972,254472
276972,220080
165252,57415
165252,14606
165252,34929
273072,14584
273072,31957
273072,40256
273072,323887
129072,53672
129072,149033
129072,119778
12372,28419
12372,20873
58392,138
58392,32045
32172,1
164413,87552
164413,180923
164413,14343
289753,275868
289753,308363
289753,241100
61333,39621
61333,8747
61333,31716
61333,61328
154093,60798
154093,21880
154093,147506
154093,274067
222073,313553
222073,168083
222073,82333
222073,163723
135493,151474
135493,301
135493,105750
135493,138
54973,56537
54973,185212
54973,86223
54973,90185
54973,26120
77053,24695
77053,70217
77053,68913
77053,77059
77053,69066
147613,138
147613,352
147613,24804
147613,408
243133,91609
243133,30230
243133,56631
243133,221529
243133,91616
18253,12993
18253,24400
18253,12057
18253,6608
29473,138
29473,202
122593,76837
122593,39098
122593,62728
54193,721
54193,3295
54193,10541
246613,14006
246613,186193
246613,1343
246613,25489
65653,69537
65653,7569
65653,30743
65653,33902
63433,49236
63433,352
69133,92826
69133,56648
69133,189783
136093,11344
136093,115397
136093,485
136093,124776
12973,88
12973,1988
12973,677
12973,24220
187393,10901
184693,220
184693,419
184693,230526
184693,5245
184693,150251
184693,55457
137833,137837
137833,352
169573,2698
169573,14726
12193,12607
12193,6231
68713,100924
68713,38711
68713,132983
68713,38007
68713,3253
67573,67736
67573,54197
67573,28050
4753,23855
4753,19904
4753,23872
4753,6231
4753,23882
276260,17366
276260,4435
276260,113770
276260,138
39980,1426
39980,37176
39980,41159
39980,19672
7400,5224
7400,518
7400,86009
303620,277136
303620,27753
303620,7592
303620,57257
3440,479
3440,6317
3440,69
3440,2199
358280,28097
358280,336775
358280,57419
358280,19572
83720,1
52880,52926
52880,4279
52880,14455
163700,144853
163700,67223
163700,81586
106760,175888
106760,533
106760,1988
123440,69031
123440,6680
123440,135653
107240,138
107240,27052
107240,380926
83960,40788
83960,104554
83960,28088
296420,33619
104780,69467
104780,138
104780,396
264440,94854
264440,29236
264440,105398
264440,51444
92660,25584
92660,6
4400,36637
4400,36739
4400,10917
4400,1322
21620,12602
21620,21995
21620,12462
21620,51077
21620,6231
244280,380320
244280,49863
244280,4364
65540,35121
65540,182526
65540,64323
65540,123529
65540,52213
134420,138
134420,8398
134420,6855
134420,72120
152780,49596
152780,140535
152780,32045
152780,77021
16280,1031
16280,72367
293420,217610
293420,266856
293420,208500
293420,285675
92000,88919
92000,1398
92000,677
35600,37489
35600,138
35600,36224
35600,34801
80842,60619
80842,14025
80842,160221
156202,308
156202,27601
156202,352
354922,179507
354922,284641
354922,123248
193702,31271
193702,30711
193702,1988
193702,31305
179302,114932
179302,179303
179302,179875
179302,138
50482,51045
50482,64476
257902,20798
257902,179507
257902,179470
76162,88
76162,67736
76162,70223
76162,73213
76162,69237
83602,8005
83602,54960
83602,36669
159142,40225
159142,170444
12382,19904
12382,8398
156322,138
156322,79693
156322,7569
46282,33839
46282,30966
46282,50239
46282,38503
46282,132665
13162,4201
13162,88
13162,4005
13162,11043
13162,2280
45322,105174
45322,78
45322,59881
45322,26361
3802,7743
3802,16715
3802,7340
3802,965
3802,6459
83662,46590
83662,408
115042,13516
115042,1988
115042,6374
115042,100457
70402,43161
70402,54435
70402,217536
70402,15182
70402,29513
91222,68913
91222,74397
91222,217031
91222,65331
91222,12185
41302,59789
41302,38234
41302,1205
41302,51785
28462,18223
28462,126279
28462,23515
146842,181430
146842,31391
146842,146834
146842,98111
22942,22947
22942,12376
22942,12507
173662,173661
173662,121989
173662,74790
173662,11907
99322,91207
99322,66700
99322,265104
99322,165912
4822,385
4822,994
4822,1373
30802,6014
30802,138
30802,139571
30802,81915
144262,312761
144262,223962
144262,136925
144262,301
144262,288702
144262,312760
206242,298718
206242,56031
206242,101141
85522,39278
85522,62173
85522,40788
85522,133242
85522,90963
85522,250532
356062,225087
356062,241623
356062,243553
35542,116987
35542,35500
35542,96398
35542,35574
33326,38299
33326,96530
33326,12447
33326,12344
274886,103057
274886,309190
274886,261087
28526,104235
28526,177943
28526,33590
28526,31065
279926,299220
279926,314091
279926,297807
23906,38388
23906,12458
124586,32977
124586,821
124586,102619
345326,450666
345326,221357
345326,195810
345326,338148
28046,27317
28046,20751
28046,66831
28046,66832
28046,66833
28046,1097
58946,8828
58946,39241
58946,105782
307946,253108
307946,298813
307946,153890
307946,44715
60386,78484
60386,82268
60386,105997
17126,113706
17126,67133
17126,14805
17126,158379
1286,138
1286,18107
1286,36258
1286,58514
376826,32972
376826,88
376826,226393
376826,26361
376826,65719
172226,190506
172226,91945
172226,220
82946,6544
82946,17998
82946,1322
82946,88
12026,46433
12026,5242
12026,15537
110606,178086
110606,100094
110606,288336
110606,365
78806,11318
78806,14890
279026,141394
279026,55605
279026,6971
279026,214805
279026,83896
51686,33707
51686,116709
51686,63199
109406,12003
109406,80666
1766,7445
1766,6210
1766,99390
45686,72578
45686,15601
45686,9481
45686,9447
45686,12971
13946,24966
26486,2014
26486,88
26486,138
20966,4904
20966,59636
41726,3549
41726,60216
35246,56071
35246,62193
35246,63963
50366,69519
50366,44967
50366,90881
46886,249
46886,92248
46886,234
46886,46615
46886,101511
75506,7569
75506,138
91166,14181
91166,123408
91166,125944
91166,352
149846,58627
149846,6855
149846,1031
149846,194155
216086,138
216086,30849
216086,31585
96746,75915
96746,138
60626,16559
60626,4408
60626,138
143306,34341
143306,132718
143306,20203
143306,46748
143306,68426
125186,260564
125186,289893
125186,95817
125186,279238
123986,21278
123986,381317
123986,45305
123986,1793
123986,9774
123986,133740
203614,117470
179434,92154
179434,18629
179434,197112
179434,2046
12934,17175
12934,31462
12934,50418
357154,357152
357154,225908
117394,1971
117394,138
117394,186844
1114,115528
1114,4005
69094,138
69094,26753
69094,67736
69094,69098
69094,69095
1174,72367
1174,7427
1174,1369
8494,12975
8494,7905
8494,17803
42154,146
38374,12490
38374,23864
38374,106627
350194,256146
350194,6496
350194,216
52474,138
274714,136925
274714,95900
274714,207596
274714,30799
274714,206574
1714,18223
1714,43322
1714,28096
1714,50290
1714,4870
224254,66394
162814,12013
162814,9833
162814,301
162814,138
162814,70174
56734,130440
56734,33751
56734,106510
56734,80709
56734,31256
56734,58478
3934,3912
3934,87552
3934,14241
153694,142986
153694,143000
153694,200922
260014,254611
260014,29532
39161,174063
39161,41894
39161,93428
39161,138050
39161,68362
4421,80496
4421,96565
4421,1426
140801,355420
140801,140765
140801,56631
140801,16344
140801,40307
102641,66321
102641,68704
102641,100926
102641,187367
181061,22851
181061,68445
71561,101156
71561,327395
71561,30241
19841,1137
19841,9405
19841,994
9221,10061
9221,18800
9221,1036
24581,36981
24581,10901
24581,429307
24581,9356
8141,11620
8141,129283
8141,1840
8141,11603
8141,655
336641,34691
336641,30224
336641,59001
15161,1275
15161,86071
15161,146007
116681,178614
116681,60426
116681,82979
116681,70698
141881,88
141881,3549
141881,352
141881,136657
142961,10363
142961,149033
142961,119778
142961,142986
761,220
761,89
761,8137
761,12981
761,677
34241,57736
34241,39515
62021,6014
62021,5918
62021,352
62021,3979
62021,175989
4721,32501
4721,12526
4721,78408
167981,59541
167981,290280
10061,46433
10061,36637
10061,13244
90881,121134
90881,31729
90881,116489
90881,110453
90881,90920
208361,30333
208361,6014
208361,48441
117041,77276
117041,77212
270041,277136
270041,30230
270041,31949
270041,16344
167681,42287
167681,121760
167681,31843
160961,311548
160961,67773
378281,146135
378281,108046
378281,236
378281,45501
189761,189763
189761,24363
189761,189762
131561,38249
131561,115487
131561,1426
131561,122464
131561,352
131561,3549
73781,69066
73781,173613
73781,71094
73781,68913
73781,6855
158561,138
158561,100294
24237,26076
24237,1793
24237,21278
24237,7427
116457,119609
116457,107442
116457,135428
116457,31904
116457,174629
116457,79020
128277,111415
39957,4201
39957,210264
39957,133945
39957,1982
39957,222743
131397,11981
131397,131335
131397,465
18297,27519
18297,28981
18297,21386
18297,84185
18297,21299
110457,64309
110457,181033
110457,119318
376077,45008
376077,34312
376077,144554
376077,233783
101877,101856
101877,122093
101877,97196
110397,98395
110397,26152
110397,37906
110397,98402
108057,248
108057,110793
108057,51731
108057,90495
9837,645
9837,29407
56277,63233
56277,35146
56277,52476
56277,119423
56277,284935
56277,76561
244317,171183
244317,152898
244317,208500
44757,352
44757,53578
38997,132315
38997,2014
38997,107549
113517,30493
113517,138
113517,156627
33417,27179
33417,66679
33417,30821
33417,19947
47517,56880
47517,9208
47517,1554
33357,149118
33357,61499
33357,116638
33357,44457
61080,26120
61080,4201
61080,6078
600,11538
600,14977
600,4201
600,40423
30600,67182
30600,18678
30600,6338
61320,299
61320,312070
61320,10593
220080,131016
220080,52669
220080,49676
220080,248
122520,66328
122520,3858
122520,38679
363720,363724
363720,363734
363720,44692
363720,59541
2880,3840
2880,28462
290280,60798
290280,59529
290280,59533
290280,59516
246000,245996
246000,243062
246000,368639
246000,70287
17280,27288
17280,21928
17280,80554
17280,762
167400,138
167400,40956
167400,146035
144600,138
144600,150085
53400,23194
53400,9481
53400,50576
53400,16604
53400,22788
73320,82108
73320,73329
73320,160487
35041,86376
35041,28097
35041,21012
73201,78989
73201,28121
73201,61751
73201,143472
73201,66292
361,994
361,138
361,1823
361,2976
284641,222230
284641,284498
284641,354922
284641,123248
121801,66292
121801,179798
121801,61751
197281,186732
197281,201530
197281,207575
36841,2199
36841,7427
71881,112315
71881,40796
71881,90786
71881,131488
59881,98774
59881,57176
59881,98777
59881,98759
5161,66379
5161,5982
5161,12539
5161,5131
15601,9091
15601,4201
15601,50935
15601,15055
57481,14625
57481,280368
57481,45419
721,138
721,5
721,1315
721,333
721,994
120001,88
120001,8988
120001,11881
120001,59945
74281,96397
74281,54229
74281,73485
61329,34987
61329,99776
121569,762
121569,3285
121569,46773
121569,46527
319089,135185
319089,48746
319089,265557
319089,32032
221529,243133
221529,56631
221529,9864
221529,133242
52809,49623
52809,49582
52809,58392
50529,49421
50529,53328
74889,2480
74889,70111
74889,138
5049,3537
5049,3577
5049,14324
5049,5052
5049,88
325449,42883
325449,195027
325449,138
325449,9833
312489,154552
312489,138
312489,352
202815,188107
202815,8005
202815,88
202815,408
202815,10446
189255,5088
189255,148015
66255,66254
66255,396
66255,1988
115455,83868
115455,292253
115455,162254
115455,85255
344775,304007
344775,251233
344775,363284
90495,247984
90495,100924
90495,102723
90495,52848
156135,43742
156135,88
207735,43507
207735,816
207735,37676
156495,7569
156495,93535
156495,30856
156495,6971
45495,677
45495,8385
45495,9731
45495,22678
55695,31004
55695,38131
55695,67602
55695,205516
55695,30959
975,28089
975,969
975,941
975,8077
975,34388
15,61766
15,115528
15,92548
84135,208138
84135,208142
13463,274175
13463,83985
13463,335850
13463,266598
13463,83277
46943,13946
46943,89311
46943,46938
41543,88
41543,1426
41543,19142
41543,11945
76823,5659
76823,36884
76823,16137
76823,24518
352703,18388
352703,48178
352703,6971
341543,341541
341543,218647
341543,329306
341543,308701
372263,243553
372263,210867
372263,238214
62663,108995
62663,62674
62663,29267
62663,62664
62663,258270
70223,78823
70223,155946
70223,77049
91583,113074
91583,9131
119423,34697
119423,76561
119423,34911
119423,52355
29663,5069
29663,211
29663,12013
29663,352
12383,27052
12383,12490
12383,138
256103,102473
256103,48178
256103,370745
256103,14662
373463,3549
373463,98622
373463,352
359544,359324
359544,39524
359544,30230
359544,7533
359544,121543
25584,135322
25584,4137
25584,11645
25584,11907
25584,1322
25584,715
154584,6695
154584,141611
154584,3053
163344,138
163344,20464
163344,301
163344,54903
265104,157525
265104,57108
265104,99322
210264,13660
210264,65866
210264,39957
227424,79377
227424,1247
227424,8397
227424,7905
14664,16533
14664,55964
14664,113019
111864,56880
111864,35087
2184,10
2184,756
2184,2185
248184,266058
248184,284166
248184,154456
248184,249
82824,8266
82824,11895
82824,365
82824,88
72265,66837
72265,68945
105625,49578
105625,76592
105625,173825
105625,23915
105625,42267
179545,354922
179545,172488
82825,175264
82825,39887
82825,352
82825,1205
133945,80516
133945,167333
133945,26076
133945,39957
133945,8898
26905,3549
26905,3969
26905,19804
77305,10
77305,138
77305,146810
264265,146288
264265,230575
264265,101856
171625,37230
171625,188107
372265,249653
372265,308363
372265,238214
372265,289243
67945,1818
67945,68913
67945,36622
105750,138
105750,135493
105750,54486
80550,5
80550,15321
80550,316
40950,67736
40950,70549
40950,65834
40950,69237
338430,677
338430,88
69750,63123
69750,10267
69750,21040
69750,1005
358110,147894
358110,129669
358110,16211
358110,12559
14790,352
14790,408
14790,21486
14790,8005
207750,280557
207750,29071
207750,263714
3870,677
3870,88
3870,4201
203910,4446
203910,354
282150,75370
282150,255273
282150,358148
282150,36558
187830,13776
187830,187831
187830,2880
283110,110402
283110,45501
283110,90213
283110,220070
22710,22717
22710,333
22710,41127
130950,3549
130950,127796
130950,172591
16830,19322
16830,27647
16830,12228
16830,60676
16830,23809
16830,200630
215430,352
215430,283178
215430,192951
128559,96661
128559,307661
128559,148643
128559,132105
243999,258576
243999,179807
396399,432766
396399,266317
396399,405025
328719,324483
328719,30513
328719,35481
328719,46637
16119,109718
16119,11620
16119,34324
259239,1988
259239,35574
259239,28531
259239,62154
1719,4047
1719,93
1719,1232
126279,50311
126279,35352
126279,32469
126279,60362
307119,52505
336039,350416
336039,7533
336039,56631
336039,35352
336039,61906
336039,14584
61119,53894
61119,40290
61119,54794
61119,14093
112722,53842
112722,104743
112722,143210
104322,2889
104322,66330
104322,249
104322,3830
104322,159827
43122,7427
43122,138
91002,25868
91002,308
91002,25769
12282,12366
12282,12490
12282,21605
12282,6231
29682,138
29682,152368
189762,70800
189762,189761
189762,88
26922,46615
26922,23255
26922,14241
354282,26362
354282,1005
354282,19571
67602,105466
67602,65678
67602,33842
97842,34797
97842,153585
321042,92611
321042,198778
321042,254532
141882,408
141882,16013
141882,352
31362,8398
31362,17011
31362,10446
31362,677
99297,174629
99297,138
99297,100379
159897,102086
159897,52848
159897,210303
242097,341475
242097,18388
242097,7592
242097,86990
326217,149210
326217,304928
326217,242505
15537,138
15537,70174
387057,225087
387057,171466
387057,172933
20937,184876
20937,40546
20937,61751
162897,30305
162897,49826
162897,93713
62097,38234
62097,1205
62097,138
95817,35553
95817,35600
95817,33854
95817,66680
80577,408
80577,15055
80577,88
8097,111358
8097,93503
8097,6512
8097,11998
8097,38928
206337,256373
206337,274902
206337,231797
79377,61953
79377,26250
79377,150430
98097,227434
98097,37341
98097,20200
98097,91500
179944,253294
179944,136055
179944,54156
259024,314349
259024,19956
259024,375031
61144,61119
61144,91295
61144,61107
174544,5509
174544,1503
174544,6
272944,328415
272944,75367
272944,243294
272944,120354
11344,11318
11344,1988
11344,11308
381904,330072
381904,35046
12664,138
12664,26279
326344,103698
326344,12465
326344,114357
180784,206
180784,253317
180784,159329
163864,192073
163864,46923
163864,211268
125944,91166
137224,352
137224,23796
137224,2199
137224,88
299224,199586
299224,95925
299224,95905
299224,157614
132665,677
132665,6971
132665,13811
132665,88
12185,234570
12185,85437
12185,37992
12185,21350
55025,1
201185,3549
201185,5193
201185,677
201185,118258
201185,148855
2105,49767
2105,4094
2105,4101
2105,16137
286265,140683
286265,135084
286265,190521
29225,62215
29225,132245
29225,189376
29225,71397
88025,10149
88025,10272
88025,20683
3545,163700
3545,9351
3545,40536
3545,100547
249185,113069
249185,78790
249185,62745
249185,301
288785,89011
288785,101825
288785,234279
288785,313333
183065,301
183065,189931
183065,54200
183065,307078
79625,352
79625,3549
79625,408
315425,179507
315425,354922
315425,171183
315425,101856
315425,287845
307265,277616
307265,267310
307265,267311
45305,45296
45305,190210
45305,109724
45305,42679
16985,71500
16985,9731
16985,40859
16985,1767
168785,6014
168785,138
168785,38234
340865,37173
340865,77572
340865,4134
12545,1315
12545,417
12545,8563
12545,9526
12545,106467
22753,301
22753,22898
22753,71935
22753,48921
271993,69031
271993,123440
271993,2280
204073,352
238873,296437
238873,160972
238873,215579
238873,296436
125353,19685
125353,363324
125353,42064
125353,9731
125353,58631
260713,230575
260713,149210
260713,236544
49153,14625
49153,4877
49153,49172
49153,352
38713,109429
38713,54818
38713,3169
67033,6231
67033,19904
67033,136647
19153,37528
158113,70075
158113,158102
158113,131081
75673,27038
75673,19904
75673,12366
75673,6231
81553,48468
81553,24925
81553,2568
103153,19148
103153,76019
103153,138459
103153,98791
16753,49780
16753,2694
16753,42644
16753,5515
16753,48971
255433,255432
255433,1503
255433,251683
359473,51466
359473,301
359473,94854
359473,29236
31760,31808
31760,56766
31760,28097
31760,68127
42080,4201
42080,26120
42080,8398
42080,352
6680,72201
6680,6651
6680,92593
6680,203960
121760,119406
121760,167681
121760,43742
121760,153583
121760,96815
121760,88
13640,6660
13640,4994
13640,1574
13640,42626
64040,2010
64040,138
64040,301
37040,36243
37040,70852
37040,66011
74720,249
74720,52419
74720,121484
49400,48687
49400,64422
49400,140454
920,4201
920,1322
920,48324
920,9458
65360,68999
65360,65367
65360,2250
90920,90881
90920,186355
9800,66270
9800,103574
9800,72912
9800,103570
32123,32130
32123,111627
32123,133182
32123,127796
79643,67773
79643,95913
109403,206
109403,5206
109403,301
109403,109402
161243,69274
161243,54200
161243,82113
161243,303680
43523,19142
43523,145279
43523,98015
38363,22346
38363,12282
38363,12205
89003,36558
89003,95905
89003,95917
89003,79647
188603,26129
188603,13768
188603,468
188603,157884
27083,84368
27083,21605
27083,23764
27083,96530
27083,12366
180923,38279
180923,14273
180923,75876
180923,25094
25531,228221
25531,21403
138811,52741
138811,44293
138811,138
73531,77620
73531,247819
73531,21363
349771,43742
349771,10647
103771,148835
103771,66680
103771,59427
103771,100074
103771,885
211171,138
211171,11895
211171,88
211171,194077
211171,365
56371,108368
56371,109508
56371,4094
56371,24410
56371,134236
280411,60798
280411,195145
280411,59541
24691,1586
24691,63433
24691,13321
24691,1110
101851,160270
101851,101875
101851,229459
101851,157346
101851,229463
101851,124849
24091,289913
24091,350244
24091,182357
24091,182457
24091,128918
331,58575
331,550
331,211
113731,123914
113731,131121
113731,39285
113731,90065
48691,49464
48691,945
48691,34367
48691,994
48691,8635
68019,6405
68019,72526
68019,138
185139,161541
185139,52505
185139,185976
130299,138
130299,74598
130299,32494
130299,7569
130299,39364
159219,55964
159219,61107
159219,48178
159219,28097
161499,52509
161499,151474
6459,50632
6459,352
6459,408
4539,75149
4539,144421
4539,7164
4539,17871
4539,4487
63939,49596
63939,53328
63939,63941
53139,3549
53139,7905
158379,280
158379,37935
158379,43028
146259,146288
146259,201157
146259,251060
162579,158923
162579,18829
162579,472
162579,220
26259,286814
138459,32098
138459,138
138459,31532
138459,31284
285945,97181
285945,200107
285945,88862
285945,75367
266025,256146
266025,88
266025,324888
266025,162767
222105,90786
222105,19148
222105,36226
262425,262426
262425,7932
262425,338336
12105,115
12105,43341
12105,15703
12105,1840
269505,2873
269505,284
269505,113091
57225,66261
57225,36105
57225,11139
225105,313591
225105,286622
225105,301396
225105,279366
225105,187942
5745,301
5745,23411
5745,5782
5745,5750
19905,12291
19905,12330
19905,12379
19905,23675
137385,9731
137385,129605
137385,1031
35745,352
35745,94823
35745,26120
137505,48833
137505,48659
137505,62625
2869,3167
2869,2889
2869,52828
2869,104322
2869,65409
2869,38711
53389,22829
53389,53396
53389,76471
93829,143000
93829,142986
93829,119812
47629,9003
47629,8834
47629,98671
47629,107968
47629,8603
48349,37761
48349,408
48349,352
48349,16708
186829,206
186829,104416
186829,9914
186829,1564
161629,159078
161629,5193
116509,217133
116509,34797
116509,60721
151069,25018
151069,129737
151069,77801
151069,352
74154,74157
74154,37992
74154,189952
74154,199901
36354,36336
36354,10944
36354,60827
36354,6089
58434,204144
58434,26661
58434,138
46914,53406
46914,138
46914,43835
54834,6370
54834,314043
54834,511
54834,60661
139794,73636
139794,47004
139794,22695
139794,2382
139794,22682
257394,1298
257394,138
129354,109194
129354,70070
129354,159078
129354,52243
301794,303251
301794,217610
301794,157557
301794,259656
57474,66293
57474,99058
57474,35254
57474,335236
21114,760
21114,27935
21114,82946
21114,24400
21114,82947
92154,179434
92154,197111
92154,2046
92154,18629
55680,16460
55680,34841
55680,12016
311520,110622
311520,163723
311520,62741
311520,293216
311520,101202
141600,6665
141600,6695
141600,39029
141600,69031
141600,6690
3120,2295
3120,1322
3120,138
37925,23162
37925,163344
37925,39542
65525,1005
65525,40275
65525,104803
65525,53286
5765,15573
5765,5000
5765,7427
5765,10
5765,4201
5765,23796
5045,142
5045,12057
5045,10827
5045,1840
5045,51900
180735,194419
180735,244325
180735,51444
180735,101856
180735,290224
311775,258948
311775,27030
311775,26152
311775,7428
111135,12344
111135,12462
111135,84368
111135,21605
101295,3549
101295,301
101295,4201
101295,45822
101295,187058
145455,176704
145455,157203
145455,66350
145455,38029
188655,60453
188655,38388
188655,262412
188655,12281
37935,158379
37935,176244
37935,156061
15859,78774
15859,215485
15859,133886
15859,195323
74419,26753
74419,66854
74419,69690
74419,43763
298579,88
298579,885
298579,352
298579,677
124099,18388
124099,232721
124099,39524
12259,1
4339,20369
4339,10679
4339,2199
4339,1982
93619,85253
93619,48142
93619,85258
52579,36224
18499,4201
18499,10495
18499,21506
18499,25531
32179,138
32179,1322
32179,9131
124819,1503
124819,74452
124819,205
124819,206
329306,325423
329306,367061
329306,95913
329306,95905
72746,5686
72746,83565
72746,193578
72746,30743
43706,127982
43706,5429
43706,138
43706,169966
186269,163601
186269,95462
186269,163184
72269,114016
72269,3767
72269,197327
72269,8468
49949,110397
49949,77411
49949,116866
49949,49969
49949,49962
31709,8755
31709,16533
31709,33707
31709,65286
5069,15477
5069,29672
5069,29663
5069,29668
5069,19655
113789,2837
113789,40225
113789,234
86439,78854
86439,28642
86439,26530
86439,59858
136119,15467
136119,138
136119,148417
1959,2141
1959,6317
38679,122520
38679,38711
38679,88
226119,55457
229719,298355
229719,252416
229719,3419
229719,45818
229719,230440
234279,36558
234279,92570
234279,149210
234279,288785
121484,2889
121484,100924
121484,3830
114764,138
114764,190489
114764,45052
114764,137365
109724,109743
109724,250525
275804,1005
275804,72846
275804,268066
46604,74843
46604,66811
46604,154993
46604,11976
284,5224
284,1971
284,468
284,7377
312284,69066
312284,417199
312284,340983
312284,120337
312284,148342
26204,352
26204,349
26204,141719
73244,54200
73244,301
73244,54220
73244,173613
73244,26753
107809,67496
107809,41806
107809,2280
107809,65940
107809,14890
31009,1398
31009,6583
31009,216
73489,13643
73489,15034
23809,1254
23809,16830
23809,60676
49009,3121
49009,5282
49009,2813
37009,138350
37009,138
2929,74720
45169,21605
45169,2889
45169,48869
45169,151474
98929,3399
98929,88
98929,138
98929,57112
14449,35730
14449,108812
14449,138
14449,78917
228771,762
228771,30478
228771,9590
93411,352
93411,72546
51,138
51,1315
51,4824
51,5
308701,36558
308701,101856
308701,97196
308701,88
308701,97185
21181,26699
21181,11620
21181,15656
21181,32270
21181,677
149821,31725
149821,30230
149821,331325
259501,78461
259501,27409
259501,1456
259501,103312
259501,12951
208863,59913
208863,88
208863,59945
207903,138
207903,212423
207903,29299
2703,1988
2703,25395
2703,29525
2703,2141
34383,227099
34383,34352
34383,59821
111663,63199
111663,28097
111663,366505
215583,36558
215583,215587
215583,89934
74703,38711
74703,103199
210303,100376
210303,389783
335595,62400
335595,179695
335595,39524
50235,13516
50235,4665
50235,404
428475,194722
91275,172771
91275,6350
91275,6855
91275,151467
22646,6405
22646,4201
22646,24338
22646,1322
86,6323
37766,24878
37766,365
37766,1315
37766,23846
37766,352
133046,28097
133046,74671
133046,63123
133046,90931
175286,65456
175286,511
175286,36981
175286,523
175286,365
30566,2876
30566,2889
30566,105274
30566,249
30566,3830
192326,404725
192326,248088
192326,198058
192326,192323
25526,352
25526,40366
25526,15889
25526,1322
253294,110690
253294,34801
253294,179944
253294,104134
120094,3549
120094,5252
120094,21980
120094,10647
214894,356768
214894,10875
214894,266822
214894,266823
83374,98897
83374,25705
83374,52621
17374,17375
17374,2381
73534,74492
73534,66854
73534,112243
30814,30991
30814,3449
30814,88
35134,1
12334,12212
12334,12475
12334,12229
43294,136042
43294,9180
117934,91166
117934,4410
117934,131217
67774,110346
67774,89925
210094,127319
210094,511
210094,44234
96815,96812
96815,132374
96815,186557
96815,97021
96815,238613
328415,243294
328415,312908
328415,207748
328415,75367
328415,328420
328415,192326
27935,236111
27935,9351
27935,67165
27935,110117
391055,3979
391055,5793
391055,138
391055,54903
391055,384513
98015,17507
98015,17175
340175,163351
340175,19956
340175,340174
222815,7569
222815,16466
222815,64196
9707,108679
9707,10695
9707,47211
69707,253909
69707,304861
69707,65816
69707,12951
69707,65378
128267,78242
128267,74411
128267,136166
20507,12462
20507,12490
64187,52341
64187,519
64187,59884
64187,11981
64187,123621
13067,4005
13067,4201
13067,408
13067,88
57468,250092
57468,43966
57468,114857
57468,34716
83868,4005
83868,1322
83868,6544
83868,46664
83868,115455
86753,37522
86753,8913
86753,8838
86753,8607
86753,9003
78113,151855
78113,38585
78113,58870
78113,78111
8753,39241
8753,138
14273,14343
14273,218352
148913,260029
148913,105445
148913,117320
148913,232259
148913,188213
93713,13321
93713,1999
93713,308
8274,4005
8274,25856
113394,37494
113394,32972
113394,68127
113394,59604
113394,88
81234,241053
81234,59377
81234,64280
121076,29247
121076,158948
125876,219383
125876,1793
125876,677
271556,136683
271556,93500
271556,12021
278036,5123
278036,77078
278036,68027
278036,71240
53396,160181
53396,53389
53396,22800
53396,53409
190210,75972
190210,82159
190210,150792
190210,109750
190210,109743
103570,138
103570,155207
103570,9800
367810,31949
367810,341992
367810,62215
32770,1426
32770,70072
32770,32246
251650,340749
251650,229015
251650,179507
251650,225315
161890,76561
161890,31729
236290,19559
236290,298355
236290,84063
236290,4446
233890,360460
233890,6971
58210,283078
58210,13841
58210,61906
33971,15278
33971,4528
33971,117838
33971,1322
280691,5792
280691,138
280691,149874
16211,1
286699,286697
286699,291221
286699,294192
286699,248261
286699,236720
115579,77244
115579,56880
115579,28987
115579,6665
247819,1
57019,13643
57019,3979
57019,70012
377899,365
377899,123529
377899,677
377899,5224
27019,54778
27019,73276
27019,80886
27019,29801
67579,196963
67579,160487
67579,68000
67579,299708
12379,23872
12379,182357
12379,75647
12379,19326
12379,6231
193339,760
193339,1269
193339,88
17423,19027
17423,280
17423,138
17423,8417
264623,104803
264623,104666
264623,2676
264623,35278
170303,101961
170303,170218
170303,57161
170303,103057
94703,61715
94703,88
94703,71822
94703,19572
5663,83171
5663,74277
157103,66321
157103,266059
157103,52669
27023,160138
27023,10061
93503,206
93503,8109
93503,8081
133355,27753
133355,30230
133355,110754
63995,3910
63995,14324
63995,88
23675,19904
23675,120958
23675,1187
23675,12478
242557,9994
242557,43299
242557,6
242557,152973
242557,5792
252397,252395
56797,40307
56797,263597
56797,105232
44557,2381
44557,1398
44557,47090
96397,761
96397,78173
96397,93
96397,8137
96397,74281
24637,42
24637,16712
24637,14483
24637,26799
95437,2039
95437,188336
95437,171788
252157,179470
252157,304863
252157,101856
322243,6951
322243,6978
322243,322241
322243,95211
52243,11318
52243,11313
52243,69554
403,655
403,555
403,19142
403,645
42883,42
42883,19550
42883,1988
112243,73534
112243,119299
112243,181237
251683,8417
251683,255433
251683,251682
358966,396377
358966,88
358966,37532
358966,394390
9526,100708
9526,2199
24406,31872
24406,48020
24406,1158
24406,129104
24406,24405
25856,9604
25856,4201
25856,4005
25856,27205
115136,2844
115136,3230
115136,54486
115136,61499
115136,129905
277616,68000
277616,307265
277616,77068
277616,69237
87776,88
87776,60509
87776,677
371216,3549
371216,677
4736,301
4736,141251
154736,88
154736,3549
154736,105357
154736,2163
34256,263020
99776,12847
99776,38328
99776,31711
50576,22829
50576,22824
50576,78408
73136,92936
73136,57648
66656,130795
66656,4440
66656,38997
338336,262425
338336,363334
338336,338332
338336,262426
32337,32031
32337,45935
32337,11603
174657,352
174657,317
174657,130795
174657,211
273057,677
273057,857
273057,3393
273057,273055
44577,2014
44577,677
44577,352
131217,138
131217,125944
131217,4728
70747,1242
70747,70751
70747,1426
70747,55668
232507,30230
232507,39510
232507,99126
261307,36558
261307,95925
261307,261308
261307,79643
177547,17803
177547,170962
177547,24146
2829,103740
2829,2808
2829,2837
6909,47229
6909,4464
6909,35178
314349,39524
314349,30230
314349,56631
2349,122003
2349,106278
2349,148852
2349,332412
172509,352
172509,151979
122589,52399
122589,239514
122589,13869
122589,54476
45309,35996
45309,109724
45309,45296
49149,40267
49149,14093
41229,112127
41229,468
41229,25766
41229,677
48921,42679
48921,20194
77481,77485
77481,67736
77481,54200
77481,26753
18681,18662
18681,14819
18681,18657
18681,2991
69321,5950
69321,108812
253161,202346
253161,189258
253161,107334
253161,249648
7641,6014
7641,47891
56361,3549
56361,2250
56361,677
56361,35161
107481,138
107481,3858
107481,150033
107481,2921
107481,101715
48442,138
48442,2671
48442,30021
245002,10244
245002,555
245002,50156
245002,301
245002,88
74842,66806
74842,138
49402,1031
49402,365
49402,34088
49402,11895
109402,80132
109402,102858
109402,138
109402,5205
26362,5
26362,1005
26362,35134
48922,385
48922,1322
48922,20484
283178,677
283178,215430
283178,219061
283178,10299
283178,15799
29978,32854
29978,32819
29978,49915
3818,1
32138,5825
32138,44866
32138,42497
32138,32133
43898,6405
43898,11917
43898,138
81338,138
81338,1426
81338,93
81338,1871
320858,76619
320858,344082
320858,248
320858,51742
320858,309235
108460,258141
108460,106973
108460,100924
108460,127324
150700,11192
150700,352
150700,112165
76300,11880
76300,15034
3820,87018
3820,138
3820,87017
3820,3813
84940,2480
84940,352
84940,2940
71500,1971
71500,8402
71500,5896
45585,38488
45585,208912
45585,34630
43905,42
43905,10
54225,67581
54225,128779
61185,248
61185,45144
61185,9509
61185,16313
15345,124990
15345,2185
15345,9629
15345,2280
10785,14542
10785,5977
10785,677
10785,385
83985,1971
83985,48820
83985,4201
83985,138
160785,160763
160785,11565
160785,56128
160785,106131
12225,78770
12225,12193
12225,12244
12225,88
33825,365
33825,86056
33825,37691
57826,192450
57826,42497
57826,5825
57826,47419
57826,146202
176866,299627
176866,281081
103666,52419
103666,103057
103666,51742
103666,68713
103666,52387
298546,297749
286546,115766
286546,12185
330226,352
330226,677
330226,8005
288226,297318
288226,59529
288226,288233
288226,269736
288226,290288
30231,72884
30231,33177
30231,71562
30231,58146
192231,114964
192231,170709
192231,142067
192231,74330
136551,352
136551,23359
136551,5696
136551,408
192951,677
192951,3549
192951,233830
192951,215430
48471,396
48471,529
48471,301
86155,6512
86155,93500
86155,20534
86155,8104
101275,64805
101275,32150
101275,6512
101275,8077
121675,1426
121675,203910
121675,88
121675,87922
121675,121670
49435,58386
49435,32045
49435,3979
49435,26661
33835,138
33835,59147
33835,4101
5515,39034
5515,206
5515,80499
5515,16753
96235,18223
96235,30866
96235,32555
96235,102870
260161,305092
260161,179941
260161,283967
260161,30230
260161,334934
148801,2676
148801,14038
225618,42573
225618,7937
225618,3549
225618,93478
126738,677
126738,1988
126738,10647
126738,15885
126738,1971
290423,23764
290423,12507
290423,138
389783,308744
389783,236
59543,60798
59543,294406
59543,81266
59543,59541
111863,95845
111863,39029
111863,111864
111863,35087
10103,12539
10103,523
10103,13024
13472,147482
13472,52972
13472,135084
13472,14078
134912,110665
134912,18223
134912,16315
134912,33847
134912,33854
278432,119463
278432,84368
278432,45790
278432,75662
2432,13955
2432,4005
2432,39919
2432,11186
72995,12366
72995,73012
72995,72999
55239,1988
55239,54486
55239,45137
55239,53018
55239,88
261159,27021
261159,94808
261159,7401
261159,147253
249639,305935
249639,251166
249639,107334
249639,249638
42759,13525
42759,3549
65328,65324
65328,21363
65328,65331
65328,65817
249648,42
249648,293388
249648,51757
45168,11844
45168,249
45168,2918
45168,228
3417,8266
3417,4376
3417,88
3417,762
105177,26152
105177,88
105177,45137
105177,189974
54778,239245
54778,1322
54778,42
13498,40242
13498,23563
288071,23764
288071,110004
288071,12507
288071,40675
192551,216
192551,147975
192551,49675
192551,146109
117191,1793
117191,1031
117191,13740
208874,46413
208874,78341
208874,167254
208874,3211
92234,2480
92234,17507
92234,87670
44234,138
44234,31462
44234,26129
188235,109565
188235,188241
188235,188239
188235,188240
315915,137433
315915,352
315915,12507
315915,55053
315915,88
121515,70060
121515,28069
236720,121484
236720,189261
236720,249
80,702
80,5
80,3410
146000,283646
146000,151442
40400,15703
40400,48676
40400,11385
139280,37489
139280,16344
139280,21078
139280,4910
139280,8747
29371,12030
29371,51257
29371,69397
29371,10753
59147,22909
59147,33835
59147,6932
59147,16452
299627,167795
299627,69188
299627,176866
299627,73213
57719,301
57719,797
57719,308
31319,18595
31319,103517
127319,138
127319,81677
127319,511
141719,817
141719,44636
141719,45540
40443,16598
40443,166582
40443,408
40443,3549
163803,38125
15963,645
15963,100089
15963,59198
34203,8755
34203,123597
34203,123603
180127,9797
180127,112050
180127,180126
180127,89926
180127,97188
90847,118220
90847,137365
90847,168558
90847,84628
141251,236843
55811,23882
55811,16830
55811,15185
83171,32098
83171,30493
83171,31532
34213,33277
34213,34203
34213,102342
146059,57022
146059,64828
146059,297887
146059,2918
146059,190700
128779,109628
128779,73244
128779,299627
128779,69201
96619,32427
96619,2854
96619,3012
96619,43909
107179,57108
107179,28097
111979,250940
111979,68859
111979,68839
111979,357439
145102,28659
145102,13255
145102,28714
145102,16745
96622,74723
96622,83320
96622,43909
96622,241930
39034,138
39034,9208
39034,1554
39034,2263
137914,86552
137914,133740
137914,160138
137914,172488
137914,20798
137914,353350
63524,59172
63524,63364
63524,138
88484,43929
88484,167048
118248,324289
118248,279196
118248,385483
335208,269720
335208,84150
335208,267374
335208,275943
335208,147513
120172,57984
120172,133355
120172,121801
220492,227816
220492,265450
220492,225613
220492,25900
346254,129563
346254,359910
346254,323123
253614,108792
253614,62979
253614,33443
253614,324991
361614,67097
361614,34341
361614,51520
361614,162325
361614,192073
361614,104038
228174,112214
261300,261299
261300,75721
261300,29196
66906,160487
66906,67736
66906,73319
66906,82108
66906,73329
4986,13692
4986,26635
59226,40556
59226,23519
39066,39029
39066,93260
39066,120147
23717,12344
23717,119028
23717,21645
23717,40633
215237,109724
215237,71826
215237,2676
199877,123248
199877,287840
199877,287845
71717,45540
71717,2940
71717,37917
71717,137715
137960,299216
137960,180526
137960,137958
307882,2676
307882,84172
307882,39909
307882,71585
136042,1315
136042,43294
136042,6979
136042,138
77485,67573
77485,71335
77485,65331
77485,77481
125485,677
125485,8005
125485,88
125485,7958
173014,56429
173014,117919
77974,160610
77974,4259
77974,75026
28054,66832
28054,54229
28054,55195
28054,26753
22774,7560
22774,17445
22774,3720
22774,72298
22774,12949
3094,408
3094,2199
67432,29633
67432,94209
67432,33810
67432,1503
67432,412
161032,1982
161032,18107
161032,4201
161032,24804
86152,8097
86152,138
29993,187241
29993,105431
29993,2676
288233,288226
288233,280119
288233,269729
55916,11844
55916,2918
55916,146059
55916,26682
55916,847
117838,15278
2158,21239
2158,761
6498,187727
6498,9526
6498,271626
6498,256752
325218,215743
325218,231679
330500,61613
330500,386066
330500,6971
330500,18388
330500,152532
277220,138
277220,88
277220,95913
226340,86412
226340,72082
226340,28054
226340,226341
305549,272971
305549,88846
305549,177805
305549,305550
127469,66778
127469,183874
127469,2918
221075,26682
221075,154456
221075,51742
221075,93
19955,86139
19955,41894
19955,244594
19955,244591
1242,1426
1242,15138
1242,1275
1242,6502
280602,4821
280602,7533
280602,83920
13244,83614
13244,88
13244,138
13244,6979
71324,34797
71324,37489
71324,44036
71324,14591
71324,30241
25260,14833
25260,43129
25260,36905
71822,116139
71822,7592
71822,44447
355503,45754
355503,11881
355503,11880
355503,12440
59343,29802
59343,59541
59343,365
109743,190210
109743,150792
109743,109724
109743,46923
30552,10081
30552,55377
30552,29407
62232,8806
62232,8755
62232,52335
62232,25580
44475,32783
44475,119641
44475,44474
336795,172488
336795,217610
336795,206627
336795,208500
229755,1247
229755,6583
229755,762
229755,8898
229755,10
46401,73669
46401,88
200971,30534
200971,138
200971,352
200971,301
200971,18792
13771,39961
13771,58814
13771,61392
13771,101381
22891,138
22891,352
22891,22893
160181,173308
160181,20194
160181,46664
160181,138
160181,20200
388181,138
388181,129072
388181,80280
388181,53652
367061,95913
367061,367060
367061,79651
367061,329306
7541,7569
7541,88
7541,1005
227868,74195
139068,250329
139068,247893
161158,396
161158,2741
161158,36905
161158,5639
76198,33807
76198,112951
76198,56000
76198,33808
76198,33823
283078,507
283078,58210
283078,61906
283078,47483
191398,2893
191398,110037
191398,117634
191398,274
206770,76000
206770,98608
206770,35338
293664,7569
293664,114577
109824,89556
109824,163231
109824,184487
109824,32494
109824,42920
109824,323244
20544,8398
20544,138
20544,2199
150144,294192
150144,191398
340709,87768
340709,87759
37349,88
37349,184
37349,166489
37349,46668
37349,40147
267749,172154
267749,280598
267749,110259
267749,6971
57994,113956
57994,34797
57994,80249
57994,59945
153514,263455
153514,4076
153514,248
153514,92611
9994,1793
9994,29039
9994,138852
9994,9604
9994,1971
116075,78549
116075,6669
116075,13854
307115,101856
307115,64610
238475,285524
238475,82567
72884,123938
72884,104703
72884,138
72884,72795
72884,98774
42644,49780
42644,9935
42644,335
2808,26682
2808,2837
2808,105861
2808,2825
248088,279271
248088,79647
248088,116092
248088,238436
277848,330867
277848,275685
277848,281302
45528,45497
45528,43909
45528,2854
45528,76981
64729,138
64729,59945
64729,239526
116089,20914
116089,14584
116089,16344
190489,9731
190489,114764
258169,59377
258169,150922
258169,86380
23451,12366
23451,23764
23451,107240
102651,43905
102651,199461
102651,550
285551,160972
285551,75370
285551,36558
285551,295682
285551,106951
12911,28987
12911,81677
12911,189175
12911,39634
236111,308
236111,38458
236111,9351
236111,100547
26831,93
26831,2940
58995,385070
58995,82236
58995,116353
58995,90578
221246,3549
221246,352
221246,26549
221246,244974
133886,132187
133886,22915
133886,195323
133886,242174
133886,15859
180926,79880
180926,22333
180926,82305
180926,258130
98848,17278
98848,48793
98848,385
98848,36789
56128,78854
56128,59858
56128,134435
56128,56103
56128,13255
2851,1
35977,122534
35977,12057
8137,13854
8137,138
8137,2778
101737,301
101737,96702
101737,51757
220787,19369
220787,169182
220787,93
122867,242153
122867,40225
122867,74703
122867,38711
59028,3353
59028,2042
59028,26456
206388,14889
206388,40402
206388,21403
55668,162845
55668,105445
21588,29407
21588,5896
21588,102260
99828,188198
99828,1469
106548,269292
106548,507
241431,67165
241431,79250
241431,24914
85431,66833
85431,73320
85431,95462
85431,69285
85431,73319
131031,85221
131031,87149
131031,38585
72471,65331
72471,71240
12951,69678
12951,138
