100400,170021
38234,42588
38234,1205
38234,301
38234,41305
38234,5793
23198,28653
23198,80979
23198,2368
23198,23195
23198,317
8603,118169
8603,138
8603,49694
81893,30467
81893,301
81893,1005
81893,23515
81893,30456
5246,1988
5246,73050
5246,14188
5246,88
5246,677
97829,1343
97829,18536
97829,6
22253,14996
22253,3549
22253,14991
22253,2676
43742,1
83582,1426
83582,13643
83582,24787
83582,782
23969,18079
23969,109972
6317,23796
6317,1850
6317,18416
6317,18033
6317,3944
7445,14801
7445,1315
7445,6355
7445,1190
187577,3994
187577,48319
187577,11880
187577,138
353,137558
353,2676
353,90811
353,162757
22034,13643
22034,1665
22034,69554
3413,24934
3413,77383
3413,70534
3413,2698
3413,8738
2495,352
2495,26279
2495,2480
2495,408
83327,18107
83327,352
83327,10917
83327,211981
286814,172488
286814,337271
286814,179507
286814,206627
286814,277966
479,9746
479,138
479,74585
1835,6544
1835,40087
1835,1823
138164,31610
138164,41317
1982,14801
1982,1767
1982,4824
1982,8398
26279,124836
26279,126404
26279,468
26279,13321
26279,2480
94013,21229
94013,21984
94013,59020
94013,23685
94013,151491
18536,20162
18536,80802
18536,88
17507,81190
17507,16598
17507,79671
15632,31284
15632,15643
15632,138
109628,77068
109628,109648
109628,338834
109628,128770
109628,69237
109628,68000
99884,2199
99884,138
99884,9208
99884,39081
16598,17507
16598,14367
20468,352
20468,408
20468,88
23162,2480
23162,1443
23162,333
7691,17985
142664,33118
142664,2412
142664,29267
1274,308
1274,138
1274,352
1274,1426
1274,19582
18722,52
18722,179091
18722,42588
49694,113106
49694,49701
49694,8913
49694,72037
152591,45356
152591,7477
152591,8266
152591,19582
152591,6374
2450,110284
2450,25387
2450,25395
2450,479
31385,4201
31385,16092
31385,98111
31385,8398
58514,11620
58514,137106
58514,1850
58514,33145
50645,27266
50645,2356
50645,11907
50645,29267
821,1254
821,30429
821,8490
821,1228
821,1264
18143,44609
18143,95516
18143,143632
18143,18107
18143,83327
12440,3467
12440,3466
12440,12482
12440,86813
26120,4201
26120,126571
22457,17307
22457,468
22457,22452
22457,2427
26129,3873
26129,72367
26129,7427
26129,31462
72326,408
72326,60118
72326,138
72326,301
171650,212842
312107,286538
312107,274072
312107,274077
14,1559
14,1522
14,7888
169826,1793
169826,132618
169826,88464
169826,37023
159584,1
1793,1031
1793,9731
1793,1767
1793,7396
114530,174310
114530,52505
114530,101451
3998,88
3998,3999
3998,13811
129848,10647
129848,144685
29537,76795
29537,8398
29537,479
29537,138
29537,14932
8723,8828
8723,18442
1031,5444
1031,1793
1031,5625
9791,62090
9791,2250
9791,62087
154526,9892
154526,645
154526,136724
154526,138
1850,7445
1850,69
1850,6317
308,1168
308,2427
308,88
308,352
69554,83582
69554,22034
69554,352
4526,88
4526,9791
4526,3549
117230,142664
117230,42064
117230,1793
29267,136216
29267,28686
29267,50682
677,352
677,3549
677,88
102278,169826
102278,286814
102278,479
102278,5686
33827,19159
33827,138
33827,69471
2480,23563
2480,23162
230147,136724
230147,274077
230147,210802
230147,171650
121412,3998
121412,9328
121412,3999
121412,88
21545,301
21545,138
14156,645
14156,73050
14156,352
14156,2559
1895,17226
1895,52505
1895,93
1895,885
503,138
503,38249
503,26233
503,204558
503,19540
503,4201
94142,85287
94142,20066
94142,2580
94142,2495
5,9648
5,555
5,69
5,1315
1988,4201
1988,38328
1988,26129
1988,213160
43544,42459
43544,352
43544,408
43544,3549
18107,18069
18107,18143
18107,30162
18107,83327
42,24
42,1279
42,1426
42,308
396,421
396,8224
396,73196
582,14944
582,8186
582,8463
582,1426
756,2099
756,138
756,17847
966,941
966,97709
966,138
966,29462
966,58433
1260,17278
1260,628
1260,1322
1881,76265
1881,138
1881,1024
1971,9152
1971,2671
1971,597
2007,2940
2007,480
2007,187955
2007,27
2163,10917
2163,139218
2163,408
2295,26002
2295,8186
2331,17671
2331,14801
2331,1982
2778,760
2778,3944
2778,138
3285,1971
3285,8122
3285,762
3285,14932
3393,677
3393,10446
3393,352
3393,8005
3393,408
3534,385
3534,37685
3534,3008
3534,31462
3798,88816
3798,2427
3798,43273
3798,352
3969,485
3969,1907
3969,20894
4005,13162
4005,629
4005,13142
4005,13052
4005,13058
4134,17425
4134,211
4134,1511
4134,164533
4290,13955
4290,1322
4290,1879
4302,44474
4302,629
4440,144754
4440,159156
4440,151996
4440,93949
5253,333
5253,53550
5253,9754
6855,1031
6855,19772
6855,40859
8211,40107
8211,352
8211,19819
8421,77336
8421,39081
8421,27872
8514,677
8514,83578
8514,16688
8607,8695
8607,18442
8607,8709
8607,46748
8709,8960
8709,138
8709,71968
8709,8607
8709,63680
8898,38082
8898,1803
8898,72572
8928,138
8928,8604
9621,994
9621,10
9621,10619
9621,1871
9798,15596
9798,46799
9798,19540
9798,18082
9864,11549
9864,60512
11211,11235
11211,35813
11235,98111
11235,11211
11235,51261
11556,51341
11556,13740
11556,9731
11556,7427
11571,58269
11571,34761
11571,425376
11571,112362
11634,32032
11634,160876
11634,14377
13020,88650
13020,511
13650,2077
13650,48287
13650,6527
13740,1190
13740,19623
13740,25887
13740,9754
13740,138
13854,9180
13854,38335
13854,98180
13854,1762
13869,44800
13869,1793
13869,219864
14376,31256
14376,41594
14376,31284
14376,138
14880,13317
14880,14801
14880,385
15138,2316
15138,31052
15138,1275
15408,29039
15408,18741
15408,582
15408,994
15408,61766
16476,171592
16476,16137
16476,80105
16476,10711
16713,25883
16713,3549
16713,523
16713,20369
16872,45137
16872,138
16872,61221
16872,16137
16872,18107
18129,60477
18129,26120
18129,4201
18180,15844
18180,10927
18693,14932
18693,131791
18693,762
18768,3549
18768,619
18768,2548
18768,18925
18768,12158
19329,18178
19329,4201
19329,9490
19329,1042
19623,1190
19623,13740
19623,7427
19623,26250
20007,39417
20007,91419
20256,42679
20256,16604
20256,12949
20256,20200
20256,22820
20583,16688
20583,84
20583,6760
20583,18784
20583,10606
21426,10647
21426,31408
21435,8490
21471,13740
21471,9731
21471,1190
21471,80554
21471,1031
22311,3930
22311,140439
22311,14324
22311,22681
22593,110402
22593,44398
22593,55554
22641,37489
22641,78968
22641,401305
22641,28097
22752,44143
22752,16604
22752,42679
22752,22792
22752,138
23460,29267
23460,2363
23460,23455
24459,214739
24459,385
24459,365
24459,10711
24459,3549
24477,35681
24477,24747
24762,24759
24762,308
24804,677
24804,36660
24804,3549
24804,48621
25467,73050
25467,2918
25467,249
25467,30353
25626,3335
25626,1988
25677,4427
25677,1971
25953,12738
25953,2250
25953,352
27708,1005
27708,161381
27708,34516
29163,46682
29334,155534
29334,170093
29334,88
29505,138
29505,7427
29505,29879
30927,121714
30927,80516
30927,124445
30927,37023
31449,15643
31449,1995
31449,40493
31449,1205
32043,977
32043,49591
32043,58369
33441,69537
33441,74470
34335,2109
34335,22883
34335,24981
34335,909
34335,9731
34452,8398
34452,13643
34452,14996
34452,14991
34452,32783
34797,1
36192,31585
36192,138
36216,64578
36216,64665
36216,64680
36558,88
36558,36583
36558,146024
37347,54265
37347,91103
37347,24095
37347,88
37803,550
37803,40447
37803,37815
37803,17495
39171,35325
39171,86985
39171,33707
39171,21595
39417,16092
39417,80068
39417,42304
39417,150677
39909,352
39909,33298
39909,66293
39909,88
39909,66292
40242,29616
40242,18079
41334,1850
41334,138
41334,4824
41334,5896
41424,24111
44133,16604
44133,20200
44133,42679
44133,138
45828,374188
45828,199999
45828,37815
47280,42900
47280,10822
47280,93183
48069,183423
48069,27740
48069,42828
48864,25395
48864,10542
48864,13392
48864,54422
49200,12928
49200,92438
49200,11895
50271,79693
50271,7569
50271,88
50772,295351
50772,29039
50772,29879
50796,16427
50796,153342
50796,11922
51900,2131
51900,1237
51900,24400
51900,1665
52815,11635
52815,52887
52815,977
54156,122842
54156,199773
54156,39241
54525,6463
54525,13321
54525,178114
54738,308
54738,352
54738,1426
55554,2420
55554,9754
55554,9731
55554,2444
55554,38067
56103,28642
56103,134435
56103,56135
59412,56798
59412,116352
59841,49582
59841,48702
59841,263069
59841,941
59841,49579
61794,100708
61794,130899
64065,88
64065,10294
64065,11945
64065,6495
64065,30070
64065,15926
64494,352
64494,44609
64494,3969
66201,47229
66201,32206
66201,162611
66201,104426
67062,301
67062,125640
67062,77365
67062,101724
67323,3199
67323,98235
67323,15706
69471,53652
69471,33929
69471,275302
69939,18108
69939,8170
69939,143632
69939,143634
69939,1047
70302,77721
70302,11895
70302,10213
70302,51341
71901,9746
71901,9731
71901,127811
73485,68000
73485,3477
73485,78690
75912,100294
75912,86230
75912,80516
76047,3285
76047,138
76047,41842
76047,76065
76128,2199
76128,51425
76128,1767
76128,31391
76128,138
76128,2250
76995,25552
76995,1803
76995,274472
76995,27664
77070,68000
77070,43742
77070,128770
77856,86361
77856,555
77856,88
77856,2077
80709,124445
80709,18388
81429,121845
81429,181281
81429,479
82362,18052
82707,13811
82707,677
82707,88
84918,5810
84918,76795
84918,37815
84918,138
84918,40447
86034,49460
86034,85826
86034,124836
86640,8960
86640,138
86640,109527
86781,18575
86853,679
86853,20376
86853,301
86853,407
89820,47040
89820,5297
89820,177355
93528,34748
93528,29039
93528,102260
93528,112913
93528,9754
93861,90033
93861,152192
93861,63840
93861,13442
97089,219595
97089,230290
97089,36224
97089,97085
97527,13128
98838,352
98838,18393
98838,107556
99216,104945
99216,124850
100116,2377
100116,110438
100116,2373
100116,68875
100422,95648
100422,313679
100422,112127
110967,93174
110967,69626
113778,44022
113778,88
113778,138
113778,133676
118401,1793
118401,45783
118401,134426
118905,26120
118905,4201
119310,119943
119310,109415
119310,39695
119310,206
119895,169386
119895,16449
119895,6971
121746,94645
121746,352
121746,81429
121746,82042
122256,18388
122256,305482
122457,88
122457,36558
122457,138
123798,94939
123798,268142
123798,2463
123798,1665
125346,3477
125346,23764
125346,138
125346,8398
125520,70361
125655,62674
125655,78854
125655,134435
128292,9590
128292,80683
128292,86552
128292,6855
128382,365
128382,11895
128382,29802
128601,37341
128601,175303
128601,89168
128601,8467
128601,22796
128601,82157
130059,7691
130059,78388
130059,53632
143472,14625
143472,149811
143472,22634
143559,95434
143559,93174
143559,93183
143559,108133
143559,11192
144042,4728
144042,523
144042,11895
144042,2250
144147,88
144147,80979
144147,619
145932,130486
145932,9342
145932,408
146742,11891
146742,16293
146742,172131
146742,192740
148374,11998
148374,73462
148374,138
148374,365
150300,205966
150300,198074
150300,346701
150300,181777
150300,179507
152913,122461
152913,89934
152913,260691
152913,230575
155613,10
155613,25677
155613,14149
155613,308
158664,95917
158664,29059
158664,93641
158664,124850
158664,11756
172131,16293
172131,62651
172131,10606
172131,221
176898,25912
176898,70534
176898,17647
178767,1315
184515,2360
184515,138
184515,144546
194148,316111
194148,298468
195819,227355
195819,37341
195819,20162
195819,122803
199410,157953
199410,160730
199410,56135
215220,210780
215220,3549
215220,138
218109,138
225375,217916
225375,6749
225375,3549
235635,270278
235635,232655
235635,258630
235635,177803
235635,116101
235635,150300
236355,4201
236355,408
236355,1988
251439,159687
251439,225928
251439,228438
252156,150197
252156,337271
252156,311722
255168,373177
255168,39524
255168,170021
255168,105232
258630,235635
258630,239272
258630,95913
258630,232655
258630,179507
285624,11895
285624,11998
285624,138
328299,39220
328299,30856
328299,6951
331821,120354
331821,103253
331821,82643
5000,1369
5000,1443
5000,5778
5000,333
26318,47040
26318,14367
26318,523
109247,229375
109247,21435
109247,185234
109247,1988
29753,3332
29753,18575
29753,2363
29753,26530
12539,81608
12539,29407
135317,40493
135317,62904
135317,33601
135317,6951
64196,138
64196,119891
64196,225885
64196,88
68051,24146
68051,33234
68051,138
99263,150978
99263,518
99263,11192
8927,293367
8927,8930
8927,71968
24338,1
123443,6855
123443,92593
123443,2280
123443,22543
123443,1031
4904,33472
4904,40307
4904,62215
4904,4909
172769,677
172769,18429
172769,3549
172769,13115
16730,29532
16730,71296
16730,69471
16730,30258
95930,48679
95930,29163
95930,38230
95930,9465
39515,40297
39515,33472
39515,99072
39515,39510
39515,28097
14606,31089
14606,65881
14606,14057
14606,40267
37532,88
37532,365
37532,138
139442,5224
139442,88
139442,440
276299,6157
276299,155534
276299,70923
65549,34220
65549,24173
65549,42828
65549,72846
153674,60911
153674,6868
153674,1205
153674,550
79703,34181
79703,69537
79703,84890
79703,7569
8468,523
8468,308
8468,352
98639,137610
98639,33472
98639,99053
5597,78408
5597,38627
5597,88
101156,294851
101156,206244
101156,72846
101156,75180
10373,591
10373,45391
144998,248391
144998,3199
144998,10227
144998,489
9590,42095
9590,44211
9590,108322
41837,6583
82112,78690
998,1369
998,2295
998,1024
110690,118045
110690,56176
110690,28097
4877,70698
4877,33472
4877,90622
14078,135084
14078,52972
14078,93656
99329,3969
99329,138
99329,45319
101912,3502
101912,80105
101912,138
101912,821
62657,3969
62657,3185
62657,106916
62657,352
62657,162364
126725,408
126725,10299
126725,111627
335,42640
335,41380
15878,77365
15878,1322
15878,7766
153791,36981
153791,11571
153791,10299
153791,136130
153791,174417
85910,10917
85910,51199
132959,352
132959,81767
132959,8154
132959,47389
5561,41204
5561,55867
5561,86842
5561,204409
2441,2427
2441,20798
2441,88215
2441,9731
2441,333
24137,52466
24137,28088
24137,52476
46664,16604
46664,20200
46664,38002
6593,1454
6593,138
95690,13553
95690,619
95690,36304
95690,87521
95690,13138
40796,149225
40796,45631
40796,97085
40796,59427
40796,66680
194801,219383
194801,23095
38072,206316
38072,7427
38072,78278
38072,79203
20591,25387
20591,18416
20591,13707
20591,17278
33854,134909
33854,64822
33854,111299
33854,35548
48059,30758
48059,28097
48059,92325
48059,63712
9881,4201
9881,11211
9881,44609
9881,95516
9881,8154
11303,3549
11303,365
11303,8005
11303,629
30758,48059
30758,53254
30758,88
30758,22631
18155,108197
18155,7427
18155,10705
30743,39365
30743,31267
30743,32098
30743,31532
30743,36243
217610,150197
217610,179507
217610,171183
217610,172488
217610,206627
7409,138
7409,16676
7409,365
7409,45137
195140,138
195140,38234
195140,1205
195140,30021
63917,23208
63917,1521
63917,220
332915,264810
332915,311722
332915,322308
95786,2250
95786,108197
95786,5
95786,123750
59096,4201
59096,8154
59096,24804
124013,4904
124013,50063
124013,8828
124013,10812
22820,80316
22820,20256
22820,20194
3053,37753
3053,55558
3053,39049
3053,2199
21203,15509
21203,87419
21203,301
20909,52957
20909,33707
20909,58090
20909,39194
73898,173334
73898,47710
2306,14880
2306,468
2306,24766
7850,28241
7850,7854
7850,1322
96734,42360
96734,677
96734,217784
7322,5810
7322,45828
7322,46827
7322,7304
21716,75848
21716,61499
21716,10267
32045,49591
32045,49579
32045,11635
32045,977
89,2778
89,5
89,2199
306536,116718
306536,114312
306536,101255
306536,127292
306536,125312
72419,29257
72419,43615
72419,29296
72419,29299
18635,485
18635,3216
18635,523
18635,211
82268,352
82268,88
82268,107188
105902,17278
105902,440
105902,1971
382055,9360
2414,4824
2414,1586
2414,1369
31337,73810
31337,53247
31337,31327
5696,17924
5696,31389
5696,677
5696,39601
59198,511
59198,40075
59198,44325
59198,117599
7766,1322
7766,4234
7766,1305
7766,7028
7766,352
719,23825
719,9356
719,23821
719,511
719,1063
461,1982
461,138
461,6317
146054,817
146054,821
146054,51757
146054,38208
146054,43667
64298,14606
64298,34178
64298,39515
64298,52476
8930,26498
8930,73386
14399,38311
14399,4614
14399,38316
2222,3566
2222,13768
2222,7427
2222,5390
40847,106178
40847,1767
40847,9731
40847,104852
216497,44126
216497,5597
216497,2010
216497,76180
216497,28911
154379,677
154379,11998
58670,1426
58670,52
58670,54425
27179,202442
27179,7427
6986,7008
6986,4262
6986,6527
8765,8755
8765,60039
8765,43966
8765,28097
104603,24114
104603,182489
104603,44022
191555,7923
191555,2769
191555,108197
191555,46
191555,88428
128537,43839
128537,228044
128537,12949
128537,94374
86852,27510
86852,352
86852,6405
86852,138
19904,79835
19904,169862
19904,264059
23117,42196
23117,65032
23117,23116
23117,36100
23117,23130
95900,240584
95900,122123
95900,122095
95900,36558
95900,223857
95900,198070
187862,64773
187862,2280
187862,27872
67178,93183
67178,97375
67178,1031
67178,47280
67178,16676
9572,251487
9572,183380
9572,37659
2114,106146
2114,186549
2114,24747
2114,1501
87419,24418
87419,137651
87419,11132
67721,14662
67721,14602
67721,30230
67721,37489
67721,14617
108749,11895
108749,26250
108749,120517
108749,31391
300140,10495
300140,11895
300140,365
138557,54220
138557,138552
138557,73485
124856,95908
124856,238884
124856,88565
95105,43689
95105,9020
95105,36216
95105,139948
383,52573
383,18311
383,2671
12089,12129
12089,16708
12089,10923
19364,3549
19364,19672
37019,2676
37019,3008
37019,1665
37019,352
88565,6199
88565,106761
88565,124856
6236,10399
6236,17639
6236,1105
6236,10410
133775,189297
133775,95648
53894,82332
53894,14057
53894,14093
53894,33283
8639,1237
8639,3566
8639,41818
273590,49236
273590,352
273590,4408
273590,762
54896,101320
54896,1988
54896,17104
58991,19148
58991,138
58991,90264
45119,18107
45119,47891
45119,138
45119,2199
145316,288579
145316,36905
145316,109527
145316,110924
75737,206
75737,58146
75737,408
75737,301
205259,20011
205259,65341
205259,12165
205259,20007
2492,333
2492,365
2492,5896
185060,138
185060,45818
185060,352
6608,29780
6608,25521
6608,88
329510,71243
329510,118189
329510,167791
113711,6971
113711,28097
113711,7691
113711,7592
113711,149304
119873,65498
119873,34662
119873,75006
119873,33441
119873,46291
18023,68254
18023,623
7781,5423
7781,16768
7781,9127
43625,74021
43625,16383
43625,66719
361187,350593
361187,350594
361187,286540
207506,35909
207506,677
207506,6079
207506,47217
266411,138
266411,8398
266411,205357
266411,352
76592,88
76592,29144
76592,365
76592,511
9704,227380
9704,67382
9704,7660
36749,226333
36749,19713
36749,172294
12971,74309
12971,16604
12971,11790
12971,22727
12971,42679
11966,88
11966,8459
11966,40107
11966,8114
36569,157348
36569,17803
36569,122442
36569,88
242033,69537
242033,233858
242033,39241
242033,152073
92330,138
92330,8417
92330,39081
92330,3053
7949,408
7949,88
7949,10917
7949,8398
7949,53954
28718,54992
28718,21164
28718,23268
28718,87911
29795,30125
29795,308
29795,15720
29795,86494
3983,69
3983,7279
3983,3410
3983,11939
3983,500
40307,105232
40307,62215
40307,33472
143453,408
143453,352
143453,3549
143453,677
48875,138
48875,17771
48875,333
48875,5898
37316,37326
37316,46537
66983,1105
66983,8398
146288,95905
146288,95917
146288,95922
146288,95890
2972,1275
2972,2654
131321,36660
131321,126385
17729,5857
17729,17507
17729,24804
61985,2195
61985,2985
61985,108165
61985,385
61985,533
101189,58204
101189,185350
101189,101188
72731,64298
72731,8755
72731,91679
299141,308858
299141,171183
299141,259665
299141,244312
51785,523
51785,2512
426833,378748
426833,208739
42350,32287
42350,1469
42350,2776
42350,11107
208004,570
208004,14726
208004,3471
208004,111873
149210,138
149210,36558
167615,142
167615,301
167615,1441
36725,15242
36725,1982
36725,8398
125363,138
125363,5686
180536,177015
180536,88682
180536,154650
180536,118383
180536,2179
180536,205357
40124,124305
40124,33443
40124,162828
40124,40783
43322,3927
43322,28096
43322,8806
43322,81945
257144,17358
257144,104426
257144,352
1142,2199
1142,6405
52217,150922
52217,159107
52217,149811
136922,127351
136922,36558
136922,157348
136922,106951
21386,27536
21386,17875
21386,5422
77549,31780
77549,365
77549,37489
3353,66270
3353,26456
3353,12597
3353,67165
118865,20679
118865,27002
118865,60622
59201,16688
59201,42979
85409,71968
85409,8784
85409,104719
138266,148015
37457,104608
37457,1971
37457,187993
37457,11074
37457,15594
8129,8169
8129,13152
8129,629
8129,32700
13055,14977
13055,14782
13055,4005
13055,3798
13055,4201
56357,199881
56357,225514
56357,4201
59528,106186
86810,23764
86810,119028
86810,2072
35210,117696
35210,37159
35210,9731
35210,196149
35210,16444
54476,104671
54476,104519
54476,365
1832,33505
1832,352
1832,408
1832,138
3197,39562
3197,138
3197,408
3197,8398
117026,109792
117026,10812
117026,50063
98210,51668
98210,2480
49784,35681
49784,16662
49784,35688
49784,74085
52877,111113
52877,365
52877,76592
260681,138
260681,396
260681,12013
260681,15500
260681,14377
16928,6529
16928,16916
16928,7813
46721,22792
46721,16604
27038,38434
27038,21605
27038,109527
27038,191136
124538,69537
124538,261483
124538,47821
124538,95039
28088,62534
28088,19148
28088,138
45416,39919
45416,50796
45416,16427
45416,55027
52298,6167
52298,14890
52298,12928
52298,29191
97196,257870
97196,122124
191654,27740
191654,280
191654,48069
24323,13024
24323,87655
24323,49937
24323,12597
24323,11895
173252,237243
173252,8025
173252,134677
231686,26753
231686,73485
231686,3269
41759,178531
39293,31904
39293,103253
39293,39241
112097,34929
112097,324321
112097,318697
112097,55964
101501,110402
101501,16137
101501,249
302474,138
302474,44022
302474,11107
56537,26120
56537,296639
127415,22966
127415,30966
127415,158406
230582,99231
230582,179507
230582,308858
230582,198074
230582,327041
34685,38311
34685,2199
34685,38328
34685,1322
49289,523
49289,29984
49289,1665
27362,47922
27362,40860
27362,22579
27362,5415
18311,40525
18311,18629
18311,138
18311,101592
182489,104603
182489,6014
182489,138
182489,136237
229727,88
229727,206
229727,220
229727,3809
415118,249653
415118,243553
415118,249656
91394,138
91394,1469
91394,49447
91394,2077
97181,239267
97181,124862
97181,205966
97181,194419
80069,10647
80069,18079
80069,20007
80069,138
29564,138
29564,10638
29564,10647
292337,249
292337,248
292337,2676
89708,49215
89708,142580
89708,77308
146534,18893
146534,1322
146534,29007
11912,6405
11912,55027
36290,29163
36290,138
36290,6979
45818,3549
45818,216
45818,325
45818,6749
126455,10495
126455,468
26135,365
26135,154304
26135,1168
26135,45137
26135,27519
19559,677
19559,88
19559,8005
213059,30230
213059,58045
213059,31793
4022,6555
4022,4543
4022,88
4022,45366
45296,111415
45296,138
45296,61535
129605,26076
129605,9590
129605,71094
387779,220716
387779,352
387779,404265
13520,41511
13520,404
13520,677
13520,13501
56771,31780
56771,116352
56771,33751
150476,15115
150476,74854
7862,629
7862,408
7862,40107
7862,29984
7862,1322
71141,98865
71141,27900
71141,43688
71141,138
252662,58775
252662,78968
252662,53171
252662,159427
109931,6495
109931,75080
109931,91602
42932,138
42932,7569
42932,119873
8402,5361
8402,138
8402,74352
23369,31625
23369,23297
23369,5810
23369,2109
80252,62215
80252,105232
80252,40307
80252,4909
80252,178045
349358,39220
349358,42927
349358,149483
2996,138
2996,1999
2996,10
297185,36622
297185,36558
117956,7781
117956,42419
117956,3477
117956,83501
117956,36290
87992,138
87992,31793
87992,88
6878,24301
6878,155541
6878,177111
167795,167801
144578,146024
144578,149210
144578,88
59162,26498
59162,204704
192323,263714
192323,239269
11603,64231
11603,33182
11603,34324
11603,24949
1283,3011
1283,18718
1283,73789
1283,46
158600,13134
158600,408
158600,3549
158600,22678
31949,39515
31949,40307
31949,33472
122174,10927
122174,17175
29675,2014
29675,9342
29675,677
37793,1469
37793,54280
37793,112913
37793,34352
25415,9180
25415,25420
25415,36905
25415,138
25415,219525
107819,49770
107819,213925
107819,16566
89060,5857
89060,138
89060,16013
92993,84010
92993,101922
92993,98020
92993,20566
29375,408
29375,15242
29375,352
164318,301
164318,39456
3191,11542
3191,28697
3191,41095
3191,29267
3191,2363
164771,69830
164771,155433
35894,3549
35894,12738
35894,677
35894,35823
91679,72731
91679,56798
91679,5625
248,102186
248,108894
248,108890
92561,8667
92561,138
92561,7691
133691,52015
133691,29257
123956,330
123956,3797
123956,20446
111515,28586
111515,125073
111515,262504
58814,138
58814,13740
58814,39961
58814,102820
43025,29984
43025,151506
43025,19672
45374,6121
45374,27664
45374,55077
45374,318823
42626,14729
42626,9195
42626,27853
42626,138
14093,39515
14093,57736
14093,33472
121664,308
121664,60477
121664,84181
121664,13516
88844,6855
88844,83990
88844,5390
88844,5896
4169,48761
4169,22998
55697,42932
55697,16466
55697,34844
135332,7965
135332,78869
135332,1988
126398,65896
9251,479
9251,18107
9251,9208
63842,35440
63842,292
63842,236471
63842,26357
63842,16344
63842,12738
265136,26538
265136,44539
265136,26542
265136,29264
265136,3185
61817,7969
61817,565
61817,542
61817,46459
4349,12084
4349,2691
4349,41278
4349,83716
107486,36558
107486,146024
107486,192250
107486,296618
6968,73160
6968,30869
6968,247842
10715,10917
10715,16598
10715,4201
13187,15115
13187,18311
13187,2612
13187,333
137,994
137,1328
137,6
137,8635
154946,3185
154946,23428
154946,352
20066,5810
20066,138
20066,16598
20066,40447
124565,86376
124565,57503
124565,28097
7628,10
7628,79203
2420,19772
2420,1031
2420,23162
7940,43795
7940,13808
7940,365
7940,78
165197,88
165197,109415
165197,3659
69608,19204
69608,4201
69608,42900
81608,8618
81608,479
81608,138
52937,135185
52937,52905
52937,52922
52937,111113
76919,193094
76919,55776
76919,29375
31850,59945
31850,8755
31850,31337
31850,31327
76472,2077
76472,308
31271,31267
31271,31532
31271,31256
43667,101958
43667,42
43667,36551
43667,38208
151799,12646
151799,172601
151799,42
120485,1454
120485,6405
120485,43742
3425,5116
3425,83538
3425,116957
3425,89805
79445,79430
79445,53675
79445,53632
15413,15398
15413,122552
15413,229819
15413,10807
245015,352
245015,72467
245015,8005
245015,67881
164,113074
179243,1999
179243,10262
179243,51091
179243,82562
365000,14648
365000,30230
365000,183423
43895,4575
43895,88
43895,6555
94016,201312
94016,10875
25157,3910
25157,1840
30230,14075
30230,2164
30230,28097
30230,7533
12629,48793
12629,21921
12629,80410
12629,96354
12629,2185
55964,113019
55964,34797
55964,14662
120077,32972
120077,78140
120077,44447
120077,67666
120077,88
20432,5053
20432,606
20432,420
20432,20431
208712,138
208712,9180
208712,23194
67673,71141
67673,184189
67673,59945
34178,33458
34178,28455
34178,34181
34178,119891
34178,16449
41069,1068
41069,28631
41069,11485
41069,29267
41069,13227
16466,6971
16466,33436
16466,50271
16466,70150
16466,78809
414545,243553
414545,225087
192995,129434
192995,2854
192995,107481
192995,249
192995,192998
82385,28086
82385,30992
182195,6014
182195,138
182195,88
253025,88016
253025,122047
253025,110489
87875,629
87875,4201
87875,18107
87875,1322
166535,85511
166535,110633
166535,47040
176615,234727
176615,51742
176615,46886
176615,80829
1295,555
1295,5918
1295,1024
175055,77432
175055,480
175055,4411
175055,317
175055,762
265505,269460
265505,301
265505,185480
265505,36558
265505,122488
24305,81586
24305,93141
24305,523
24305,61794
24305,24301
188735,151464
188735,181712
188735,8303
90185,83435
90185,19117
90185,68958
90185,16103
12275,12436
12275,12212
12275,88
12275,110004
132005,2042
132005,44446
132005,14584
223805,4201
24815,138
24815,51900
24815,138535
24815,7793
24815,50329
83765,69725
83765,31793
83765,24156
23255,49673
23255,68939
23255,88
23255,138
8285,61535
8285,88
8285,149435
8285,16862
8285,35795
35795,49049
27575,41640
27575,16137
27575,1315
272945,272965
272945,200107
272945,75367
272945,122123
272945,88
13475,11571
13475,363734
98315,83435
106025,220
106025,5245
106025,80467
106025,53043
140765,140801
140765,355420
140765,39116
89945,89934
89945,89949
89945,264264
89945,124869
177755,63667
177755,154476
177755,12988
74555,32172
74555,68127
74555,754
182375,1297
182375,4421
182375,162793
182375,62011
85775,15372
85775,677
85775,85777
85775,945
96005,16028
96005,5550
96005,65738
96005,1247
41975,18388
41975,69547
41975,6971
146135,140895
146135,378281
146135,48869
377045,1228
377045,1254
377045,27952
377045,10
32465,166998
32465,65678
32465,34181
192725,12973
192725,136093
192725,7836
192725,29159
117095,49172
117095,14564
117095,82123
117095,80249
318095,97181
318095,89000
318095,75370
318095,149210
318095,68285
318095,122474
8855,8784
8855,117026
8855,50250
8855,19936
8855,86139
393635,311905
393635,88
1715,64065
1715,6495
1715,1728
1715,88
98735,352
98735,74790
98735,98737
30785,88
30785,511
30785,677
30785,10772
185195,9845
185195,77276
185195,117041
185195,77212
3365,41398
3365,24907
3365,994
41465,95409
41465,60230
41465,100387
41465,119651
19655,21960
19655,1321
19655,321
19655,805
19655,4113
59135,9351
59135,43885
59135,100551
59135,110105
101825,101856
54215,67736
54215,70549
54215,287575
2915,3858
2915,43909
2915,100924
2915,247
2915,90212
355865,266307
355865,297108
355865,168073
33575,352
33575,55605
33575,3449
33575,32469
179167,4824
179167,138
125797,288770
125797,94613
125797,4137
22627,36224
22627,138
22627,89227
22627,91211
22627,38503
22627,66680
8947,50239
8947,50271
194497,4201
194497,1988
194497,408
194497,677
66907,88
66907,69237
97147,39524
97147,7691
97147,14648
144127,117539
144127,301
144127,44605
144127,77232
57637,11192
57637,27796
57637,72367
18397,73878
18397,1544
18397,138
18397,2141
74557,128854
74557,22666
74557,36551
74557,396
74557,9360
35647,9754
35647,78549
35647,2527
46927,88
46927,44651
46927,74016
37,24
37,138
23767,38434
23767,191136
23767,23764
23767,109527
23767,128918
24007,101451
24007,138
24007,52505
170677,26085
170677,11895
170677,26104
170677,7068
170677,13442
23137,1237
23137,333
300547,59541
300547,60798
300547,88
300547,280119
106627,46185
106627,271616
106627,38374
106627,12366
180247,3199
180247,129264
180247,24454
14317,479
14317,1882
14317,138
14317,156556
17467,12955
17467,376
17467,188
17467,110237
36547,15338
36547,36336
36547,15372
36547,12750
61957,9221
61957,16481
61957,13830
288217,119172
288217,100074
288217,6971
77407,21213
77407,4018
77407,73686
77407,146796
28867,13854
35557,110690
35557,119619
35557,44348
35557,35527
70837,70549
70837,67736
70837,112788
70837,54210
41437,1988
41437,41434
41437,206
41437,385
86797,12507
86797,20095
115927,90096
115927,32214
115927,2876
115927,2420
52387,138
52387,76620
52387,49664
52387,76624
122557,56961
122557,32133
122557,54313
34627,15450
34627,138
34627,26152
34627,1179
76837,122593
76837,21961
76837,112556
76837,62728
131257,118790
131257,2163
131257,1988
32047,138
32047,977
32047,33807
175687,164633
175687,149647
175687,352
175687,301
43777,5
43777,15450
43777,30934
54637,195787
54637,218049
54637,32383
110137,111415
110137,3927
110137,22792
110137,162325
197317,3410
197317,6
197317,131317
181657,44303
181657,352
181657,7683
4957,16307
4957,26549
4957,93
4957,11907
54457,26920
54457,49673
54457,86644
35437,23519
35437,31843
35437,167670
35437,68362
35437,118420
10177,143381
10177,154341
10177,260923
96847,158625
96847,301
96847,52066
96847,42176
146257,112272
146257,159457
146257,240416
10567,10577
10567,62053
10567,19772
10567,138
16267,11147
16267,156162
16267,2148
16267,220
12097,28567
12097,25943
12097,108445
35377,7533
35377,14602
35377,69761
103177,103173
103177,61107
103177,103172
103177,61132
66517,38627
66517,46587
66517,38638
153307,33441
153307,97085
153307,56399
153307,36422
27967,8640
27967,6
27967,11598
1387,582
1387,151506
1387,19804
285937,101856
285937,230575
58717,19347
58717,16898
58717,15573
58717,962
20017,180565
20017,20007
20017,108094
20017,39417
174607,8797
174607,120917
174607,261610
174607,8828
136327,63015
136327,158406
136327,42927
286537,286538
286537,274072
286537,274073
286537,230147
286537,136724
84217,18504
84217,14890
84217,29424
84217,17507
48037,88215
48037,51544
48037,13442
134377,352
134377,327
252247,138324
252247,68278
252247,106761
263737,192323
263737,97181
263737,179507
263737,238732
263737,89000
847,18425
847,760
847,719
847,46
12517,138
12517,2295
12517,1322
12517,628
250357,63541
250357,124586
250357,32994
250357,54114
3217,212236
3217,183724
3217,3185
3217,180936
3217,55480
251797,3549
251797,138
159457,36558
159457,352
92707,45790
92707,24037
92707,12221
92707,12507
156817,89259
156817,16533
156817,19148
77347,17437
77347,16733
77347,2654
77347,6502
29557,1564
29557,301
29557,30802
29557,507
10897,66135
10897,66270
10897,161541
10897,29036
10897,45319
10897,3969
23707,1031
23707,66405
23707,19904
23707,2676
204217,74942
204217,190494
204217,252595
204217,30711
12847,677
12847,38316
12847,121250
12847,46267
20227,20200
20227,20194
20227,53406
118420,33751
118420,30493
118420,82496
36700,53460
36700,4400
36700,29063
4120,597
4120,23796
4120,533
4120,1971
129610,36224
129610,178962
129610,235358
43720,9731
43720,13740
43720,1190
43720,1315
20230,37316
20230,38606
20230,20235
20230,28922
113770,44022
113770,276260
113770,113768
124840,3479
2770,8398
2770,46590
19030,5059
19030,173748
19030,1828
19030,59717
94840,301
94840,1988
94840,20592
158590,64491
158590,26233
89740,99935
89740,81995
12610,12193
86620,8784
86620,365
86620,9020
86620,88
86620,8928
88570,239272
88570,36558
252460,34168
252460,104427
252460,231621
252460,131212
213670,24804
213670,3397
213670,138649
149440,44605
149440,256146
149440,16862
149440,117539
149440,350194
9520,86962
9520,31728
9520,75506
9520,28096
41770,202124
41770,26079
41770,128793
10690,8200
10690,21450
10690,4026
10690,3140
10690,6495
14590,67721
14590,16520
14590,28097
6370,107253
6370,26498
6370,4824
6370,24338
6370,173627
375430,133775
375430,677
375430,3994
95380,73610
95380,5686
95380,181762
13810,1174
13810,16324
140740,54355
140740,39515
140740,56680
270010,34797
270010,8811
270010,14025
270010,104905
270010,30230
60490,20194
60490,46664
60490,61221
60490,42679
27910,6405
27910,61837
27910,16427
27910,81915
46990,42291
46990,12158
46990,352
46990,8208
46990,6873
13060,4005
13060,16928
110320,42
110320,5676
110320,301
4870,365
4870,138
4870,31720
64150,13707
64150,138
334390,1031
334390,334389
334390,33443
334390,1793
424720,112637
424720,341551
424720,112640
15190,25685
15190,25712
15190,3944
31840,177452
31840,31235
11020,29984
11020,19672
11020,34452
11020,6544
11740,6172
11740,2250
11740,408
328510,53636
328510,129072
328510,53724
328510,69462
184630,27052
184630,12458
184630,43742
184630,85594
184630,88
16060,35500
16060,111295
16060,108527
16060,110662
355150,301
355150,48481
49960,98402
49960,49947
49960,37906
49960,77461
73930,6539
73930,42872
73930,137
73930,5550
55480,88
55480,3217
9400,18874
9400,40028
9400,17875
280210,38080
280210,166262
55540,533
55540,41869
55540,523
55540,352
262930,226718
262930,273029
262930,233317
262930,73974
94150,7409
94150,230285
94150,148179
94150,268455
2740,120543
2740,35661
2740,165348
2740,36854
121900,40307
121900,321852
7990,42419
7990,152442
7990,20007
7990,20626
34360,238007
34360,49460
34360,26076
34360,90109
34360,49432
132700,138
132700,132501
132700,14331
132700,22016
34630,45595
26920,54447
67060,40589
67060,24007
67060,34746
67060,14435
196630,111680
196630,95090
490,138
490,301
490,308
270880,277298
270880,32098
16480,22602
16480,10
16480,142
16480,1322
16480,32334
306610,29236
57220,174063
146267,101856
146267,201157
49937,10959
49937,82608
49937,24323
58217,133854
58217,16481
64427,64422
68087,48628
68087,85771
68087,126575
68087,13151
68087,139619
68087,69173
79787,75647
79787,75671
79787,12507
79787,12344
79787,83720
13457,3549
13457,109418
13457,352
120497,168558
120497,138
120497,137365
15407,60584
15407,138
38837,28567
38837,5918
38837,333
707,84217
707,468
707,6014
707,42154
178667,178669
178667,233324
178667,233317
25997,206
25997,4011
25997,203557
25997,220
25997,27030
221777,68000
221777,84059
221777,88
221777,78242
226337,19804
226337,4782
226337,29981
265817,138
265817,81529
83807,46303
83807,88
83807,55480
83807,3008
15467,138
15467,46433
22637,1005
22637,68127
22637,18223
22637,61412
22637,14038
201077,31585
201077,88
201077,138
64097,32032
64097,88
64097,328383
105137,103937
105137,132904
105137,8866
105137,56385
390137,289753
390137,243397
390137,312005
38447,136647
38447,40633
38447,96530
72767,72846
72767,39909
72767,104554
91457,173535
91457,48751
91457,203810
91457,285197
90227,150390
90227,13142
90227,66135
339917,311519
339917,209768
339917,33480
40097,26400
40097,31103
40097,13643
40097,3385
40097,50992
285287,98801
285287,136611
285287,77513
285287,31288
285287,31913
13007,352
13007,13520
13007,8463
13007,49828
124337,12493
124337,19326
124337,301
27227,3562
27227,1840
27227,58659
99107,16533
99107,34103
99107,19148
99107,138
99107,104905
45617,55377
45617,1036
24437,7011
24437,141002
24437,443
60527,60526
60527,113639
60527,111687
60527,113638
23897,12490
23897,38434
206087,88
206087,408
206087,216377
26987,8294
26987,503
26987,69090
26987,155310
26987,828
51347,39858
51347,138
51347,284490
51347,328662
60587,20464
60587,555
60587,39542
60587,9907
60587,29473
24197,4376
24197,4386
24197,15844
24197,10726
24197,677
66047,32287
79397,136724
79397,286538
79397,312107
340937,62215
340937,4904
55007,88
55007,55020
26297,20873
26297,27664
26297,6042
21467,6303
21467,15590
21467,333
21467,1443
173537,62764
173537,285197
173537,62496
57257,59809
57257,4909
57257,39510
57257,28097
91577,205821
91577,91458
91577,49591
91577,29462
91577,49623
30707,39365
30707,37041
259787,122093
259787,192530
259787,89934
259787,124862
259787,97181
132887,440
132887,11235
132887,47421
132887,11239
132887,11192
112637,15547
112637,112640
112637,352
288257,35559
288257,110105
23807,365
23807,138
6017,73878
6017,26129
6017,6355
60227,22631
60227,14025
169277,88
169277,7637
169277,2039
26057,65817
26057,69063
26057,762
26057,69925
26057,69929
26057,138
366467,274575
366467,18310
366467,298732
366467,366466
21197,138
167717,188831
167717,3549
167717,352
167717,308
167717,1426
10277,88215
10277,409175
10277,138
10277,8005
139307,19446
139307,143952
139307,117991
139307,30992
139307,63841
101657,43341
101657,49623
101657,945
24227,56305
24227,26129
24227,177494
24227,12928
6587,18253
6587,2367
6587,30
35087,37750
35087,62728
35087,37722
35087,21961
35297,1322
35297,365
157997,67992
157997,3979
157997,42
157997,13747
157997,15628
30895,5444
30895,138
30895,1808
30895,1982
6505,168510
6505,75940
6505,76143
179875,4444
179875,179303
179875,6014
179875,30185
4075,3477
4075,4094
4075,6405
56245,93
56245,619
262045,352
262045,24804
174385,37341
174385,20145
174385,47972
174385,121989
174385,20245
106825,43966
106825,205490
106825,34716
106825,106538
263575,274576
263575,226734
263575,171466
52135,95184
52135,9704
52135,52922
52135,49582
52135,52905
17125,817
17125,8483
17125,105847
51745,3830
51745,38711
51745,52387
125095,114857
125095,224254
125095,91295
125095,39515
125095,202327
259495,55951
259495,22713
259495,68127
259495,60951
87535,95676
87535,61039
87535,225605
87535,1872
61075,32287
61075,4201
61075,2199
61075,56537
336445,1
226045,243314
226045,171180
226045,157545
226045,179550
175885,144119
175885,144115
175885,18052
175885,408
330835,224559
330835,43253
330835,154093
330835,310244
16645,11192
16645,14890
16645,4201
120925,110813
120925,95090
120925,131543
182935,116617
182935,122123
182935,157348
182935,36558
99925,138
99925,10
99925,1247
186355,61499
186355,90931
74875,14694
74875,18023
74875,14686
149875,117860
149875,180321
149875,70083
125605,39796
52495,1971
52495,3944
52495,7905
43885,138266
43885,120545
43885,55663
187045,40796
187045,97089
187045,112315
187045,100074
155305,838
155305,66135
155305,209071
41095,26530
41095,130486
41095,9405
41095,42375
101005,52251
101005,352
101005,18284
101005,138
101005,1988
101005,1971
350815,289753
350815,263571
350815,239782
350815,308363
350815,266320
140005,95323
140005,8536
140005,36956
99625,220
99625,58965
99625,26842
99625,3169
336775,269206
336775,39281
336775,56028
336775,358280
336775,14665
30145,177328
30145,111562
30145,28567
30145,6106
51355,81608
51355,25724
51355,19117
51355,10081
119995,31949
119995,86380
119995,39515
119995,28097
19975,71968
19975,109806
53905,370745
53905,222073
53905,35046
53905,190227
102805,138
102805,2976
102805,1971
102805,88464
49615,32319
49615,88
49615,33807
49615,941
49615,33182
27145,28631
27145,4142
27145,123842
27145,39873
83425,69925
83425,68913
83425,8898
83425,305043
203665,59541
203665,147506
203665,59516
203665,242866
3295,1665
3295,54193
3295,308
3295,5390
111295,138
111295,16060
111295,229918
111295,35600
15175,38762
15175,6555
12715,87655
12715,69397
12715,153791
12715,124291
2365,88
2365,29267
2365,23194
2365,26530
2635,2237
2635,785
2635,1362
2635,19187
40225,38711
40225,68736
40225,45515
40225,127324
40225,159142
281605,16533
281605,138
281605,7691
281605,238112
21025,21079
21025,100996
21025,77595
70075,61930
70075,81127
3835,159329
3835,3813
3835,3826
3835,106630
42895,81608
42895,42900
5365,40398
5365,4055
5365,19675
5365,134364
294205,50239
294205,6951
294205,16452
153025,36192
153025,16466
153025,158406
153025,7569
362,2295
362,1315
362,555
362,7285
166262,280210
102122,31224
102122,125820
102122,24166
102122,53368
102122,34797
108602,352
108602,48349
108602,29191
108602,138
157562,179550
157562,75362
157562,26259
157562,171180
141002,39029
141002,18107
141002,26250
141002,82042
141002,11895
2942,138
2942,1322
2942,2295
158102,158113
158102,131081
47762,102049
47762,28913
47762,98087
47762,15321
168002,138
168002,8338
168002,19904
168002,10609
304022,67581
304022,77067
304022,71242
5942,41557
5942,138
5942,5329
98222,53060
98222,88
98222,173427
282122,6971
282122,260564
282122,190233
155462,30866
155462,166998
252242,408
252242,352
252242,19347
252242,45818
397382,172643
397382,352
397382,84063
38762,25489
38762,11895
38762,219252
38762,15175
123842,41076
45002,96590
45002,49795
45002,13463
292862,26076
292862,383210
292862,292861
324782,72339
324782,88
324782,88477
268142,3549
268142,123798
268142,47428
268142,162089
129962,129773
129962,57257
129962,35062
107882,38816
107882,42927
107882,7556
107882,74617
107882,69537
107882,74475
302342,124862
302342,244325
302342,97181
22682,139794
22682,1322
22682,36360
22682,28045
181029,31706
181029,53620
181029,24156
181029,52476
181029,53473
320349,320350
320349,76561
320349,55389
320349,52476
316089,62215
316089,76079
316089,57144
319869,179507
319869,95913
319869,30799
319869,287237
2469,1369
2469,37452
2469,27796
2469,5896
119469,14025
119469,53001
119469,28088
119469,71296
119469,14665
100689,101447
100689,68939
100689,16313
100689,3121
430329,352
252189,68284
252189,97196
252189,106951
252189,264265
52509,146120
52509,66330
52509,104322
46929,1
350769,149468
350769,101856
350769,159853
350769,122093
228729,61320
228729,34801
228729,35600
228729,16452
147429,77322
147429,22532
147429,27872
35649,28213
35649,36853
35649,22493
35649,89651
35649,5589
77049,95462
77049,73329
218049,33807
218049,10093
222369,112886
222369,210267
265809,1618
265809,138
265809,762
70569,67573
70569,82995
70569,69208
70569,73538
70569,70537
83829,13138
83829,1576
83829,2164
83829,23956
89949,230575
89949,101856
89949,215587
211809,2199
211809,135653
211809,2280
211809,271993
211809,1988
211809,9191
38349,677
38349,60290
38349,88
38349,60371
21489,21496
21489,51056
61629,111415
61629,119873
225909,339363
225909,380829
225909,308699
118569,18107
118569,22681
14829,11917
14829,4011
14829,72152
14829,83665
133329,101856
105489,82825
105489,511
105489,92774
105489,27828
105489,23956
48189,52476
6669,88
6669,6690
6669,39029
6669,13854
45069,1999
45069,218636
45069,357
73329,73319
73329,82108
73329,77049
73329,65834
239109,1574
47234,221782
47234,10753
47234,345487
201734,1
4094,4075
4094,4090
4094,10
8294,19540
8294,59096
146834,352
146834,3549
146834,9305
1574,39081
1574,138
1574,255433
80174,3449
80174,31004
145214,93
145214,1237
145214,8247
145214,220
243314,226045
243314,1988
363734,44692
363734,13475
363734,363720
21494,149368
21494,5950
21494,108812
21494,149362
61214,50578
61214,42679
36554,3525
36554,23123
36554,206
36554,480
36554,211
36554,1426
51794,56537
51794,99935
51794,19540
51794,171879
98474,1205
98474,70392
173534,84540
173534,58730
173534,52805
162494,29289
162494,52011
162494,29296
162494,67378
162494,62660
45614,677
45614,42968
45614,308
144914,69237
144914,15034
6134,16598
6134,8320
6134,76532
265874,420719
265874,265873
265874,215777
265874,102090
149234,88
149234,33194
149234,8016
149234,1298
204734,352
204734,138
305234,26530
305234,33214
243134,140765
243134,221529
40214,52413
40214,220
40214,45491
255494,93
255494,30799
255494,3237
255494,465
255494,1834
255494,10808
134114,14404
134114,175885
134114,15844
134114,155929
134114,95516
238214,372265
238214,168073
238214,267550
25214,138
25214,10
25214,308
25214,88826
43994,1
5654,6855
5654,5676
141974,143868
141974,222899
141974,18107
141974,211171
137234,54863
137234,1996
137234,4134
137234,16968
137234,114330
177494,9464
177494,11007
177494,64882
177494,16613
52814,64427
52814,91458
15314,7258
15314,27415
215598,124888
215598,179507
215598,252155
215598,235635
277458,277474
277458,277463
277458,277466
277458,168073
277458,277459
55098,12934
55098,67496
55098,138
55098,29191
436278,6166
436278,294727
28518,206
28518,28514
28518,42
28518,138
128238,163712
128238,113431
128238,88464
128238,61953
128238,128237
129858,19905
129858,102572
129858,16808
129858,16830
129858,1398
3858,122520
3858,54447
3858,74709
40398,7691
40398,5365
40398,150649
272478,189413
272478,93
272478,189410
46998,60426
46998,121157
46998,293100
233418,62728
233418,39098
233418,138
118818,26129
118818,4368
118818,973
118818,13878
118818,511
142038,69285
142038,67736
142038,107501
169758,65458
169758,468
169758,150251
169758,42679
43998,44036
43998,44457
43998,16456
43998,14612
428598,6166
428598,428597
428598,979
428598,67223
166998,277972
166998,2348
166998,33591
103698,66411
103698,78626
103698,75662
5478,8618
5478,82707
5478,29407
5478,25680
43818,138
43818,176962
43818,11122
43818,100460
11598,11087
11598,1840
11598,930
159078,113172
159078,129354
159078,161629
335778,80148
335778,12510
335778,12425
335778,12311
28758,1837
28758,56205
28758,7377
28758,5
28758,5224
266058,266059
266058,248184
266058,62897
266058,52413
124398,2164
124398,13799
124398,3549
124398,677
124398,4368
85221,20293
85221,37330
85221,162325
85221,39865
60021,82552
60021,88
60021,74775
60021,253609
85401,23162
85401,13740
85401,121714
85401,36162
85401,51580
5301,169555
5301,5296
5301,301
5301,18691
103221,164626
103221,48869
103221,100918
209241,246365
209241,117330
209241,10010
209241,21889
209241,231874
210261,13955
210261,3549
210261,352
309441,256146
309441,261618
309441,24465
35841,90185
35841,352
35841,3549
1941,138
1941,39589
1941,6979
1941,2199
1941,13024
215601,101856
215601,97196
215601,159853
215601,138
341541,146259
341541,341542
341541,341543
315801,51742
315801,248
315801,289188
315801,92611
315801,52419
1041,1315
1041,62728
1041,29424
1041,333
321,14
321,2
321,44
321,323
190521,140683
190521,286265
190521,54550
190521,37421
58461,301
58461,102846
58461,148417
58461,12013
196641,291155
196641,163351
72381,122039
72381,73213
72381,138
35601,35500
35601,118048
35601,16060
92961,32045
92961,945
92961,59821
45501,135493
45501,23255
154341,217532
154341,11959
154341,10177
167301,30902
167301,3131
167301,1334
167301,15407
167301,817
271401,61930
271401,109191
271401,70072
231621,10647
231621,252460
231621,127039
180321,55618
180321,159078
180321,149875
53001,24156
53001,28097
53001,56798
108501,50063
108501,45627
60441,12344
60441,40692
60441,23764
31221,129097
31221,95088
31221,186355
43341,103075
43341,12105
24981,25003
24981,301
24981,34335
24981,111076
8121,8118
8121,45319
8121,48670
20601,44596
20601,16862
20601,44605
20601,138
20601,44601
132141,69133
132141,284979
132141,274913
161541,1426
161541,308
161541,185139
161541,2676
7401,30600
51921,301
51921,74889
51921,308
51921,12522
51921,11151
51921,2480
268281,101856
268281,88844
48621,408
48621,4201
48621,24804
48621,1988
50361,110014
50361,106493
50361,169370
148707,408
148707,2940
148707,352
148707,14181
28587,60509
28587,1840
1047,4201
1047,138
1047,4005
1047,69939
48447,6014
48447,152216
48447,138
48447,39542
54447,3840
54447,90213
76107,1005
76107,42930
76107,30493
76107,55326
9027,110924
9027,85021
9027,113806
9027,117026
9027,176179
59667,152354
59667,1793
59667,77308
59667,2527
195927,62496
195927,117876
195927,173537
195927,242962
16527,44457
16527,88
16527,31337
16527,31327
16527,59945
87387,24060
87387,35755
87387,2042
87387,66394
87387,112139
327,172169
327,25680
327,3969
353607,79651
353607,381052
353607,408575
57387,63802
57387,74671
57387,16794
104127,96398
104127,110690
104127,16060
103827,115528
103827,220968
103827,12928
49947,97623
49947,10959
49947,23633
74487,156421
74487,127415
138327,88
138327,223960
138327,384068
57207,5686
57207,242718
57207,78549
57207,59913
57207,121824
273267,120001
273267,156627
273267,309046
273267,116437
44367,28455
44367,30991
44367,1005
44367,12261
44367,6971
27747,14662
27747,55964
27747,116176
136647,74801
136647,67033
136647,93
136647,166688
43527,352
43527,408
43527,25883
43527,88
43527,3549
104427,10431
104427,138
104427,10495
104427,408
62247,191826
62247,58996
62247,34716
38007,2889
38007,55027
38007,16427
38007,3830
38007,105274
195027,88
195027,325449
5547,29039
5547,182013
5547,762
5547,239457
5547,48998
91295,48178
91295,352
91295,61144
91295,61119
5195,109403
5195,102858
5195,5205
5195,77212
100715,16466
100715,85026
100715,138
100715,7569
86435,2360
86435,11549
86435,56103
86435,11517
86435,11308
101975,138
101975,42350
21815,27575
21815,385
21815,1988
21815,88
21815,2580
50075,57112
50075,138
50075,301
50075,36224
45515,249
45515,3830
78155,538
78155,42
78155,352
78155,161275
108275,78
108275,1988
108275,64911
108275,88
371195,1274
148835,103771
148835,212881
148835,29908
148835,2396
148835,52469
75455,163615
75455,138
75455,14890
187955,2007
187955,3984
187955,885
55835,47094
53795,80281
53795,53846
53795,53684
53795,53743
31235,73990
31235,31840
31235,14038
104499,46687
104499,270547
104499,23680
104499,13734
293259,138
293259,20359
293259,12458
293259,12440
140439,14324
140439,3930
140439,22311
320979,75370
320979,79651
320979,106951
320979,206689
320979,36558
239799,14872
239799,3413
239799,51910
83139,138
83139,172933
83139,78549
98199,59427
98199,59431
98199,28077
98199,90786
173499,88
173499,3549
42579,515
42579,27250
42579,42592
42579,280
42579,499
38499,29532
38499,301
38499,1247
38499,16753
29199,101284
29199,20541
29199,1031
29199,20534
226779,363284
226779,277463
226779,107739
288219,100074
288219,288217
288219,8699
288219,100079
288219,112308
12759,7691
12759,33337
85539,251836
85539,301
85539,220401
85539,138
206859,233510
206859,45122
206859,30018
52419,38711
52419,52828
52419,3830
52419,2889
5979,73076
5979,104852
5979,137401
279939,252178
279939,180126
279939,417848
279939,122098
314619,6014
314619,12731
314619,3969
314619,384513
182979,220
182979,10259
182979,173403
182979,10030
182979,238481
119199,328829
119199,113031
119199,255742
25179,1001
93039,10
93039,37818
93039,22698
93039,518
93039,49123
247359,95913
247359,88
247359,36558
247359,122457
247359,232655
88119,3549
88119,97598
88119,352
88119,677
75819,19900
75819,12344
75819,45790
75819,124509
196539,69031
196539,196537
196539,9255
196539,196538
94899,38627
94899,46587
94899,16604
94899,82465
106659,9208
106659,94023
106659,56880
135339,202054
135339,119427
135339,182818
127779,186549
127779,8417
127779,161247
127779,13616
245679,88
245679,122552
245679,7691
107739,68912
107739,80550
107739,41770
385779,30230
385779,29225
385779,341612
385779,33296
14619,7564
14619,45634
14619,51686
33159,241559
33159,365
26079,80554
26079,1031
26079,9731
26079,1767
192279,66525
192279,22820
192279,108558
192279,20200
89259,9520
89259,19159
89259,14584
10007,86258
10007,10149
10007,2250
10007,10177
208187,26120
208187,9892
208187,177523
339467,1247
339467,206
339467,138858
339467,396
44507,1334
44507,2250
44507,40931
44507,65476
252887,81033
252887,7533
252887,14075
10907,408
10907,352
10907,53139
10907,9305
108527,16060
108527,138
108527,18416
304007,266302
304007,344775
66347,68939
66347,92248
66347,88
104087,115895
104087,321540
104087,323763
104087,136166
67367,38779
67367,206
162347,48163
162347,80464
162347,89878
59327,59337
59327,73979
59327,1988
59327,139070
266207,140915
266207,8417
266207,39086
266207,25199
266207,6
266207,102196
21047,56771
21047,39241
21047,52167
21047,34797
2327,6107
2327,26980
2327,14782
2327,1124
12407,45614
12407,6121
12407,9731
12407,53550
16307,2427
16307,352
18407,88
18407,20562
18407,75946
18407,98020
239267,252178
239267,124865
239267,97181
79907,7781
79907,39853
79907,10577
79907,131448
19187,3962
19187,1840
19187,1322
321287,12344
321287,24054
321287,102572
321287,51077
63347,138
63347,1454
63347,333
55247,9731
55247,38711
141707,141710
141707,52355
141707,49152
141707,48069
48167,61392
48167,102823
48167,138
48167,113956
107507,136166
107507,257986
107507,68000
107507,307265
69947,10647
69947,5686
69947,57225
209507,334646
209507,99158
209507,293921
209507,219260
209507,72839
11147,13024
11147,121062
11147,48833
27287,13740
27287,333
27287,88
27287,45818
4487,82438
4487,4500
4487,4528
19971,8828
19971,10812
19971,677
19971,111641
19971,8709
52851,230332
52851,40225
52851,80829
113091,269505
113091,45495
113091,52858
109311,57101
109311,34636
109311,126181
109311,41440
155091,66907
155091,65832
155091,301249
219351,28097
219351,74660
219351,37536
16911,7373
16911,1322
75111,17507
75111,4201
94911,160202
94911,48928
328971,351998
328971,122488
328971,242282
328971,311833
328971,244335
60951,297873
60951,5686
60951,111562
60951,30927
44751,1501
44751,1454
44751,138
97311,2295
97311,352
97311,88
97311,1322
49611,32383
49611,33807
291,555
291,26746
291,2306
64491,538
64491,85504
64491,183667
64491,10940
64491,408
114231,18893
114231,88
121551,36558
121551,101856
121551,160378
14511,172933
14511,138
24771,77305
24771,18036
24771,29039
24771,120208
24771,115786
24771,4830
100551,110117
100551,45319
100551,24914
100551,9351
42291,4201
42291,39417
285351,103104
285351,35310
285351,52476
248811,12281
248811,12315
248811,46235
276171,21880
276171,352
276171,31617
276171,15590
141411,16086
141411,50632
141411,352
141411,8154
141411,3549
68211,88
68211,43909
68211,1322
136611,138
136611,31532
136611,36243
136611,31256
101511,66778
101511,138
101511,308
61577,137785
61577,49172
70217,77053
70217,27568
70217,69285
70217,67736
215777,205394
215777,36660
215777,194433
215777,230823
215777,88
286697,248261
286697,286699
286697,245
366857,262932
366857,84150
69137,203523
69137,203524
69137,275804
69137,56648
274577,277461
274577,267717
274577,334404
100457,43153
100457,114764
100457,98929
100457,582
55457,226119
55457,55839
55457,17424
306617,7569
306617,11790
306617,35325
306617,88
184817,38694
184817,68736
184817,2918
396377,358966
396377,54796
396377,90217
396377,78528
222977,36351
222977,67399
222977,112886
222977,24804
87017,3813
87017,3121
154337,365
154337,10177
154337,154341
154337,138
62897,206
62897,53018
62897,248
5897,481
5897,2250
5897,7396
5897,333
123737,11895
123737,22930
123737,365
89537,352
89537,117567
89537,3549
89537,185743
42497,41725
42497,45328
42497,57826
42497,80775
42497,57829
42497,32138
132137,69133
132137,163351
183737,57868
183737,31089
183737,52476
183737,14025
183737,39524
31097,885
162017,29086
162017,87003
162017,7696
217097,301
217097,6148
217097,205
217097,138
161057,257725
161057,88
161057,139053
163457,2042
163457,22678
163457,357
163457,396
35778,20922
35778,42927
35778,19148
35778,44022
102858,24804
102858,77212
102858,138
102858,81429
261618,309441
261618,301
261618,138
84138,138
84138,2676
84138,84146
84138,206
37818,1168
37818,38227
138858,207674
138858,100624
138858,339467
193578,171710
193578,292080
193578,219221
193578,72746
193578,102473
69858,58546
69858,119199
23058,1982
23058,108445
23058,5733
23058,1105
87018,249
87018,3813
87018,3826
87018,132326
87018,3820
11538,352
11538,16598
11538,3798
46938,68445
46938,16604
46938,22792
46938,63170
46938,88
147978,12366
147978,12440
147978,27052
147978,12344
79458,53684
79458,36660
146778,342709
146778,21025
146778,406308
146778,298546
69980,24237
69980,73781
69980,73776
69980,54197
69980,73777
140180,38434
140180,75647
140180,88
74660,40319
74660,33472
74660,40290
74660,219351
74660,86393
84980,12259
84980,23897
24620,113527
24620,69554
24620,93548
24620,11895
24620,1665
24620,8182
370460,122123
370460,122093
175940,83588
175940,134082
175940,89336
175940,32770
175940,70079
10940,81705
10940,90180
10940,8398
10940,83435
84140,59516
84140,84146
84140,304350
84140,307337
93500,271556
93500,180793
93500,29199
239780,570
239780,4201
239780,301
48020,36262
48020,24405
48020,4492
48020,8321
48020,41398
21020,33472
21020,99058
21020,250092
21020,159305
306020,232259
306020,59516
306020,59541
23660,98402
23660,48362
23660,32811
7340,84486
7340,69626
7340,84918
71780,1
80420,14996
80420,26657
80420,26897
80420,11977
66261,36105
66261,211
66261,3983
2301,2295
2301,34117
2301,715
1701,301
1701,88
1701,138
1701,221
1701,11312
1701,3998
49581,49582
49581,34324
49581,49623
49581,945
49581,977
12981,9360
12981,3708
12981,220
12981,761
12981,40430
12981,89
67581,230115
67581,88
67581,54225
67581,69237
67581,77068
163941,2844
163941,43905
163941,248
163941,228
20541,8097
20541,6512
165741,165742
165741,259588
165741,111676
14181,352
14181,119567
14181,56938
160221,251201
160221,351489
160221,388265
160221,306121
160221,202327
4821,1469
4821,66201
4821,4201
4821,1337
97461,26753
97461,109648
97461,154759
97461,68913
75861,27872
75861,138
75861,2280
25221,206
25221,736
25221,14367
25221,280
25221,22713
133341,4909
133341,56779
65901,18284
65901,138
65901,74915
65901,21386
65901,19174
329542,69799
329542,82113
25702,44577
25702,40960
72382,1
13462,29191
13462,41806
13462,14890
13462,102007
19462,78787
19462,35706
19462,19464
341542,67792
341542,88572
341542,394472
341542,110210
12262,12366
12262,138
12262,21605
96862,10
96862,19767
96862,30429
96862,49058
221782,5733
221782,47234
221782,36304
287542,25344
287542,94874
287542,234082
287542,299323
77422,142433
77422,10944
77422,138
77422,77411
232702,73408
232702,7569
232702,6855
14302,22311
14302,3581
14302,63995
255742,95039
255742,65004
255742,119199
8062,8101
8062,10
8062,8077
8062,8045
8062,1988
317069,264464
317069,19572
317069,57176
317069,14662
52469,8942
52469,52579
52469,16452
52589,138
52589,977
52589,11603
167189,220
167189,30249
167189,2568
167189,21274
249269,138
249269,101606
249269,144129
249269,114938
45149,140895
45149,140898
17189,5733
17189,21386
9629,15175
9629,15345
134789,18925
134789,118897
134789,134794
22949,12311
22949,12475
22949,12376
60509,28587
60509,98823
60509,19722
59789,138
59789,152216
59789,5918
9509,18223
9509,628
9509,61185
78989,131543
78989,14156
78989,14617
328829,19159
328829,14662
328829,119199
328829,30230
328829,55964
107549,134268
107549,38997
107549,122534
107549,352
135269,2837
135269,29144
135269,1971
135269,54479
135269,138
105397,7596
105397,65027
105397,19543
76357,16128
76357,126819
76357,24133
76357,29633
76357,133078
76357,135400
27637,12281
27637,12440
27637,77835
94237,138
94237,6855
94237,177523
94237,90259
94237,479
175117,11895
175117,50329
175117,258098
175117,13520
175117,376384
115717,2250
115717,54890
115717,199037
115717,34761
105997,60386
105997,40287
105997,39510
105997,19572
105997,40297
110677,30857
110677,73136
110677,295273
8077,206
8077,138
8077,396
8077,301
19597,1840
19597,760
31957,30230
31957,14662
31957,14057
88477,43929
88477,72339
88477,8755
88477,30230
178957,138459
178957,37035
178957,70852
10717,2163
10717,69397
10717,245015
22717,677
22717,797
22717,88
101447,54454
101447,54476
101447,102078
101447,2880
25487,48024
25487,81338
25487,4973
25487,60661
25487,47318
209567,143210
209567,1405
209567,143055
209567,17386
187367,102641
187367,45783
271367,43909
271367,190700
271367,52419
271367,271379
177047,94676
177047,142067
177047,46698
177047,88784
177047,39697
89687,15889
89687,88
89687,4290
162767,144129
162767,78925
162767,162764
162767,8614
162767,162765
80207,138
80207,115579
80207,77244
80207,82042
80207,5205
51527,136782
51527,22851
9887,1988
9887,1882
9887,2077
163487,6712
163487,6669
163487,72201
270407,194421
270407,250605
270407,79652
270407,257597
270407,151436
68927,94436
68927,78293
68927,42
68927,81468
24654,98474
24654,408
24654,29879
24654,22397
174,1264
174,110
174,9693
174,1095
19254,26120
19254,365
19254,4201
160494,21479
160494,69213
160494,69209
160494,8402
14214,352
14214,220
14214,16737
27054,12366
27054,286533
27054,96530
1014,1158
1014,1322
1014,1982
47094,28678
47094,20715
47094,49362
47094,55835
14334,22333
24294,2199
24294,56361
24294,217165
162654,5676
162654,9180
162654,352
162654,138
414,645
414,98962
414,481
24054,12344
24054,96513
24054,21605
107100,138
107100,85021
107100,9020
107100,8695
257340,263597
257340,262540
257340,245630
196620,382682
196620,82268
196620,196613
196620,30230
56580,138
56580,26120
56580,56537
56580,403966
56580,88
7620,78155
7620,47040
7620,69113
100020,54474
100020,2854
100020,2901
100020,134730
4980,19543
4980,1840
4980,125110
91140,2280
91140,10081
91140,138
91140,106189
125940,2042
125940,2703
125940,5323
125940,523
263820,32032
263820,977
263820,36436
211380,7274
211380,215160
211380,246612
125820,116417
125820,102122
125820,34797
170100,115781
170100,36290
170100,9458
37380,56961
37380,260310
37380,27779
37380,2248
321540,104087
321540,88
100380,34801
100380,308
100380,119651
100380,18388
293100,46998
293100,53371
65940,84217
65940,41806
65940,55098
267180,124509
267180,12376
12780,5102
12780,100562
12780,408
208142,255296
208142,269720
208142,191074
22742,42679
22742,138
22742,365
316022,1005
316022,55951
316022,60526
316022,39925
316022,166980
7262,48442
7262,88896
7262,48471
35342,207773
35342,8755
35342,95216
302582,63126
302582,63127
302582,46577
302582,34965
75662,95803
75662,12344
75662,21605
75662,40675
99422,22723
99422,1971
99422,38224
99422,104006
99422,44834
119942,138
119942,88
119942,152368
119942,12629
119942,49567
14942,49567
14942,138
14942,12629
127982,30799
127982,43706
8342,1200
8342,44609
8342,4005
76022,98791
76022,138
76022,36243
30902,838
30902,7961
30902,817
30902,352
8942,88
8942,1971
8942,138
8942,13501
28743,20464
28743,79280
222303,222304
222303,108607
222303,222305
222303,2244
4743,2042
4743,92410
32823,184308
32823,23653
32823,32828
32823,23611
41583,30583
41583,1650
41583,41589
6183,27019
6183,2147
6183,27022
6183,7215
6183,27023
241623,353088
241623,309486
241623,265618
60663,60661
60663,138
60663,48659
61503,34797
61503,9590
39183,14570
39183,61333
39183,61328
39183,39153
7743,23969
7743,69608
7743,4201
14343,22153
14343,3581
14343,83474
14343,3912
62583,30230
62583,8755
62583,187695
62583,43929
62583,53492
84063,1
111543,56135
111543,52015
111543,28642
49863,7008
49863,36693
49863,24747
151743,51757
151743,2889
151743,182307
94023,138
94023,6712
94023,92593
94023,27872
94023,39029
97623,13740
97623,77461
97623,88
97623,138
95943,57247
95943,75539
95943,26076
95943,6463
95943,114363
19863,3135
19863,5659
19863,10
19863,5654
19863,3120
106383,81586
106383,15380
106383,87003
238263,32398
238263,6951
193023,61392
193023,34543
193023,10772
193023,7436
193023,26304
57423,57102
57423,6929
4143,2077
4143,4201
102196,1544
102196,9208
102196,1995
239716,121122
239716,258098
239716,159329
239716,105183
236716,16013
236716,3549
236716,24804
236716,677
236716,352
113956,30786
113956,13737
172156,110259
172156,280598
172156,46299
172156,267753
172156,172154
124516,69733
124516,56631
124516,35345
124516,14084
124516,58991
263116,51742
263116,248
263116,69017
263116,93
16156,16184
16156,523
16156,37753
252196,122095
252196,97181
252196,229459
280396,88
280396,156046
280396,25580
251836,85539
34636,106993
34636,41452
34636,100634
34636,109311
34636,31532
286996,59516
286996,59541
286996,60798
287237,171183
287237,120354
287237,192312
221357,262540
221357,99645
221357,11898
221357,165925
54197,4824
54197,72229
54197,66906
54197,72222
54197,67736
47357,52972
47357,15752
47357,8005
8357,1315
8357,333
8357,52658
88037,2077
88037,58514
137837,155945
137837,2042
137837,1373
157157,70874
157157,12291
157157,12606
3917,14241
3917,49937
3917,3577
3917,3693
51077,7008
51077,7377
272477,50441
272477,272478
272477,226409
272477,979
14717,135222
14717,677
14717,39421
14717,1988
115397,124776
157165,19148
157165,46573
157165,6317
150685,57225
215485,214894
215485,15859
215485,147792
215485,244974
215485,199223
4645,118220
4645,73076
4645,71500
4645,84628
98005,308
98005,33568
98005,885
98005,352
299845,134082
299845,109191
28045,25856
28045,20124
28045,74341
28045,138
28045,1315
96925,6021
96925,144402
96925,47415
96925,335
96925,216
96925,138
282565,359910
282565,253161
282565,284397
282565,359908
282565,359907
1405,106
1405,1334
1405,1988
1405,1373
208165,408
208165,177523
95365,6014
95365,308
95365,10647
96565,138
96565,352
96565,1426
198445,1205
198445,2723
198445,10
198445,15175
69209,112196
69209,72088
69209,176866
69209,66939
86849,107712
86849,25415
86849,5561
86849,5676
333929,116029
333929,176398
146969,109541
146969,12421
146969,96530
146969,182457
146969,167961
152249,269292
152249,82108
152249,73329
25769,195523
25769,94708
116489,90881
116489,90931
310889,30799
310889,157284
310889,79477
36809,43143
36809,10
36809,1971
36809,166538
36809,13707
86009,13520
86009,4665
86009,404
172169,308
172169,45617
172169,10081
172169,3969
172169,39542
175769,301844
175769,189931
175769,74397
175769,128264
32013,25489
32013,1322
32013,213524
32013,38658
32013,4571
32013,2744
111933,18143
111933,138
111933,97153
111933,1971
111933,19655
182013,307782
182013,80879
52413,68713
52413,138
52413,88
57093,100008
57093,36224
57093,138
57093,113106
79653,172488
79653,286814
79653,306339
79653,101856
187653,37568
187653,14602
187653,7592
187653,82273
187653,84256
152973,242557
152973,138
98973,3549
98973,352
98973,9180
98973,48302
69693,68849
69693,69285
69693,73502
54813,38007
54813,55233
54813,49664
54813,2925
54813,55227
173613,268602
173613,73244
173613,69980
173613,73781
8133,18416
8133,379
8133,26746
8133,40430
253895,33383
253895,119172
126215,150691
126215,79423
126215,53814
126215,85081
23855,12333
23855,32707
23855,6583
23855,12228
23855,4753
115895,15034
115895,104087
115895,315729
115895,160487
109775,62269
109775,261876
109775,5792
97055,52509
97055,104322
97055,96702
97055,112495
408575,36558
408575,353607
6695,141600
6695,6669
6695,6690
6695,120147
132455,4496
132455,138
132455,79897
132455,37009
333335,251233
333335,138
69095,54197
69095,67579
69095,1809
60827,6088
60827,6089
60827,60821
129467,22457
14267,3912
14267,3557
14267,3597
107147,34716
107147,57468
94907,39865
94907,37330
94907,160206
94907,59818
58547,131543
58547,51815
58547,48069
58547,26201
58547,78989
173627,258287
173627,117239
173627,13442
122987,956
122987,20790
122987,46350
122987,23283
68747,138
68747,2014
68747,221208
68747,102645
6107,14801
6107,1982
116987,396
116987,7428
116987,35542
69467,9864
69467,53652
69467,2360
274067,59538
274067,154093
274067,179201
117707,182573
117707,38172
117707,36390
274913,7592
274913,334935
274913,43973
274913,132141
114113,257821
114113,127415
114113,336222
291953,380011
291953,298353
291953,253770
291953,140051
288113,36224
288113,380011
288113,61670
288113,61652
288113,43742
106793,61751
106793,56648
145553,352
145553,157261
145553,220298
28913,28910
28913,38632
212273,1971
212273,6855
212273,118569
23633,17175
23633,365
23633,677
349673,268598
349673,172488
349673,256022
349673,171180
149033,93846
149033,142986
149033,118622
149033,53763
149033,142961
95273,8898
95273,9754
95273,19685
95273,49204
20993,16456
20993,275218
20993,124695
20993,113014
20993,37489
313553,222073
313553,60526
313553,54796
313553,30230
313553,220621
58313,365
58313,38328
160793,162503
160793,111511
160793,17871
160793,49374
233,23251
233,2844
233,249
199913,118396
199913,37822
199913,199910
199913,54742
142433,24804
142433,77436
285593,177667
285593,312796
285593,259601
285593,249482
285593,112052
11273,132959
11273,6986
11273,73462
102723,38711
102723,46895
102723,2921
102723,3830
102723,100924
23283,110789
23283,1443
23283,23162
23283,5000
203523,6971
203523,56648
34328,118783
34328,34316
34328,981
9128,6283
9128,97598
70568,82917
70568,70537
70568,40950
102728,226999
102728,40225
102728,38711
102728,2889
102728,66350
31936,33472
31936,4909
31936,39515
84256,14606
84256,187653
7696,84918
7696,27536
7696,41705
258016,16325
258016,51742
258016,192042
736,57716
736,52773
736,57719
736,25039
189376,326009
189376,338599
264976,31872
264976,2353
26897,26807
26897,186244
26897,80420
108497,32287
108497,352
108497,88
988,994
988,88
988,101
988,5329
22348,21605
22348,88
22348,6231
120508,74854
120508,18316
120508,6855
234508,161140
234508,277976
234508,306712
77801,30140
77801,523
77801,352
77801,138
50441,10244
50441,3979
50441,93949
50441,86948
26201,251402
26201,20937
80201,3969
80201,440
80201,77920
80201,280
15885,218436
15885,290423
15885,151159
15885,73714
328605,965
328605,175440
328605,88
328605,328606
250605,180126
250605,170090
250605,261981
250605,89019
250605,89938
16845,29961
16845,6323
16845,16848
16845,20598
16845,16849
2925,2889
2925,65409
2925,54813
36045,178296
36045,110196
93165,51341
93165,69608
93165,92234
93165,10822
29086,18284
29086,110832
47086,70375
47086,308
47086,45319
403966,7937
403966,677
403966,7423
403966,56580
403966,8021
59326,265092
59326,68000
68206,365
68206,158600
68206,4201
160606,129298
160606,1972
160606,86167
189406,187070
189406,485
189406,9356
189406,48656
189406,13219
72526,66854
72526,74433
72526,119299
300766,26076
300766,1793
300766,104703
300766,2908
300766,20798
98686,36371
98686,129563
98686,29289
98686,171641
82846,352
82846,24804
82846,195450
119567,14181
119567,352
119567,55820
27647,19904
258287,57
258287,7900
44447,31337
44447,63963
232607,138
232607,199509
232607,88
232607,37135
199967,322273
199967,88
199967,128424
199967,43929
199967,72650
199967,4290
293575,89926
293575,180127
293575,122098
58615,138
58615,10647
58615,9731
36055,173014
36055,31669
36055,102123
254455,333060
254455,299323
254455,381295
40615,12366
40615,21605
40615,12344
46615,46895
46615,46897
46615,31696
46615,26922
22855,21386
22855,46698
124147,125699
124147,55964
124147,96024
17587,479
17587,6855
17587,16950
17587,170762
1747,187644
1747,352
1747,408
1747,6873
307267,68000
307267,301844
32707,23855
32707,12366
32707,72949
157267,32026
157267,130545
157267,60599
157267,10827
41589,25712
41589,21815
41589,25781
41589,45027
41589,15190
36789,18329
199509,252246
199509,37135
199509,88565
48073,39241
48073,426027
48073,224254
192073,228044
192073,361614
192073,170953
192073,175956
192073,245805
352873,113172
352873,14889
352873,1426
352873,3783
295273,110677
295273,83171
295273,36243
180793,204758
180793,6512
180793,20544
22153,205096
22153,7136
22153,209164
22153,200079
108553,108558
108553,20276
108553,87362
108553,108550
132793,155318
132793,43905
132793,2851
132793,26842
71839,69484
71839,95463
231679,325218
143119,45122
143119,6868
143119,21844
48565,79458
48565,53795
48565,53687
48565,62699
48565,104766
287845,199877
287845,205969
310645,56797
310645,58028
310645,310646
15445,301
15445,5150
157525,9003
157525,265104
157525,88
39925,43966
39925,106805
39925,77587
254487,305612
254487,139436
254487,220080
254487,254472
194007,368016
194007,239853
149367,47767
65367,65360
315687,315688
315687,265008
315687,206774
41127,5
41127,2427
41127,138
41127,308
259533,178350
259533,9020
14253,7198
14253,63995
14253,3680
3693,31625
3693,9731
3693,138
69933,24237
69933,130118
69933,128264
69933,72261
60093,16092
60093,37766
19533,34235
19533,34797
19533,6971
12333,19904
12333,12490
12333,138
12333,6231
122493,198082
122493,67774
122493,67792
122493,137960
122493,289786
239613,88
239613,149368
9693,4137
9693,5224
9693,1275
9693,174
9693,13580
9693,5
81457,317
81457,56379
81457,27457
81457,84546
81457,49382
118897,365
118897,21995
118897,12440
118897,138
118897,36693
368017,14455
368017,7781
368017,368016
368017,7937
249457,31462
249457,88
249457,138
42577,10894
42577,46590
42577,4059
42577,21983
42577,7962
73777,286188
73777,69678
114577,33601
114577,293664
114577,83896
114577,193766
228591,12490
228591,84368
228591,12344
228591,12366
284031,291155
36351,29984
36351,1322
36351,1982
36351,10944
36351,13643
197391,5192
197391,44540
197391,25798
55791,5437
55791,8417
55791,62728
55791,37758
55791,35087
40675,84368
40675,288071
40675,12440
267715,273481
267715,10647
267715,168073
267715,225087
161875,7569
161875,34178
161875,33411
161875,206548
27955,24978
27955,24946
27955,8635
146035,14367
146035,73050
146035,15257
146035,191019
146035,12261
146035,308
115,1907
115,46
115,82807
126355,230332
126355,249
126355,45497
59885,106452
59885,67528
59885,111719
59885,128247
59885,40307
262205,19904
262205,102645
262205,2908
262205,138
11645,352
11645,3549
11645,47389
162845,677
162845,352
162845,3549
162845,16708
330605,19956
330605,62741
330605,399038
330605,88
30365,408
30365,352
30365,12189
30365,13643
66605,46991
66605,227480
66605,61499
66605,46998
33245,137505
33245,408
33245,352
39006,38658
39006,23230
39006,88
119406,59945
119406,59964
70446,104932
70446,104933
70446,104918
70446,95462
309486,338537
309486,300835
309486,225087
53166,1005
53166,116321
53166,88
4446,18550
4446,23127
4446,7953
4446,818
66606,28097
66606,35325
66606,58978
163092,138
163092,68585
163092,42679
254532,96616
254532,100924
254532,3830
254532,52419
246612,211380
246612,5676
246612,182214
246612,36909
61101,35039
61101,56631
61101,195658
51021,5810
51021,138
51021,17507
385821,241623
385821,300699
385821,43544
385821,318175
187831,64904
187831,67673
313591,225105
313591,301
111511,9929
394472,121552
394472,36558
394472,157562
394472,88570
148721,111863
148721,21961
148721,148720
148721,192190
148721,111864
68561,91476
68561,16604
68561,182920
251201,306612
251201,34719
251201,160221
265841,317
265841,220
265841,65811
265841,4693
94241,71671
94241,40242
94241,29616
31121,129495
31121,333
31121,88464
31121,1031
31121,9731
179201,250329
179201,60798
21522,27637
21522,38306
21522,21538
21522,20095
21522,308
49362,138
49362,88
73362,82042
73362,5205
73362,109366
188088,57864
188088,56631
188088,341992
188088,258169
96648,34565
96648,36371
96648,677
221208,3235
221208,102650
221208,76625
221208,2874
327048,101856
327048,303289
327048,149210
43128,27536
43128,1322
182568,33807
182568,352
182568,88
68101,78289
68101,73485
68101,113078
68101,54200
373381,33651
373381,99126
373381,350060
373381,14648
144421,33981
144421,1971
144421,29176
7381,7375
7381,109527
8101,8062
8101,8086
8101,8045
8101,32155
74341,12987
74341,12992
74341,1398
74341,9513
52741,1337
52741,4201
96661,6971
96661,128559
96661,6968
2341,352
2341,16248
2341,12649
116582,46998
116582,46991
116582,16533
116582,28097
85622,42759
85622,352
85622,16013
7142,1
163382,3830
163382,55236
2342,126824
2342,31267
2342,18575
2342,13859
243062,89934
243062,194419
243062,122093
243062,97181
52502,52501
106502,99058
106502,121760
106502,114041
106502,88
106502,59945
106502,34797
20822,129463
20822,73276
20822,4201
253872,52509
253872,103271
253872,52514
253872,97055
253872,129579
10272,29644
10272,51341
10272,138
10272,10213
10272,202902
107712,5676
107712,161158
5232,468
5232,518
5232,26129
5232,365
168192,125314
168192,14677
168192,35861
168192,16344
40272,28097
40272,355026
40272,4877
248832,295767
248832,6166
248832,226734
248832,282435
115156,132198
115156,248445
115156,228
115156,100924
73156,870
73156,139680
73156,43161
73156,1971
60676,23034
60676,55811
60676,169074
60676,16830
266598,3549
266598,352
266598,46590
266598,80550
266598,1971
678,32287
678,2163
169638,21876
169638,120354
169638,232220
169638,74513
169638,383390
282678,167795
282678,54225
282678,68000
282678,69205
181158,253614
181158,321852
68839,138
68839,68867
68839,69484
58519,137100
58519,231930
58519,155401
58519,40214
58519,231929
58519,122012
140359,9180
140359,20
140359,2039
140359,138
140359,138442
88999,116015
88999,36583
88999,511
88999,113944
273319,95917
273319,178341
273319,320588
273319,238873
273319,181775
69799,54197
69799,65331
69799,68866
275251,7533
275251,338193
275251,173936
38131,33384
38131,24156
38131,30959
38131,3449
245251,19990
245251,122314
245251,8928
245251,194915
61171,11192
61171,138
61171,352
61171,32341
23251,26920
23251,249
23251,26922
74406,71355
74406,74411
74406,66854
87846,20751
34086,27052
34086,87345
34086,23764
52328,46485
52328,82529
52328,33357
52328,22698
37448,39539
37448,1871
37448,15414
37448,49812
82091,53954
82091,165806
82091,88
13451,13437
13451,16086
13451,3549
13451,147074
11532,75446
11532,87392
11532,12606
11532,87391
71532,293745
71532,88
84014,3549
84014,88
84014,17507
84014,145138
45144,3830
45144,96293
45144,61185
193464,186589
193464,248
193464,160472
193464,68736
193464,102831
193464,173563
70104,32972
70104,19572
70104,43929
70104,31337
113786,154456
113786,38007
113786,2889
113786,154465
113786,104628
182906,208863
182906,59945
182906,88
40346,18107
40346,65901
40346,40376
40346,117307
40346,2010
48986,77375
48986,14735
48986,184515
48986,47097
199229,244974
199229,212712
287071,90913
287071,57257
287071,19572
287071,28097
31711,34911
31711,99776
31711,1005
55236,70188
55236,163382
55236,112593
218436,408
218436,272474
218436,226415
218436,352
47090,44556
47090,2381
47090,1398
47090,26478
154610,59377
154610,13740
154610,188240
82130,135739
82130,4910
82130,33651
82130,14075
238613,1
97021,7592
97021,107211
97021,284756
156061,37935
156061,70388
156061,138
156061,307712
329342,297560
329342,229460
52862,45515
52862,44796
52862,376
52862,38007
52862,46886
52868,264084
52868,26920
52868,95507
86948,130905
86948,143074
86948,86931
86948,13115
30308,116957
30308,5116
30308,5136
11588,1633
11588,56305
11588,109931
158948,168558
158948,114764
158948,137365
65829,26753
65829,82615
65829,54200
65829,65837
189196,65324
189196,12185
189196,90072
189196,88
178156,352
178156,210780
178156,218134
18316,60552
18316,120508
18316,176834
18316,83578
18316,202
170962,177547
170962,2042
170962,8158
37522,14677
37522,134813
37522,28161
37522,31084
330322,101856
330322,89926
330322,243283
330322,97181
146497,9356
146497,138
146497,56
146497,38458
65377,67736
65377,72229
36097,32270
36097,578
36097,36943
294817,304928
294817,226045
296737,49592
296737,932
296737,49577
296737,85944
296737,58411
27457,58418
27457,56379
27457,49435
27457,27464
232429,29144
232429,26152
232429,138
232429,30093
232429,86361
165229,100903
165229,12421
165229,109704
165229,182457
169074,46180
169074,16830
169074,242292
149874,189110
149874,280691
149874,97486
149874,44635
99474,40669
99474,101888
37554,33191
37554,253368
37554,65213
101888,99474
101888,349405
101888,33309
101888,12440
356768,59377
356768,677
356768,214894
61568,33357
61568,59945
61568,59913
257408,334788
257408,342430
151809,38451
151809,49831
151809,9356
151809,67165
151809,9351
151809,38458
103809,16466
103809,7569
103809,11998
103809,16456
70210,65356
70210,28050
70210,28046
144610,27779
144610,56961
144610,47543
144610,468
205096,22153
205096,14277
332784,101856
332784,370492
332784,297477
332784,384585
192638,104780
192638,138
192638,114433
192638,80280
372158,68278
372158,30799
372158,89013
34719,76079
34719,35046
34719,28097
8330,352
8330,333
8330,2480
8330,2427
8330,22893
170090,149210
170090,89934
170090,101856
170090,36558
72650,59311
72650,292
72650,54383
72650,49184
83210,39241
83210,56771
161450,1247
161450,6971
161450,6968
66891,283972
66891,266783
66891,66895
371211,101394
371211,182457
371211,22353
371211,12475
47211,12030
47211,10753
109611,78293
109611,138
109611,26129
109611,136166
109611,184098
274257,57415
274257,55964
274257,285126
202737,108208
202737,6855
202737,11898
154737,154736
154737,154732
154737,308977
154737,32287
89938,179507
89938,159853
165298,149811
165298,62215
165298,173263
129298,86167
129298,113214
284338,100924
284338,107338
284338,103057
284338,166228
17938,68958
17938,90180
17938,9351
17938,75566
52501,52502
340983,387033
340983,175766
340983,312284
340983,339344
4043,4044
4043,6218
4043,4023
4043,65774
413963,334935
413963,189670
413963,116548
38603,38638
38603,43835
38603,204672
38603,20200
203723,88
203723,100019
75572,90180
75572,67175
75572,144853
75572,68958
53973,22073
161990,357676
161990,311796
161990,320345
211910,138
121670,3393
121670,121674
121670,87922
121670,301
255110,142229
255110,2854
255110,100924
255110,247984
162964,137914
162964,142473
162964,350729
162964,164785
162964,350733
21844,30021
21844,62782
21844,138
21844,143119
114484,49567
114484,12490
114484,83720
114484,138
80886,13854
80886,138
80886,12928
43926,71323
43926,56071
43926,44457
90006,88
90006,37477
90006,352
56424,1995
56424,29984
56424,9076
22824,28926
22824,11895
122664,4201
122664,177170
122664,90786
122664,36224
202346,3253
202346,2889
202346,96616
202346,51757
306026,306022
306026,306023
11786,8030
11786,994
11786,301
11786,22674
30506,41746
30506,74942
30506,126186
30506,15632
154346,7592
154346,34848
70832,133775
70832,26098
73714,11998
73714,53954
73714,74766
73714,677
73714,15885
73714,160436
226354,13946
226354,92
226354,89311
226354,23875
226354,46938
113078,77068
113078,70549
204758,88
204758,138
104918,70446
104918,54200
104918,68023
302678,294913
302678,302676
302678,236
302678,2869
15638,45319
15638,138
310359,44736
310359,91865
310359,1793
64599,4379
64599,84791
64599,3393
64599,169477
306519,145770
306519,279366
306519,195862
306519,188983
306519,235234
280126,372874
280126,59541
26686,136753
26686,61189
26686,45158
26686,40225
17566,5116
17566,38328
17566,11895
12286,3969
12286,7620
12286,56916
104932,70446
73732,16013
73732,138
73732,84486
73732,45828
227816,220492
227816,63110
227816,416951
3176,19347
3176,14078
3176,36756
58859,1808
58859,167833
58859,17671
58859,17641
22859,39697
22859,68585
62699,119812
62699,200922
62699,125046
62699,53814
76625,248
76625,51757
76625,159280
13265,17642
13265,9797
13265,51218
13265,17729
65585,83174
65585,46976
65585,21720
65585,88
24791,62936
24791,220
24791,349
105431,43460
105431,308
105431,49286
105431,1426
192327,172488
192327,416170
192327,286814
192327,277966
17607,138
17607,21164
17607,38765
17607,17639
55048,153914
55048,45790
55048,184633
55048,12351
7528,31065
7528,33832
7528,138
145299,56181
145299,38249
145299,7669
83379,19254
83379,4201
83379,26120
80499,138
80499,301
80499,9251
213462,34697
213462,1274
213462,216
87702,298400
87702,70573
87702,82095
91547,42679
91547,20200
91547,138
104507,27556
104507,38224
11867,1999
11867,36363
11867,63428
168827,6405
168827,365
168827,88
168827,43742
5150,33954
5150,88
5150,3969
5150,1036
3230,2837
3230,99625
3230,104098
232670,88550
126590,47891
126590,6014
126590,138
126590,92898
58910,2434
58910,29159
58910,41791
94444,158102
94444,187182
94444,3549
94444,83588
209164,14277
209164,14331
209164,22153
209164,14324
52204,58978
52204,63202
52204,63123
276844,61670
276844,18388
276844,298353
276844,61638
276844,183109
276844,86979
101649,2908
101649,249
101649,59377
130937,315085
130937,63808
130937,88
8057,8077
8057,38928
8057,6512
8057,8097
8057,5444
15257,21339
15257,11288
15257,5076
194297,30493
194297,35600
194297,110690
194297,251787
261981,97189
261981,250605
16701,14786
16701,29036
16701,29375
47421,29879
47421,75915
47421,153820
57981,33751
57981,31793
57981,20909
57981,99976
38301,165229
38301,75647
38301,84368
38301,12366
258141,3178
258141,102089
258141,75107
258141,7627
321036,164261
321036,279633
321036,3419
324403,48069
324403,14677
324403,14662
324403,28097
37843,33282
37843,46573
37843,40257
70487,3285
70487,138
70487,6338
26807,34452
26807,408
26807,14991
7613,138
7613,29407
2813,66350
2813,138
2813,38328
289853,36558
289853,95905
375773,12318
375773,21747
375773,76721
375773,12390
157853,53421
157853,96780
157853,190302
78173,33569
78173,46698
78173,42679
371935,34306
371935,318390
371935,30230
318175,353494
318175,249653
318175,385821
318175,206774
318175,452121
83459,352
83459,11998
83459,408
14819,2991
14819,18681
165552,148823
165552,310172
165552,356906
165552,48869
218352,202
218352,198807
218352,138
218352,582
218352,24604
26352,292
26352,16333
294192,150144
294192,103304
294192,52419
110832,301
110832,74915
110832,7068
101718,2921
101718,167288
101718,100924
119490,973
119490,492
119490,468
192450,88
192450,619
192450,677
38370,301
38370,22352
80132,5183
42218,8
42218,2417
42218,3508
42218,11550
232298,97181
232298,88
232298,215573
324942,168151
324942,7592
8622,108695
8622,1995
8622,25801
8622,214875
8622,126579
284142,284145
284142,284149
284142,284144
284142,95908
1902,2676
1902,88
1902,39748
1902,308
201106,234477
201106,69626
201106,216762
201106,364071
201106,81768
107506,26753
107506,73059
107506,65972
