115641,404
115641,2236
115641,42667
115641,106
115641,88
295344,295342
341379,216
341379,349
341379,10530
341379,220
341379,47794
368929,185976
368929,52505
368929,1895
368929,184470
368929,185978
368929,396
324556,37856
324556,88
324556,20807
324556,352
9391,9411
9391,30234
110569,365
110569,69
110569,138
52,41869
52,69
52,29805
2698,18722
2698,52
2698,2450
2698,3413
128770,88
128770,78289
128770,109628
18079,23969
18079,143890
18079,143875
18079,40242
18079,143851
41317,33283
41317,138164
41317,1835
41317,30234
1,20
1,5
1,10
1,14
8266,152591
8266,404
8266,21517
8266,53958
8005,4201
8005,46590
8005,10917
204772,38234
204772,99884
204772,97829
1999,41869
1999,8568
2185,2280
2185,22457
2185,88
8398,72326
8398,4201
8398,35827
8398,1982
35656,129848
35656,275248
35656,336769
35656,31385
35656,239107
7858,2010
7858,904
7858,3549
28651,88
28651,12440
28651,138
274072,136724
274072,18536
349,22452
349,50329
349,2480
349,2427
69298,175110
69298,58514
69298,46049
69298,9481
69298,46042
23515,15579
23515,81893
23515,8723
295345,295342
295345,390700
295345,215482
295345,7698
46,1
45356,13020
45356,518
45356,24491
38,4824
38,308
38,3350
38,174
3467,12440
3467,18107
1337,34616
1337,4824
1337,1315
1337,6355
1337,59077
137558,2042
137558,472
137558,126247
124445,30927
124445,5686
14996,29984
14996,32783
14996,34452
14996,13643
14996,14991
14996,408
80516,177322
80516,44692
80516,39902
80516,251510
112127,41233
112127,41229
112127,22210
71705,16520
71705,66297
71705,33283
42095,138
42095,13740
42095,1190
97085,107401
97085,97089
97085,43688
29039,15408
29039,6317
29039,60188
14324,22311
14324,128382
14324,337957
14324,86056
30353,762
30353,3781
30353,352
1322,3116
1322,10655
1322,30098
1247,58514
1247,18107
1247,1971
1247,2671
1247,36258
1247,138
8738,69113
8738,60631
8738,67323
8738,3969
152120,18129
152120,1808
152120,138
152120,29039
152120,9180
5120,5150
5120,301
5120,138
5120,89
5120,582
22328,23969
22328,23968
8828,138
8828,86689
8828,33394
13811,144790
13811,129973
23195,12040
23195,2363
23195,52979
68000,78239
68000,78242
68000,73485
66680,1005
66680,61321
66680,180297
66680,2010
1205,105572
1205,301
1205,5989
1205,44401
1205,1206
91721,18223
91721,25580
91721,1005
91721,8755
91721,8747
98111,138
98111,11235
98111,2676
74585,138
74585,365
74585,86853
1343,4290
1343,1036
1343,47563
1343,138
16604,43835
16604,20256
16604,128601
16604,38002
317,4134
317,110967
317,24800
91103,265018
91103,22752
91103,157976
108926,17507
108926,2199
108926,70259
602,3566
602,7373
602,7368
602,628
602,677
30467,59427
30467,92084
62090,19148
62090,138
95516,155929
95516,8398
95516,11235
118169,49701
118169,8928
118169,34797
1190,13740
1190,333
1190,19623
86813,1
389,11581
389,20873
389,64065
389,1823
389,13321
206,6317
533,29407
533,77856
533,138
533,151996
71405,51244
71405,212358
71405,165175
71405,3549
71405,39421
71405,677
71405,46590
5444,24477
5444,13740
5444,138
170093,29334
170093,43615
170093,13255
20162,195819
20162,36756
20162,142169
20162,3979
46049,58514
46049,23956
46049,46042
46049,2077
337271,244328
337271,252156
337271,171180
110177,13854
110177,33949
110177,2280
110177,199022
110177,8618
2363,41424
2363,62851
2363,18575
12482,12440
12482,3467
12482,3466
12482,86813
14801,1982
14801,7445
14801,14880
14801,12040
15971,20007
15971,26120
286538,312107
286538,274077
286538,274076
6374,78190
6374,28468
88733,27266
88733,50682
88733,62824
88733,56135
18575,23455
18575,88
18575,26530
18575,41429
9746,144042
150050,408
150050,10901
150050,19204
168323,9003
168323,14602
168323,48069
168323,61321
14096,13650
14096,1322
140057,10917
140057,32287
782,8522
44609,95516
44609,64494
44609,8398
206627,172488
206627,286814
206627,205820
9020,299044
9020,8828
9020,9003
9020,8928
126404,352
126404,31504
126404,26279
126404,88
7427,29505
7427,6374
80879,94708
80879,71049
80879,5116
14912,3335
14912,25595
14912,138
28853,18272
28853,138
28853,8398
164594,138
164594,9180
164594,13854
209912,88
209912,1322
209912,93
209912,1988
28631,29267
86552,1190
86552,5686
152588,119895
152588,138
152588,218109
8114,46
8114,1228
8114,88
8114,11966
99935,4201
99935,677
99935,36280
518,2199
518,37761
134435,56103
134435,78854
134435,28686
27266,385
27266,13241
27266,1322
3944,119563
3944,2778
6074,5708
6074,677
6074,1310
61766,29039
61766,138
2141,18107
2141,138
2141,6317
2141,11556
2141,29039
11564,138
11564,13740
11564,6855
18416,23796
18416,8133
18416,2141
18416,500
18416,6317
18416,1850
173123,21278
173123,11556
173123,9731
173123,320122
179507,179470
179507,150300
179507,258630
179507,235635
1559,10
1559,22989
1559,308
1559,138
170021,19956
170021,4909
170021,55970
170021,255168
1823,1850
1823,1840
1823,1879
124850,99216
124850,158664
124850,104945
338834,77070
338834,109628
115940,143890
115940,18079
115940,3549
115940,13553
115940,352
56135,59858
56135,199410
56135,56103
56135,160730
443,16427
443,16424
443,54992
443,21710
5390,89619
5390,8030
5390,9648
40859,2527
40859,2250
40859,1031
40859,1767
40859,6855
9731,71901
9731,14822
9731,34748
62087,25094
62087,16476
62087,806
62087,16872
62087,138
14771,352
14771,1315
14771,88
14771,138
3434,138
3434,6355
3434,89981
3335,20873
3335,90821
3335,29879
103253,331821
103253,150409
103253,80528
103253,45501
13643,782
13643,3335
13643,582
23105,1443
23105,308
23105,2427
23105,9337
31610,138
31610,36192
31610,352
31610,138164
57106,301
57106,205939
57106,138
57106,78809
57106,57112
8476,2676
8476,45662
8476,29773
8476,29984
8476,11907
91957,14996
91957,3549
91957,1322
91957,14991
91957,82074
41557,7427
41557,38328
41557,26129
322885,88
322885,3477
322885,28077
322885,112308
64219,35681
64219,16662
64219,13056
107338,249
107338,209200
107338,113792
5788,12261
5788,523
33751,9731
33751,8755
33751,31793
33751,24156
33751,74470
14305,14351
14305,204961
14305,178540
14305,3581
13447,1031
13447,80516
13447,60798
13447,121714
13447,112362
393133,372369
393133,31089
393133,431616
393133,66293
5284,7427
5284,468
5284,31192
7423,2010
7423,91
7423,5011
7423,25388
76909,17358
76909,16013
76909,38249
76909,8398
76909,14367
14347,3629
14347,3557
14347,3930
57451,27740
57451,52476
57451,28097
41854,1024
41854,1369
41380,73105
41380,138
41380,18165
41380,18052
61099,57176
61099,82362
61099,71562
61099,16730
132256,30134
132256,23123
132256,74979
132256,49834
8158,14431
8158,2042
8158,52972
189283,352
86035,10647
86035,54903
251434,40774
251434,14431
251434,59377
251434,39749
101926,677
101926,1988
101926,133309
101926,98020
6121,43273
6121,2778
6121,2199
6121,138
155425,48702
155425,263069
13516,44398
13516,468
13516,8266
13516,41511
38224,26381
38224,29165
38224,41301
44656,31128
44656,10726
9337,20468
9337,1665
9337,22034
103621,2109
103621,202
103621,138
103621,123584
31084,35606
31084,28097
31084,35325
31084,8755
31084,35349
45052,67133
45052,23825
45052,158814
45052,582
189787,5770
189787,1373
189787,21486
154444,268017
154444,64132
154444,11907
154444,44539
154444,18575
55339,49915
55339,10647
55339,26129
140113,46530
140113,230526
140113,268611
179962,26233
179962,138
179962,365
179962,70392
63148,111967
63148,27872
63148,9180
63148,138
301099,60798
301099,59541
301099,242866
92686,12542
92686,15674
92686,8476
5713,1158
5713,666
5713,5
5713,11107
108760,11239
108760,100607
108760,1793
108760,26250
141988,18388
141988,336736
141988,6971
141988,301
41524,18360
41524,125844
41524,352
41524,2480
41524,20683
41524,59198
37957,107873
37957,58571
37957,37975
22738,73637
22738,3745
59281,59431
59281,17556
59281,59427
13831,103517
13831,3397
28783,166991
28783,9731
158479,2250
158479,79374
158479,92909
63712,27740
63712,73810
62959,33411
62959,27718
62959,69537
62959,256232
62959,35474
55291,70400
25246,58603
25246,677
20566,159520
20566,20559
20566,9590
20566,129136
10753,46590
10753,201439
25459,180376
25459,25455
25459,20500
109363,5245
109363,66910
109363,54200
109363,77059
55804,5437
55804,55558
55804,37753
55804,138
51178,511
51178,46175
51178,3549
51178,37761
33073,38775
33073,28700
12625,138
12625,164146
12625,22723
330745,111676
330745,90065
330745,54796
330745,52355
330745,48069
120418,70392
120418,65456
201157,116101
201157,242075
201157,242072
201157,241732
184,97
184,147
184,189
184,88
184,1237
91756,39404
91756,79693
91756,33601
25705,6426
25705,13073
25705,12539
52066,11620
52066,59841
108322,1105
108322,2480
108322,4201
108322,20683
538,22678
538,100202
538,352
538,408
32041,5224
32041,977
32041,32045
32041,5000
66970,49466
66970,48756
66970,977
66970,125022
66970,48687
66970,49460
10444,7949
10444,3549
10444,352
10444,213424
10444,408
10444,12753
77212,138
77212,215513
77212,9208
6502,2644
6502,15170
6502,15138
4603,1681
4603,220
4603,487
4603,4134
4603,15457
3910,1882
3910,1596
3910,42
3910,22016
138520,45694
138520,80068
138520,182380
20128,20194
20128,20200
215587,89934
215587,19887
215587,230575
215587,36558
215587,135307
38638,66517
38638,46587
38638,37330
38638,94917
38638,38553
48178,76578
48178,274254
48178,61122
48178,167080
48178,36070
149974,46
149974,41869
149974,17278
149974,5
149974,64518
109471,230290
109471,128469
176875,677
176875,88
176875,16427
41278,88
41278,31362
41278,26152
41278,677
41278,4201
41851,6836
41851,5918
41851,6819
41851,138
43876,9590
43876,36358
24037,94611
24037,40598
24037,2784
24037,957
20056,37815
20056,138
20056,17507
20056,45828
22792,68564
22792,16604
22792,42679
150091,489
150091,317
150091,10
150091,206
68419,16604
68419,20194
68419,22792
33949,130524
33949,105297
33949,2039
33949,58221
33949,301
104542,2480
104542,408
104542,9342
16243,46133
16243,51668
16243,1426
16243,74082
216313,100817
216313,352
216313,7427
216313,88
12526,3969
12526,19594
12526,4290
158296,4201
158296,67382
158296,11895
158296,365
1078,333
1078,1005
1078,5348
54280,4201
54280,96979
38227,38225
250027,203378
250027,34181
250027,33601
75787,114320
75787,95268
75787,45907
80110,1988
16459,7569
122815,138
122815,352
4888,34178
4888,16466
4888,67543
394297,390147
16261,93
16261,1232
16261,1398
122938,179507
122938,172488
31780,31327
31780,77549
31780,112091
31780,88
31780,59636
138613,106510
138613,130956
138613,371852
138613,83224
138613,50218
116602,8303
116602,7008
116602,138
116602,36693
40270,4877
40270,10267
40270,28097
40270,52476
40270,129769
224152,298169
151471,230176
151471,26076
151471,10010
151471,1793
151471,204367
310132,36558
310132,345348
310132,95917
58396,88
58396,11620
58396,962
58396,138
43129,67474
43129,27536
72418,72428
72418,43615
72418,170093
72418,29286
4018,100721
4018,6608
4018,4038
4018,1718
4018,88
4018,4016
24727,69
24727,52441
24727,14932
160138,56910
160138,221560
160138,26250
260350,81429
260350,352
20293,113238
20293,85221
20293,68585
20293,22851
153820,1823
153820,11192
146989,96530
146989,12440
146989,40692
146989,84368
146989,23764
103942,57316
103942,85021
20305,111415
20305,204308
20305,173308
51637,4134
51637,21833
51637,17425
51637,235859
3040,37758
3040,12570
3040,47949
3040,3021
16351,118277
16351,272052
16351,58978
83797,247068
83797,190227
83797,40307
83797,71275
196468,17507
196468,42459
196468,130899
14455,1
153415,19419
153415,11991
153415,43742
33067,3191
15034,68023
15034,507
15034,123571
15034,2312
48865,352
48865,9437
48865,47891
219181,6855
219181,169302
219181,93993
219181,28815
29191,19191
29191,32118
29191,52298
29191,14871
181381,107291
181381,32045
181381,138
13933,145316
13933,11895
13270,10647
13270,352
13270,13266
13270,677
216550,19672
216550,352
260719,511
260719,45907
260719,5193
1105,4201
1105,12109
1105,108445
1105,2630
14203,14188
14203,14213
14203,3809
14203,14156
13429,96326
13429,19540
13429,9180
13429,20007
13429,71671
210139,374188
210139,42459
210139,45828
38599,37317
38599,42679
98962,416
98962,1858
98962,138
62635,29375
62635,131069
62635,25883
62635,108622
46102,554
46102,5918
46102,6785
46102,17756
2179,20400
2179,18052
2179,3549
2179,10446
2179,10726
18040,229025
18040,468
18040,18033
18040,88
82567,101343
82567,101345
82567,101384
82567,101330
29071,1511
29071,36558
29071,29055
29071,29059
189133,1205
189133,114932
189133,5793
189133,67057
79423,119778
79423,53643
79423,88
106615,43117
106615,48820
106615,4215
106615,24146
139468,138
139468,3581
139468,14324
139468,1988
8887,8976
8887,14922
8887,71968
8887,36192
61984,78812
61984,2985
61984,396
34516,8755
34516,1005
34516,25580
34516,27708
54418,308
152320,15755
152320,12884
152320,7905
152320,48761
26542,133691
26542,29299
26542,29289
26542,142333
73231,291199
73231,80516
72163,105519
72163,33070
72163,459
72163,20718
72163,33033
72163,39867
19519,2360
19519,5226
19519,13248
113806,41894
113806,255045
61825,33106
61825,62824
61825,28659
61825,4137
61825,2360
74617,144628
74617,102310
17803,730
17803,6089
17803,677
23464,2644
23464,132913
23464,154444
23464,8271
23464,174866
149212,157348
39748,45540
39748,66974
39748,60867
39748,8025
84958,40060
84958,1718
8881,33601
8881,18442
8881,8607
73312,88
73312,29876
73312,11790
73312,33251
200968,11895
200968,352
200968,12710
200968,98897
90499,134236
90499,22307
90499,362330
78787,16444
78787,19462
78787,69330
78787,127415
78787,189796
78787,136340
191104,109191
191104,208532
191104,162107
191104,180320
14677,31780
14677,8811
14677,60990
14677,19148
45901,2363
45901,26530
45901,46510
35914,3549
35914,677
35914,88
35914,13660
59530,73979
59530,59539
59530,59520
59530,173113
30934,1190
30934,201497
36712,50928
36712,352
36712,7008
98008,11945
98008,37191
98008,62927
98008,219277
98008,54525
3502,131704
3502,408
3502,352
14056,33472
14056,39515
14038,142
14038,628
14038,16353
14038,14014
118201,5697
118201,317
118201,7000
118201,34168
215545,248386
215545,168110
215545,272397
215545,347520
158743,88
158743,128759
158743,29144
158743,5199
158743,3471
158743,142086
3517,77939
3517,199049
3517,33511
65476,38627
65476,102046
65476,46587
65476,28911
319111,205820
319111,263746
319111,288162
22030,87547
22030,3559
22030,16336
126763,23996
126763,25868
126763,31992
20386,8398
20386,44609
162013,3969
162013,1228
162013,128633
245200,36558
245200,97181
245200,171183
245200,101856
267841,208500
267841,150197
267841,1793
267841,286814
47710,1982
47710,173334
47710,11998
136237,39542
136237,10795
136237,72399
136237,182489
136237,180790
13030,27664
13030,7285
30181,220
30181,308
30181,49828
30181,56975
30181,32334
10534,10638
10534,26085
10534,93861
10534,58301
10534,75915
4183,100148
4183,168597
4183,14991
7420,1168
7420,37761
7420,1469
171538,16598
171538,213610
171538,152192
26116,762
26116,30140
26116,18311
26116,13712
171781,511
171781,347
171781,13768
171781,12539
670,9305
670,4290
670,629
670,666
81934,99657
81934,5950
97375,77721
97375,55377
26029,4005
26029,1322
26029,1237
26029,92972
36451,44783
36451,4262
36451,1808
36451,5842
36451,15573
6112,4824
6112,1337
6112,43322
180385,92909
180385,2250
180385,115928
205993,327041
205993,172488
45277,1247
45277,333
45277,138
27151,50549
27151,41413
98890,582
98890,352
98890,25680
98890,43153
95905,181775
95905,146288
95905,229210
95905,68286
162412,352
162412,88
162412,85460
15325,15372
15325,2745
15325,12062
134479,36622
134479,31391
134479,26250
16456,138
16456,1971
16456,14662
16456,33411
9676,24015
9676,138
9676,137188
52957,201281
52957,39194
52957,35014
29065,88844
29065,88565
29065,29059
29065,95905
62161,62154
202696,185219
202696,88
202696,109565
202696,188241
23587,208341
23587,161
23587,14877
23587,23037
3088,2778
7072,2250
7072,31904
7072,1767
7072,6868
89410,212287
89410,6951
89410,36660
89410,67955
116101,101856
116101,95913
116101,205820
116101,132781
57112,138
57112,36219
57112,301
13351,73276
13351,2199
13351,236039
59686,17094
59686,27387
59686,9731
59686,171923
59686,36290
26824,645
26824,352
26824,2480
26824,6142
26824,3008
10693,32783
10693,34452
10693,6074
16762,20559
16762,37290
16762,138
177835,161330
22582,43753
22582,9746
22582,30583
229210,95905
229210,234278
229210,89013
229210,229221
229210,160376
17194,51199
17194,5733
17194,121062
17194,151359
17194,8005
247,2889
247,3830
247,102067
43753,1
4156,1036
4156,34616
4156,7427
147139,84010
147139,10726
147139,13223
65866,17175
65866,1105
65866,11998
65866,47710
65866,365
40669,88
40669,511
40669,12462
40669,1988
40669,4201
138631,85021
138631,103942
138631,268719
59533,59523
59533,250397
59533,43250
36436,49591
36436,106570
36436,138
143227,119812
143227,138
143227,53814
321019,52217
321019,4904
321019,149811
321019,71275
27796,468
27796,408
27796,6374
27796,365
9181,63148
9181,511
9181,29407
78985,47169
78985,14612
78985,57429
78985,22631
78985,82288
6199,138
6199,18893
6199,40028
6199,40043
248698,95913
248698,171183
248698,95908
46414,172247
46414,6405
161377,158892
161377,18114
161377,208167
161377,42419
36463,5117
36463,3562
36463,2118
101188,58204
101188,73340
101188,101189
17221,40075
17221,88215
17221,138
17221,3798
709,2950
709,2953
709,2237
709,2947
709,2957
14977,20273
14977,21136
14977,68191
14977,555
14977,39887
14977,32289
14662,8747
14662,19159
98683,72431
98683,2216
98683,29286
98683,43615
98683,29282
98668,65059
98668,49705
98668,94590
98668,124025
31372,108197
31372,209581
31372,17175
31372,4201
224683,138
224683,3979
224683,39081
224683,66394
11659,16598
11659,136778
11659,3969
153931,11895
153931,62905
153931,4201
48820,66573
48820,352
48820,8005
48820,45559
33505,468
33505,308
33505,44266
33505,42994
20752,485
20752,13317
20752,83461
20752,25706
20752,58767
76678,107602
76678,78690
33277,28114
33277,27740
33277,4877
33277,63712
655,5088
655,645
655,69993
3049,3029
3049,1554
3049,16196
3049,3021
16996,44628
16996,259291
16996,156848
92614,52204
92614,66601
92614,35119
5056,23406
5056,39016
5056,130818
58735,75737
58735,14606
58735,4909
31327,35606
31327,33707
31327,77587
715,13859
715,2295
715,14538
52120,81266
52120,26076
52120,97677
52120,1369
43288,138
43288,5686
49063,54369
49063,271268
49063,408
49063,352
49063,49062
111967,5686
148852,138
148852,8005
148852,88
23428,10917
23428,121427
23428,46590
5437,37719
5437,37726
5437,1544
5437,9152
5437,55804
99181,105232
99181,4909
99181,107199
34801,13854
34801,19947
34801,6951
34801,14584
45319,48670
45319,99329
45319,38451
45319,40536
96049,172767
96049,98947
96049,43688
96049,90786
126013,134989
126013,92603
126013,24114
228289,39769
228289,88
228289,10
26233,113095
26233,25054
26233,408
26233,4428
124888,245200
10309,41543
10309,12597
10309,26456
10309,387083
30526,19861
30526,1292
30526,7965
94810,11927
74158,11917
74158,6405
26269,27664
26269,5918
26269,26282
42640,19411
42640,2694
42640,140985
42640,64149
90259,82562
90259,555
342595,95905
342595,247764
342595,95925
342595,157561
72949,232070
72949,8976
72949,26498
278845,299192
278845,80249
278845,58045
278845,28097
163228,18165
163228,352
220534,64132
220534,66394
89833,72795
89833,59412
89833,109851
159850,1793
159850,138
159850,43153
159850,582
13834,352
13834,3549
13834,408
13834,677
92548,52081
159520,11192
159520,11571
159520,109508
159520,26250
22849,144790
22849,89805
22849,43742
294811,280557
294811,263678
209368,197084
209368,54960
36490,141087
36490,2463
36490,16013
36490,24804
92830,66292
92830,63773
46621,29920
46621,59431
46621,31023
46621,97085
46621,92742
8635,24978
59512,179909
59512,59516
59512,203667
59512,59332
24766,29505
24766,42095
24766,13442
24766,137645
85021,57316
85021,88533
85021,8960
85021,103942
63619,9604
63619,109527
63619,408
63619,88
63619,9704
81382,36381
81382,134050
81382,3573
81382,165823
81382,2991
81382,91
52255,61221
52255,1426
52255,44143
17011,19291
17011,138
17011,48312
17011,18079
17011,18052
111655,28097
111655,30230
111655,149811
111655,80249
111655,40282
262540,103241
262540,376300
262540,212857
11866,365
11866,1469
11866,2199
139324,193830
139324,124769
139324,108197
24301,12710
24301,12731
24301,93949
24301,126719
28324,88
28324,79430
28324,150691
78598,204102
78598,20200
78598,42679
19990,122314
19990,36216
19990,8928
14404,352
14404,88
14404,1982
16516,44457
16516,48059
16516,62161
16516,35851
5005,26282
5005,138
5005,5999
120517,171911
120517,26250
120517,11192
120517,11895
16135,9208
16135,55558
16135,2199
913,941
913,962
913,408
17875,80751
17875,365
17875,14890
17875,138
3385,3335
3385,15119
3385,47030
41599,4450
41599,4290
41599,1982
41599,63386
41599,17803
85825,24978
85825,125022
85825,49591
115135,110402
115135,138
115135,105966
292,1005
292,138
292,5820
292,8755
60574,16533
60574,16344
60574,182788
74266,3798
74266,11211
74266,108197
288088,1005
288088,31793
103708,22681
103708,23956
103708,147021
237634,88
237634,198531
237634,365
77587,35606
77587,14057
77587,31327
244312,97196
244312,260391
8446,408
8446,440
8446,645
140629,146085
140629,88
140629,111113
140629,111114
375325,289387
375325,111644
375325,269052
375325,281334
8806,8755
8806,34911
8806,28097
208216,115990
208216,364979
208216,971
208216,52030
40018,26152
40018,36664
40018,46053
40018,143868
40018,23800
24850,192740
24850,6552
24850,210903
24850,13044
75370,1
61051,3549
61051,8005
61051,10446
53941,37761
63364,122898
63364,63528
63364,26498
2989,130982
2989,66347
2989,44022
2989,130977
14431,35151
14431,93
14431,2042
14431,138
150922,52217
150922,294045
150922,191969
150922,27740
41653,6014
41653,41646
41653,138
41653,38234
216691,357
216691,308
216691,25677
216691,138
107401,43688
107401,97089
107401,219595
107401,97085
110851,269
110851,228
110851,52413
110851,45164
110851,249
45238,18425
45238,15217
45238,511
45238,2010
17275,76795
17275,61535
17275,54422
154051,69067
154051,66831
154051,72469
58603,523
58603,15380
22966,38067
22966,2420
22966,1441
22966,31697
263746,150197
263746,172488
263746,421712
263746,179507
124900,59884
78058,256799
78058,3549
78058,137192
78058,83387
78058,677
29299,29640
29299,27266
29299,29296
22846,46698
22846,22727
151363,6014
58504,11107
58504,88065
58504,100143
68582,6544
68582,38575
68582,47762
53282,35500
53282,114415
53282,1882
183242,9731
183242,46923
256022,150197
256022,208500
102572,102567
102572,321287
18602,140382
18602,308
18602,385
74942,31256
74942,41594
74942,56680
407222,6166
407222,265614
407222,225910
407222,259228
3482,70174
3482,138
3482,162814
86522,365
86522,677
127112,267489
127112,352
127112,58264
127112,88
8462,2109
8462,3969
53912,16906
53912,68790
53912,24815
53912,12407
53912,38349
34622,108540
34622,28120
34622,4877
34622,79052
34622,16794
183002,138
240212,5655
240212,123986
240212,8095
240212,1766
240212,158561
315692,14625
315692,39524
315692,14564
315692,315691
160202,160196
160202,85221
160202,181061
72152,39858
72152,18284
98402,37906
98402,110397
98402,10944
98402,49969
40832,42446
40832,37815
40832,7304
357152,273481
357152,355865
357152,357154
357152,26108
57542,79647
57542,67785
57542,95917
283292,150649
2,5
2,138
2,308
341612,385779
341612,190832
16862,88
16862,20601
16862,134980
16862,365
22832,20200
22832,111415
8282,10822
8282,42900
8282,47280
8282,93174
149252,29425
149252,122891
149252,33259
149252,94109
14192,352
14192,408
14192,3798
14192,11235
11072,88
11072,13073
11072,88664
4532,32026
4532,809
4532,352
101132,8398
101132,139015
101132,204244
101132,112097
101132,32972
101132,8747
221042,37882
221042,138929
221042,14324
395642,468
395642,138
395642,1988
18482,4201
18482,408
18482,677
18482,352
45722,21605
45722,12366
45722,109527
45722,112028
33902,33417
33902,112615
33902,65653
33902,6971
33902,117696
74492,118305
74492,74411
74492,189931
74492,74433
108812,50861
108812,110647
108812,78917
108812,21492
108812,114093
39002,59667
39002,83281
39002,1793
48362,49026
48362,3979
48362,36340
25802,69
37322,37305
37322,115028
37322,38599
37322,38580
95462,82108
95462,77049
125702,55964
125702,361790
105782,58946
105782,8723
105782,19936
105782,8784
105782,8913
126182,149925
126182,141988
126182,88
126182,116930
126182,194450
45212,157154
45212,42127
45212,1793
45212,1164
45212,23685
49832,62622
49832,85511
146282,223962
146282,95913
146282,124862
146282,89934
171032,108205
171032,104493
171032,126016
55532,81608
55532,64943
114812,38002
114812,46527
114812,61202
175142,32398
175142,33409
175142,28455
175142,57924
52592,24946
52592,52585
52592,979
52592,977
10832,41265
10832,26810
263582,137605
263582,30230
263582,39510
263582,222073
284979,132141
284979,330073
284979,30230
284979,330072
72909,39589
72909,14932
72909,139250
72909,2077
72909,67133
144129,16862
144129,324888
144129,44605
144129,162764
39249,20973
39249,39194
39249,102456
39249,72763
57339,7569
57339,109829
57339,38172
57339,138
53679,53743
53679,138
53679,39562
99549,1
76989,107481
76989,88
76989,1988
76989,49673
76989,90213
75459,75464
75459,75455
75459,117162
75459,163615
237069,156046
237069,376548
237069,88
121869,128277
121869,80056
121869,16604
121869,44138
73899,88
73899,138
73899,677
16869,93
16869,7011
126009,23968
126009,352
126009,31389
112809,112025
112809,110241
100779,22210
100779,97311
100779,408
100779,61075
100779,118258
198759,352
198759,408
198759,37230
198759,8005
1269,12062
1269,12992
1269,32026
74019,138
74019,365
74019,74048
74019,144790
141759,167057
141759,6317
141759,88
44079,54105
44079,214789
44079,4479
18549,49796
18549,1458
18549,16623
53799,53684
53799,131636
53799,85081
29169,38234
29169,2590
29169,308
29169,187974
10959,138
10959,77411
10959,9180
136179,301844
136179,84059
136179,221777
136179,136166
136179,212625
98619,8005
98619,16086
98619,352
98619,408
89559,80174
89559,30831
89559,31065
32469,33839
32469,50239
32469,291665
32469,277627
167679,35437
167679,7592
167679,31818
167679,174954
336939,134836
336939,95925
336939,303938
336939,330012
336939,317076
12549,20818
12549,110
12549,316
12549,138
12549,1971
177159,266058
177159,90213
177159,102645
177159,3840
139029,523
139029,88
139029,22470
139029,677
171639,252749
171639,171632
171639,266748
66939,136166
66939,212625
66939,142038
30849,147848
30849,50239
30849,38149
30849,216086
80829,317
80829,52851
80829,11845
80829,112699
80829,105480
51639,29424
51639,172933
51639,137365
51639,154552
109059,308
109059,301
109059,147
109059,108850
55389,76561
55389,320349
55389,52476
202179,50239
202179,28455
202179,34178
202179,107873
54999,5136
54999,138
54999,97485
54999,88
6579,1036
6579,38311
69519,114041
69519,214194
122529,138
122529,205185
123669,352
123669,33036
123669,93
123669,19795
123669,204781
85899,88200
85899,32045
85899,151887
85899,49481
14139,408
14139,3549
14139,8005
14139,352
78219,8849
78219,16452
78219,112102
78219,1714
78219,292
69729,14677
69729,69761
69729,118740
60609,147
60609,2
60609,3319
23919,138
23919,6405
34929,112097
34929,23519
34929,34716
72339,32972
72339,31337
72339,204244
72339,324782
72339,31327
7389,12366
7389,6231
7389,21605
183429,8603
183429,8913
183429,8928
183429,9020
183429,122314
33399,218325
33399,281454
33399,138
33399,33389
33399,105954
33399,30966
40449,20056
40449,365
40449,37815
40449,40815
40449,4201
159429,88
159429,108607
252399,252395
252399,326433
252399,252396
252399,249653
252399,312005
37839,24405
37839,68939
37839,103928
250839,32098
250839,36243
250839,98791
250839,321968
108909,100229
108909,128830
108909,106993
108909,194450
108909,74139
5589,138
5589,5582
5589,5676
5589,35649
96039,40788
96039,365
96039,138
96039,63789
28704,29267
28704,138
28704,39873
28704,18033
316764,11881
316764,104554
32214,115927
32214,93765
32214,13321
32214,7427
7524,33839
7524,35210
7524,88
30984,90323
30984,102708
73224,13740
73224,131080
73224,1767
78834,161837
78834,352
78834,101975
192414,352
192414,408
192414,8005
192414,3549
60054,138
60054,116213
159474,48648
159474,13704
159474,9340
159474,9356
230064,145834
230064,677
14394,113458
14394,1322
40704,59377
40704,4973
40704,1501
56694,1254
56694,30885
56694,42
56694,43364
78444,29036
78444,8646
78444,82074
78444,29984
338334,409893
338334,262426
338334,317746
338334,3158
107334,43909
107334,241930
107334,2889
107334,74723
107334,182307
233994,249
233994,66350
233994,352
233994,38711
233994,100924
2844,25214
2844,26920
2844,138
158334,7691
158334,64270
158334,30230
158334,33283
37704,5224
37704,23268
37704,379
37704,88
37704,555
59544,59541
59544,60798
59544,59526
77244,5205
77244,81429
77244,109380
77244,9886
10944,36340
10944,760
10944,1315
10944,23650
241434,12759
116574,285197
116574,88
83844,3121
83844,88
83844,12057
83844,385
67854,115487
67854,7937
67854,24192
370074,55964
370074,37489
370074,16533
370074,322128
370074,101820
179724,262540
179724,199442
179724,351025
179724,119067
179724,405087
12924,44289
12924,4201
106014,238446
106014,56798
34374,89966
34374,48687
34374,22883
34374,87170
34374,146384
94854,359471
94854,264440
94854,220804
140454,112445
140454,66961
140454,26661
120804,134873
120804,273072
224844,26377
224844,19550
224844,142013
291054,122123
291054,319869
291054,30799
7194,7164
7194,4528
7194,22434
178674,161963
178674,250329
178674,233324
190404,138
190404,365
190404,1988
190404,1315
195804,111676
195804,352
195804,40275
195804,107188
278364,16466
278364,28455
278364,7569
15054,88
15054,2163
15054,18429
15054,1982
46134,82584
46134,64196
46134,82567
46134,3477
57144,95090
57144,316089
57144,16533
111804,280920
111804,21995
111804,12440
96024,14025
96024,147916
96024,44036
96024,44457
50004,365
50004,112390
51444,165058
51444,165059
51444,229078
129264,6342
129264,180247
23364,28000
23364,2117
23364,52130
34284,34241
34284,16344
34284,43998
34284,7533
12564,9731
12564,2515
12564,998
37854,7449
37854,28899
37854,2654
37854,45187
37854,6502
37854,21213
298194,298198
298194,299957
298194,236766
298194,225909
107904,69537
107904,7569
107904,107873
107904,42851
93474,10912
93474,523
93474,85511
165054,5950
267774,34801
267774,31510
267774,7592
267774,28531
267774,33417
46254,1692
46254,5056
46254,58456
11394,11308
11394,4201
11394,3549
11394,8398
11394,352
11394,408
4464,365
4464,13740
4464,1982
4464,2199
11844,49673
11844,49668
11844,49664
127764,37285
127764,885
127764,29713
319224,111644
319224,762
319224,269052
319224,204734
319224,8898
59818,20194
59818,20200
11308,138
11308,11445
11308,11372
211678,230833
211678,112097
211678,14570
211678,139015
253108,307939
253108,261986
253108,307946
253108,243294
253108,272965
174808,121352
174808,258921
174808,87079
174808,122093
174808,302389
71278,511
71278,533
71278,19148
71278,9180
119788,138
119788,53684
119788,79473
115528,103827
115528,357
115528,847
115528,27384
69208,67573
69208,70569
69208,2010
69208,67736
113638,106538
113638,208795
113638,60526
113638,253609
23248,238314
23248,129225
23248,12344
23248,60445
252178,160260
252178,249482
252178,239267
97348,2199
97348,133309
97348,13321
97348,138
295768,263571
295768,294186
69718,4877
69718,102119
69718,46558
69718,63718
66598,90931
66598,128157
66598,118277
66598,58978
6538,1233
6538,1879
6538,760
33808,33807
33808,106215
73408,365
73408,138
73408,7569
73408,119905
52858,52851
52858,11844
52858,113091
31738,121250
31738,31765
31738,83829
31738,31337
31738,38328
59968,149146
59968,79074
59968,31843
59968,31818
111118,211268
111118,5686
111118,142067
111118,173308
111118,192028
44848,44844
44848,81915
44848,184428
44848,301
84448,479
84448,76783
84448,49567
17998,51963
17998,88
17998,82946
17998,7660
17998,7940
120208,54528
120208,193862
120208,24771
15178,518
15178,1454
15178,37761
15178,103517
196858,150085
196858,95216
196858,16533
215608,36583
215608,89934
215608,164128
253708,133775
253708,85040
253708,189297
253708,354131
6268,2876
6268,23255
99058,113924
99058,111680
99058,95097
99058,14602
31918,45636
31918,57101
31918,14619
31918,45633
192598,32032
192598,11945
192598,677
192598,55002
46648,3399
46648,138
46648,5
240418,30799
240418,240416
89008,1
80248,111680
80248,62215
80248,76079
80248,163723
192028,46923
192028,142067
195778,147429
195778,22532
7258,18279
7258,6495
7258,809
7258,15314
18328,93902
18328,17104
18328,84804
29908,59431
29908,148835
29908,106884
29908,150065
190408,311575
190408,154091
190408,59322
218668,352
218668,73578
218668,8398
218668,223805
218668,8005
113009,14677
113009,64302
113009,58097
113009,14617
215759,284521
215759,89044
215759,201217
215759,215779
176939,6840
176939,9731
176939,27362
176939,314317
11699,144649
11699,35813
11699,58338
11699,51261
11699,48513
147809,44904
147809,53643
147809,79423
147809,8398
147809,118608
52079,408
52079,8005
52079,4450
52079,1982
52079,677
68729,103057
68729,38711
68729,101964
68729,244159
92249,26842
92249,228
92249,2844
92249,2905
92249,103221
43379,5444
43379,138
43379,95561
43379,15573
50909,29191
50909,11895
50909,50928
50909,56305
50909,73109
50909,14833
273029,73974
273029,262932
273029,233317
273029,262930
273029,93
68939,88
68939,100689
68939,3121
68939,365
127259,40788
127259,133242
180959,26247
180959,26076
180959,1971
76619,52387
76619,249
76619,107338
22829,76381
125699,37489
125699,125702
38939,533
38939,36358
38939,9251
38939,81756
16559,60626
16559,20894
16559,2042
134909,33854
134909,111310
134909,64815
119609,260564
119609,174629
380759,189410
380759,189413
380759,272478
131069,1941
131069,156571
131069,11682
131069,26806
117539,138
117539,1971
117539,44022
190529,1
17939,67223
17939,67165
320429,241100
320429,239782
320429,217146
320429,168073
425999,249653
425999,243553
425999,26076
425999,266302
2639,2745
2639,50408
2639,15143
2639,6527
117449,69537
117449,7569
117449,38172
117449,244418
42239,56771
42239,56798
42239,5686
16319,68211
16319,45515
16319,96616
16319,3012
269729,242170
269729,60798
269729,77394
269729,59327
30959,32469
30959,33843
30959,205516
23519,83174
23519,34929
23519,28088
23519,89833
23519,53902
50759,84313
50759,5696
50759,118586
180299,43688
100379,38103
100379,352
100379,138
113639,111687
113639,60021
113639,60526
113639,19913
50129,308110
50129,71504
50129,139524
10259,7401
10259,10030
10259,182979
10259,24642
10259,51864
190259,138
190259,34797
190259,9180
190259,85539
101009,301
101009,292
101009,6534
101009,78
315839,64563
315839,108882
315839,19995
315839,320424
48869,164626
48869,193079
48869,140112
48869,146135
76979,2861
76979,6268
76979,85702
76979,38018
76979,2854
13799,13808
13799,124398
13799,677
104729,55019
104729,50119
104729,16259
104729,1651
1709,930
1709,1228
1709,27986
51059,5950
51059,99656
51059,96284
183179,8398
183179,10917
183179,115487
3749,602
3749,15143
3749,106
3749,628
19649,762
19649,1971
19649,54276
19649,41842
19649,138
197069,240976
197069,16449
197069,2676
130379,116213
130379,269788
100079,100074
100079,98199
100079,8699
174629,34801
174629,116457
174629,135428
174629,119609
174629,54156
25199,75049
25199,266207
25199,9672
21089,71590
21089,21040
21089,19148
8699,100074
8699,1005
8699,59431
8699,100079
8699,59427
238446,138
238446,106125
238446,36224
238446,36226
238446,16452
7386,55612
7386,7375
7386,13003
56766,16344
56766,31760
56766,37537
56766,16527
152586,7569
152586,138
35046,52355
35046,76079
35046,35293
35046,52476
35046,28097
186366,111676
186366,28097
186366,35061
33426,10923
33426,11036
33426,24294
33426,8122
33426,32691
133146,29176
133146,8398
133146,138
73686,352
73686,1398
73686,77407
36846,54059
36846,96195
36846,36867
139626,139631
139626,3549
139626,352
139626,79882
134826,2280
134826,199827
134826,137224
134826,5792
253506,101858
253506,146252
253506,84500
253506,89933
294186,295767
111666,27753
111666,195810
111666,133341
111666,53226
180126,89934
180126,101856
180126,97188
180126,122095
113226,155318
113226,163941
113226,249
260646,118569
260646,110801
260646,53704
57366,11895
57366,6017
57366,29191
57366,232814
57366,18284
393726,30230
393726,278845
393726,140884
393726,14075
166506,232702
166506,30991
166506,16466
165066,229078
165066,165059
165066,165058
165066,51444
63667,465
102007,9108
102007,13462
188107,202815
188107,82630
188107,12653
188107,47249
58987,59383
58987,58978
58987,90881
28567,138
28567,5686
28567,13643
28567,333
224587,7781
224587,18079
224587,11164
45187,9091
45187,352
45187,15564
122047,79975
122047,253025
122047,110489
24907,1398
24907,677
24907,91002
195787,981
195787,42273
61807,565
61807,99528
61807,4137
25447,16808
25447,39016
25447,23230
25447,1398
341647,69137
341647,94355
341647,305331
341647,39511
177667,134841
177667,285593
177667,279606
177667,259601
177667,101875
141067,26377
141067,89537
141067,45818
141067,50935
81127,70071
81127,81132
81127,70075
81127,93
344767,261911
344767,95913
222307,26377
222307,352
222307,36660
222307,3549
5227,518
5227,86359
5227,511
5227,142093
5227,15217
105847,138
105847,8005
105847,19597
202327,86393
202327,125095
202327,231068
202327,34797
202327,61119
202327,48178
56707,73181
56707,35325
56707,24156
3427,414
3427,781
3427,12780
3427,131223
82027,49113
82027,523
82027,138
82027,301
11527,9786
13747,88
13747,130536
13747,60599
13747,157992
100387,41465
100387,35520
100387,179944
100387,99297
100387,119651
1687,602
1687,361
1687,220
1687,24113
1687,77
277627,35210
277627,7569
149647,175687
149647,69113
4507,88
4507,4201
4507,4500
4507,75149
4507,29176
5107,13073
5107,6251
5107,149974
270967,160391
270967,149210
270967,30799
270967,260713
270967,36558
110647,468
110647,78917
110647,5950
110647,26129
39865,121989
39865,38627
39865,94907
39865,94921
207745,160964
207745,112275
207745,112272
207745,106761
207745,29059
805,1315
805,3944
805,7905
805,408
11845,138
11845,162897
11845,57225
272965,272945
272965,200107
50545,102866
50545,1415
50545,1405
50545,5897
12265,56415
12265,157157
12265,251096
12265,45722
12265,257394
54445,2844
54445,52509
54445,26920
14665,172120
14665,82288
14665,86333
14665,21043
190885,88
190885,11895
190885,277610
95845,39029
95845,6690
95845,6712
71245,26753
71245,68019
71245,65817
30385,762
30385,25680
30385,29616
30385,79523
213985,26250
213985,138
25,5
25,24
25,88
25,93
160285,89
160285,5745
160285,7905
160285,10855
162325,204308
162325,20200
162325,245805
162325,173308
372805,172488
199885,36558
199885,89934
199885,238873
37285,10647
37285,13650
108745,28234
108745,7436
137365,217097
137365,9731
137365,9754
137365,1031
137365,13740
52585,977
52585,52592
52585,52589
52585,52593
30865,42
30865,2676
30865,30812
30865,45595
30865,57228
121045,12462
121045,12221
121045,21995
121045,1988
153565,4
153565,19012
153565,64427
153565,11569
91945,9351
91945,144853
91945,45319
150085,196858
150085,39499
150085,8765
150085,144600
58705,408
58705,36739
58705,352
8065,396
8065,206
8065,301
8065,138
102445,26201
102445,76561
102445,71275
102445,28097
102445,48189
102445,64476
60445,19904
60445,146969
18925,249831
18925,165361
18925,237770
18925,134789
92125,37536
92125,63364
92125,71709
108205,171032
108205,26120
50065,88
16949,15143
16949,16427
16949,10
16949,6527
74969,2055
74969,1292
223709,56103
223709,9864
223709,157953
20969,124483
20969,53286
20969,20909
20969,233587
8069,8062
52049,9653
52049,1237
159329,258098
159329,180781
159329,239716
8849,8784
8849,1322
8849,8887
8849,8709
49049,1544
49049,7377
49049,88
49049,11895
75149,85511
75149,67165
75149,29505
75149,6979
110489,253025
110489,79975
343589,79653
343589,67792
343589,89951
343589,343588
265709,138459
265709,30493
265709,32098
5249,12013
5249,29663
248189,68912
248189,60798
248189,59529
248189,44692
248189,59544
138869,35706
138869,31004
138869,2014
113069,171760
113069,53282
113069,89591
90689,8956
90689,57303
90689,295396
187049,31097
187049,47440
187049,34677
162989,352
162989,152216
162989,177726
40589,16684
40589,3335
40589,376
40589,24620
311909,272946
311909,272940
311909,243291
311909,272944
15451,1971
15451,138
189931,175769
189931,128264
189931,189930
282091,374737
55951,43122
55951,8806
55951,167076
55951,88
55951,14611
55951,14662
34171,1999
34171,1426
34171,10121
34171,93
183451,79315
183451,26233
121531,806
121531,28590
121531,10
203671,59528
203671,59512
203671,43253
203671,59330
380011,288113
380011,7953
380011,61670
380011,291953
199891,7782
199891,31160
199891,1503
341551,3549
341551,15547
238231,110241
238231,296741
238231,282722
238231,248350
12751,45137
12751,365
12751,37761
12751,89805
375031,259024
375031,56071
375031,19956
209071,52755
117991,152752
117991,139307
84091,145414
84091,28890
84091,13463
84091,25268
84091,64215
282751,67223
282751,67165
282751,24914
45031,154241
45031,123778
45031,5691
45031,221469
330391,52469
330391,147150
330391,134338
330391,147149
330391,168879
163771,56181
163771,260564
163771,282122
331711,59913
331711,59945
331711,31337
128851,236031
128851,36583
128851,36558
5131,29513
5131,5161
5131,41613
5131,66379
5131,1971
14611,174063
14611,59945
14611,59913
62011,29505
62011,42095
62011,151979
76471,138
76471,53389
76471,42679
295351,138
295351,273055
295351,365
45211,42
45211,208416
45211,14431
45211,565
98791,32098
98791,138
98791,31532
98791,57112
98791,66011
27811,365
27811,7427
27811,26129
113311,574
113311,88025
113311,78
113311,96088
160891,1137
160891,58313
160891,26076
160891,93993
195873,57471
195873,309106
195873,189783
195873,195867
3813,87018
3813,3820
3813,87022
3813,87017
3813,3826
191673,81380
191673,41770
191673,51126
191673,40470
29133,1264
29133,762
29133,206
29133,29137
29133,408
271533,65112
271533,7533
271533,40797
271533,7605
271533,14602
269733,59540
269733,269729
269733,60803
269733,280119
66993,61696
66993,85937
10833,101
10833,81237
10833,21164
10833,64459
267753,6951
267753,197623
32133,100153
32133,27519
32133,15267
32133,4729
60153,74557
60153,7905
60153,68990
112713,52476
112713,71505
107253,17569
107253,34616
107253,4614
107253,1454
1233,5245
1233,21169
1233,21168
1233,334
1233,991
128793,77308
128793,75108
128793,39738
82113,161243
82113,115766
82113,329542
9513,4201
9513,6495
9513,4026
9513,1398
9513,1728
1773,1190
1773,60798
22713,25221
22713,124060
22713,125944
22713,352
90213,283110
90213,161045
90213,2908
139053,2809
139053,158294
139053,245
139053,161057
69213,160494
69213,28060
69213,240881
21213,4492
21213,12057
21213,77407
21213,956
89013,95913
89013,288785
89013,274667
89013,149210
89013,101856
125433,109403
125433,80666
255273,135307
255273,282150
255273,36558
96093,72152
96093,39858
96093,14871
96093,352
74433,74492
74433,66860
74433,181254
74433,74438
74433,66854
226713,67736
226713,66910
226713,70549
226713,26057
226713,21479
13113,4201
13113,26120
16833,16834
16833,1682
16833,420
409893,363334
409893,409892
79716,33453
79716,28531
79716,32475
95676,202902
95676,8398
95676,5733
77436,32823
77436,142433
77436,23660
77436,112886
77436,184308
40596,2163
40596,158296
7116,2163
7116,7235
7116,13255
7116,64427
7116,28646
116496,119318
116496,181033
116496,317305
36336,36354
36336,4408
36336,142
36336,10944
36336,1633
66756,77668
66756,98097
66756,66723
66756,66745
263856,11792
263856,22779
263856,23680
263856,46914
37596,1
258576,80829
258576,243999
258576,107334
258576,43909
258576,236
112056,248112
112056,3447
112056,27054
63636,40028
63636,138
33036,30353
33036,45621
318156,227018
318156,19078
318156,243553
55776,8398
55776,46590
55776,352
38616,42679
38616,46923
38616,173308
38616,59377
38616,170953
333336,65811
333336,243553
333336,239782
333336,83362
62016,352
62016,11192
143796,45818
143796,17507
146796,677
146796,77407
146796,3549
34716,107147
34716,147926
34716,62247
34716,34929
154476,41583
154476,23058
154476,95119
100656,16060
100656,149482
100656,138
62496,195927
62496,969
62496,22989
180936,3217
180936,1971
252396,252395
252396,320706
34356,8635
34356,48734
34356,48687
34356,28000
34356,23364
34356,24990
89016,89003
21040,21089
21040,34797
21040,69750
21040,138
50080,1
36340,77436
36340,10944
36340,317
36340,32828
36340,13644
9340,45319
9340,66270
9340,10912
9340,3969
17260,26152
17260,301
17260,1971
17260,26156
29260,29257
29260,29299
29260,43615
29260,26530
31720,1005
31720,8755
31720,64270
31720,8811
307120,1904
307120,307119
307120,93
307120,806
76060,69
76060,6979
76060,13024
53980,1005
53980,109792
53980,48508
53980,9020
134980,138
134980,16862
355420,140801
355420,58045
33880,53250
33880,70339
33880,137124
33880,44187
33880,189485
8200,1105
8200,408
8200,1254
412720,226734
412720,6166
412720,239782
412720,225908
16420,25916
16420,2010
16420,27425
38080,133623
38080,22966
38080,1793
38080,2527
38080,71094
87220,52476
87220,53473
257500,46049
257500,72648
19780,39993
19780,7285
131080,138
131080,73224
131080,2676
131080,88
189460,18223
189460,14662
189460,53350
28000,155355
28000,164771
28000,22883
28000,155433
384040,161456
60580,9481
60580,99422
101334,49673
101334,54447
73974,59332
73974,273029
73974,75621
73974,147506
73974,59337
73974,134377
363234,288257
363234,15
363234,16296
15714,761
15714,3950
110754,14662
110754,14625
110754,116390
160734,56135
160734,56103
160734,199410
160734,99521
45174,249
45174,234
5814,12738
5814,5810
5814,15596
5814,33526
347454,6166
347454,18310
265614,407222
265614,299957
265614,265616
265614,277994
54114,63541
54114,250357
14574,14587
5274,43320
5274,440
233334,178667
233334,345844
233334,191088
133854,385
133854,88
133854,58217
396114,11880
396114,194148
396114,88
396114,145316
396114,13660
122574,1
147894,331
147894,63356
309954,214265
309954,264116
309954,252189
309954,302352
309954,157346
214194,35519
214194,228729
214194,69519
214194,31510
214194,35520
78534,54960
78534,8005
78534,352
78534,31408
206574,285937
206574,230575
157614,299224
157614,286814
157614,172488
157614,285937
77394,174544
77394,51881
77394,398
77394,33153
77394,11981
14694,74875
14694,70410
14694,122021
14694,2676
6534,28097
6534,48334
6534,54355
226734,263575
226734,274579
226734,274390
226734,43544
235134,36558
235134,215572
235134,116614
60354,30241
60354,57423
60354,18223
11934,11072
79074,1005
79074,8755
79074,6855
79074,243493
79074,56399
32994,8930
32994,63528
32994,250357
48174,138
48174,102823
48174,52509
38694,38680
38694,2869
38694,184817
38694,38670
38694,106973
35574,56194
35574,35600
35574,259239
35574,56181
35574,9731
178614,65004
178614,74195
178614,116775
174954,167679
174954,222736
174954,102471
199923,3549
199923,677
199923,328906
254523,17871
254523,39224
254523,14602
254523,31532
254523,138
214803,4877
214803,26201
214803,116176
214803,59945
63963,8755
63963,27708
194883,19572
194883,39515
194883,14093
194883,60990
194883,56631
173403,2042
173403,10259
173403,243432
339363,138
339363,225087
339363,298194
339363,8303
29763,17424
29763,4778
29763,17446
29763,76270
363,1083
363,8045
363,16662
363,16619
363,677
66723,16379
66723,20239
66723,93
66723,352
66723,815
323763,80673
323763,149403
323763,104087
48843,48832
48843,138
158403,74487
158403,6968
158403,19497
158403,229482
362403,30230
362403,31949
39610,39611
39610,39606
39610,182673
2290,26152
2290,48793
2290,4415
2290,31875
35890,1686
35890,308
35890,138
35890,9672
217450,215361
217450,7918
217450,11895
248050,42927
248050,226283
248050,138
95650,28798
95650,238542
95650,15885
27250,6078
27250,131276
27250,10446
27250,10903
2650,48
2650,1483
11170,18180
11170,19204
11170,47281
11170,51261
241930,51757
241930,74723
241930,107334
241930,3243
39130,231417
39130,60039
39130,58996
39130,28097
39130,133358
4090,762
4090,6855
4090,1137
4090,4094
156131,129201
156131,10530
156131,352
196931,88
196931,5205
196931,1205
139571,121654
139571,18311
139571,301
139571,138
139571,105621
3131,1322
3131,6544
34691,117660
34691,28097
34691,81016
34691,43966
45491,2854
45491,100019
45491,2876
6491,115130
6491,6042
6491,16248
37691,30523
37691,33825
37691,372
37691,8714
51731,3830
51731,52387
19571,6971
19571,28097
93251,95845
93251,133441
93251,9208
102731,38711
102731,2889
102731,66350
81131,23951
81131,159078
81131,180321
81131,109191
81131,298579
40931,22694
40931,44507
40931,821
267851,28097
267851,40282
267851,57868
303251,157545
303251,150197
303251,177805
39011,19326
39011,23764
39011,105824
6251,11866
6251,25766
6251,20566
6251,13321
180731,157557
180731,95905
180731,159853
180731,122093
392891,112272
392891,171183
392891,146288
392891,238873
60371,28373
60371,1398
6611,4479
6611,4496
59179,59159
59179,54105
59179,33835
59179,16452
111379,1988
111379,23653
339499,157557
339499,279926
339499,299141
339499,265990
88579,95908
88579,201157
88579,276876
88579,89934
88579,36558
277459,239782
277459,251233
277459,277458
277459,309574
94819,45694
94819,43322
94819,9458
94819,45137
274579,171466
274579,274390
274579,263575
274579,226734
90379,259239
90379,3927
90379,35548
66379,5131
66379,12634
66379,5161
38779,136220
38779,24418
38779,49402
38779,64433
1099,6231
1099,46537
1099,1205
13099,210094
13099,4201
13099,177494
13099,78806
266059,51742
266059,157103
266059,236
102619,138
141739,41302
141739,152216
141739,138
171868,59377
171868,65458
2908,300766
2908,39144
2908,262205
2908,42930
2908,66341
16228,55791
16228,16156
16228,113250
16228,123440
99268,22820
99268,80316
99268,160196
343588,89951
343588,95923
343588,67774
343588,343589
15148,4137
15148,555
15148,27094
32548,145971
32548,209490
32548,1988
32548,6971
32548,56399
99988,85040
99988,11895
331108,403
331108,352
331108,57471
331108,62222
280108,59541
280108,250329
280108,60798
8068,9731
8068,93503
8068,138
311548,116025
311548,240848
311548,206574
48508,128046
48508,170003
252155,99231
252155,179470
252155,101856
252155,172488
34955,286092
34955,40796
34955,161257
34955,187722
13715,213
75875,138
75875,62728
16715,10927
16715,3549
16715,352
16715,1982
16715,408
46235,23897
46235,96530
46235,96513
46235,75647
327395,14662
327395,312443
327395,128591
327395,71602
94355,83797
94355,124138
94355,35046
94355,36660
94355,4904
94355,102115
34235,82237
34235,354282
34235,122354
34235,19533
194915,245251
194915,1988
194915,138
298355,229719
298355,217968
298355,236290
291155,398205
291155,21611
291155,284031
291155,194642
291155,406205
31955,39515
31955,4909
31955,33472
31955,76079
16835,4137
16835,3573
16835,19604
16835,16833
252395,252397
252395,252396
252395,252398
359075,352
359075,175286
359075,3979
130235,112506
130235,23660
130235,123089
18036,138
168876,103253
168876,43742
168876,2363
18276,31009
18276,7453
18276,31617
18276,6623
18276,16793
110196,1995
110196,36045
110196,16604
41076,2042
41076,49564
41076,29753
163236,163234
163236,189180
163236,352
117876,143744
117876,84540
117876,49591
167076,64176
41196,1
240156,36226
240156,144981
240156,36224
240156,104108
312761,122123
312761,144262
312761,36558
312761,30799
312761,92570
312761,285706
131081,83588
131081,352
131081,158102
240881,69213
240881,335372
240881,66892
240881,160494
307361,307360
307361,264464
307361,58118
307361,217133
307361,30230
161081,14455
161081,27811
161081,7835
161081,207833
161081,4201
233321,285255
233321,356397
233321,233324
233321,306023
140681,72152
140681,84185
140681,138
140681,5792
140681,1426
257681,76019
257681,14376
257681,76004
257681,30707
257681,30493
259961,52283
259961,352
259961,8177
259961,53432
51881,139141
51881,32643
51881,4201
51881,26120
114401,23194
114401,88
114401,15115
110801,260646
110801,69458
110801,88
414881,14648
414881,285448
414881,31957
414881,414880
163601,212625
163601,186269
163601,66939
1001,1437
1001,88
1001,308
1001,4487
99521,26530
99521,160785
99521,56135
99521,160751
2081,138
2081,18107
293921,123936
293921,334646
293921,209507
322241,322243
322241,95211
322241,6948
322241,355716
322241,277253
10121,49567
10121,6651
10121,13321
10121,163615
345521,345522
345521,163181
345521,301844
345521,307267
259601,239267
259601,285593
259601,101875
259601,252157
211361,85622
211361,8005
211361,3549
238481,4444
238481,182979
238481,10259
238481,3369
31725,28097
31725,149821
31725,24156
31725,10
31725,28114
108285,2916
108285,38711
108285,2854
108285,6268
21645,19326
21645,107240
21645,12366
21645,19904
218325,32398
218325,277082
218325,62215
3525,20809
3525,36585
230925,67025
230925,42991
230925,137688
127725,43905
127725,249
127725,45177
127725,352
260325,218814
260325,226779
106125,80487
106125,278723
106125,98572
106125,36224
56205,1083
56205,5000
56205,51448
56205,88
110205,206443
110205,254288
110205,128851
63770,33472
63770,40307
6530,30
6530,83729
59330,134377
59330,68912
59330,10
59330,1988
59330,27996
60290,352
60290,155630
60290,3549
60290,408
69650,93
69650,77481
69650,69484
69650,69188
237770,10726
237770,18925
237770,7782
237770,4368
383210,262140
383210,39524
383210,376953
52850,74684
52850,74703
52850,191051
52850,38711
52850,40225
204890,90109
204890,88
204890,977
169370,50361
169370,110014
169370,106493
347570,66680
347570,112315
347570,78809
347570,33601
232259,301
232259,292694
232259,178669
2819,49009
2819,2854
2819,132088
2819,90213
2819,249
3419,4339
3419,408
3419,24430
21299,4479
21299,2434
21299,18297
21299,49123
249179,8077
249179,349
249179,57
249179,6
79619,9458
79619,29424
79619,333
79619,138
112139,14431
112139,677
112139,87387
112139,171868
151979,172509
151979,14367
151979,167057
329339,229459
329339,264116
329339,297560
222899,173334
222899,83518
222899,47710
252179,97196
252179,101856
252179,36558
252179,149210
82979,46998
82979,31780
82979,55964
57419,31084
57419,31337
57419,58026
57419,297762
180781,199461
180781,223713
180781,159329
39781,140359
39781,762
39781,61171
78181,356
78181,1871
78181,4736
9781,128787
9781,173097
9781,1767
59821,92961
59821,34383
59821,90109
109381,138
109381,115579
109381,9208
109381,109366
109381,39081
292861,292862
292861,363483
292861,51257
171661,96648
171661,11895
171661,98686
13628,64773
13628,13616
13628,219746
228428,249
228428,228
228428,269
228428,45154
238268,7592
238268,238273
238268,16466
238268,32398
384068,13768
384068,88
32828,36340
32828,98402
32828,248933
32828,49915
46628,23515
46628,43688
46628,66680
46628,38503
122468,179470
122468,243294
122468,286814
122468,122442
25268,11318
25268,14833
25268,109668
25268,21386
300908,90145
110708,1
116588,73990
116588,19572
116588,14570
23108,9342
23108,70072
23108,202
23108,91785
15671,13067
15671,88
15671,19594
15671,619
30551,2916
30551,2854
55871,249
55871,42095
55871,87018
215591,36583
215591,230575
215591,215583
215591,89949
70751,885
70751,162845
70751,301
70751,30353
217031,88
217031,67736
217031,91222
89951,11549
89951,122095
89951,127351
89951,194419
89951,36558
89591,222815
89591,113069
89591,16449
89591,59565
358631,243553
358631,263571
358631,138
145751,138
145751,88
201311,279633
201311,404588
201311,308699
63802,44457
63802,31337
63802,28097
63802,4201
60802,353160
60802,59541
60802,60803
60802,59516
11122,51341
11122,10213
11122,90259
11122,29407
149362,870
149362,92
149362,53111
149362,3065
64882,177494
64882,26129
71242,71355
71242,69237
71242,95462
71242,65817
149482,7592
149482,34799
149482,270618
93682,19254
93682,100094
93682,13854
100762,10267
100762,72207
100762,46577
194722,257821
194722,428475
194722,13475
58522,122520
58522,159895
58522,38711
58522,2876
58522,66341
135322,4137
135322,80351
135322,93
20484,85211
50124,9298
50124,17122
50124,7961
50124,139524
12804,317
12804,8467
12804,12794
12804,17366
12804,27601
13644,164722
13644,13643
13644,2480
99924,41434
99924,1837
137124,138
137124,33880
137124,37775
137124,81234
187524,38234
187524,11895
187524,138
187524,15573
49164,10431
49164,118665
49164,10399
49164,10452
175888,106760
175888,138
175888,42
175888,10
175888,301
255928,57503
255928,224254
255928,48178
96088,533
96088,113311
67528,70652
67528,33727
67528,49152
67528,59885
67528,14025
152368,301
152368,2671
92248,66347
92248,249
347008,312005
347008,240745
347008,226734
347008,168073
48928,43863
48928,16604
68848,74397
68848,80628
68848,122589
68848,112243
149368,239613
149368,78917
149368,149361
149368,11756
149368,114090
287488,36243
287488,98791
287488,138
139408,138
139408,6374
111808,23764
111808,21605
28050,1006
28050,65356
28050,68839
28050,69044
6210,365
6210,5116
66330,249
66330,138
66330,104322
66330,7691
66330,3830
89250,14625
89250,67741
89250,35020
195450,125471
195450,218134
195450,245015
189930,189931
189930,189932
189930,171172
189930,65378
54450,301
54450,14070
54450,3834
54450,3818
70410,468
70410,88
70410,14694
70410,14701
280770,100248
280770,160515
280770,7592
280770,14376
80496,1042
80496,4421
80496,122510
80496,42533
35976,137138
35976,70420
35976,53060
35976,70852
60216,42577
60216,4380
266856,348308
266856,97181
266856,101856
143976,216377
143976,352
143976,80354
143976,7698
86736,1
130536,677
288336,110606
288336,128237
288336,7781
27696,31235
27696,31224
27696,18223
27696,31207
27696,1005
16296,2042
16296,147253
16296,4736
368016,189779
368016,194007
368016,368017
217536,308
217536,138
217536,352
45456,8755
45456,28097
45456,104803
199416,14025
199416,34797
199416,14602
199416,53350
199416,50475
364788,292689
364788,49000
364788,233324
69228,26753
69228,44133
69228,15034
57708,45154
57708,301
57708,43905
57708,2880
157188,157192
157188,157189
157188,73312
38388,188655
38388,38434
38388,12507
38388,12376
352668,353162
352668,353160
352668,59523
133068,158571
133068,182568
133068,54615
133068,33807
258948,206
258948,1896
258948,2703
258948,311775
338148,52355
338148,330605
338148,40307
75108,151268
75108,2462
97188,97196
97188,122095
97188,101856
275868,289753
275868,275273
275868,168073
9108,16103
9108,102007
9108,98033
9108,14890
218148,13134
218148,26120
80148,335778
80148,12334
80148,155049
80148,12440
27828,180353
27828,7477
27828,511
27828,518
122868,116225
122868,173463
132718,143306
132718,59908
132718,315903
71038,30966
71038,277065
71038,107891
82438,29176
82438,75149
82438,82443
50518,138
50518,64916
50518,50129
12478,19904
12478,320841
12478,138
36478,138
36478,5000
36478,43742
36478,17803
116638,34228
116638,43994
116638,8045
116638,59383
116638,43720
30478,88
30478,31462
30478,228771
229078,165066
229078,165059
229078,51444
279238,282122
279238,125186
279238,27179
279238,125725
279238,278728
53518,53531
53518,8654
124199,77587
124199,19936
124199,59636
420719,67223
420719,3549
52319,42287
52319,59003
52319,58996
88919,45704
88919,26661
88919,88
149279,42588
149279,171317
149279,138
149279,6295
241559,60512
241559,5232
86879,38488
86879,166998
79919,16934
12119,1982
12119,1105
12119,60661
12119,7691
73319,82108
73319,73329
73319,68000
73319,269292
60599,41132
60599,13747
60599,45484
60599,157267
3239,42
3239,1871
3239,1337
3239,13346
240239,150648
240239,7691
240239,677
240239,150649
175799,7781
175799,18165
175799,45137
175799,111780
175799,11998
21359,12311
21359,206
146892,37341
146892,101888
146892,12507
76332,176244
76332,7888
61692,138
61692,15666
61692,7691
61692,61696
269292,106548
218172,124862
218172,230575
218172,200107
186732,349139
186732,53226
186732,354846
186732,273880
88572,36558
88572,95917
88572,285551
199461,223713
199461,180780
199461,180781
199461,248
199461,102651
199461,52669
277461,309716
277461,295763
277461,277458
277461,274577
4101,468
4101,213563
226341,69066
226341,226340
226341,26057
226341,342889
105621,301
105621,138
105621,139571
6021,138
6021,10
6021,2671
19464,19490
19464,19462
19464,19451
19464,127415
27864,138
27864,27872
27864,9208
27864,479
92184,4201
92184,6868
92184,2014
16584,95650
16584,6167
62664,60512
62664,4821
62664,38781
62664,5193
62664,11565
85944,296737
85944,19514
85944,58418
346584,17526
346584,372048
346584,3549
346584,204274
346584,43544
27624,12440
27624,86056
27624,12490
55227,26842
55227,234
55227,43909
55227,54813
400347,88
400347,82091
400347,2671
400347,1988
7951,8005
7951,408
7951,25904
172591,32604
172591,110365
172591,208019
172591,112760
70111,74889
70111,70107
70111,11151
91231,320578
91231,292766
91231,56631
91231,116213
98671,6855
98671,59625
98671,85021
98671,8828
89311,46943
89311,37316
89311,226354
89311,46938
55233,1988
55233,82567
55233,78
55233,2185
99153,107199
99153,39515
99153,316089
194433,3549
194433,352
194433,365
194433,24804
194433,677
96513,114484
96513,127533
96513,12344
96513,60441
187953,2671
187953,138
187953,206
298353,276844
298353,61635
298353,61670
39153,56067
39153,16533
150033,107481
150033,102731
223713,132332
223713,180781
223713,3826
279633,677
279633,230144
279633,194164
22353,12490
22353,27052
22353,182457
22353,12607
182673,31774
182673,16456
182673,62534
135153,135148
135153,69237
135153,74424
135153,301249
80673,70506
80673,54220
80673,323763
191080,306023
191080,345844
191080,232259
191080,269720
11320,17875
11320,36622
11320,37176
11320,43683
11320,104294
49000,220787
49000,42
49000,255072
8920,67609
8920,31949
8920,28531
8920,33417
8920,65719
115240,69537
115240,74617
115240,248050
115240,192199
63170,27981
63170,30934
63170,62232
52370,30308
52370,79523
52370,2744
52370,1767
52370,88826
38210,100710
38210,65498
79250,256186
79250,75551
79250,26446
79250,159128
79250,241431
43970,57503
43970,52547
43970,1995
43970,65004
37970,28493
37970,68772
37970,16440
37970,57916
37970,149762
21170,1205
21170,138
21170,308
21170,5
21170,34149
201170,48178
201170,54355
201170,35020
160610,160609
160610,299696
160610,77974
160610,90281
160610,25253
160610,30263
58610,86872
58610,6199
58610,51785
58610,11318
110210,1
61734,71468
61734,24166
61734,39192
61734,83210
61734,21720
61734,39524
2694,49780
2694,48971
2694,5515
117660,28097
117660,365
117660,15573
180780,105966
180780,105183
180780,248
180780,253317
262140,14625
262140,81033
262140,221357
262140,277848
11340,555
11340,28981
11340,14822
4380,26120
4380,4201
4380,8398
4380,16598
69420,7962
69420,206
69420,36304
220860,314776
220860,101718
220860,104307
96780,53421
96780,38338
96780,157853
96780,677
96780,96783
19026,12003
19026,1398
19026,2269
19026,19027
30786,113956
30786,130787
30786,113955
324311,324314
324311,54019
324311,3255
324311,246365
324311,181278
197111,179434
197111,138
197111,3979
197111,92154
45431,88
45431,57481
45431,35119
45431,168987
8471,42095
8471,15257
8471,200971
8471,78869
72311,135493
72311,18107
72311,138
72311,105750
72311,88
34876,138
34876,119873
65116,9342
65116,762
65116,2676
65356,65360
65356,66869
65356,70210
184876,34697
54796,1
118396,141974
118396,211089
118396,36304
118396,36300
18076,62154
18076,88303
18076,4201
335850,352
335850,13463
335850,56860
335850,172933
145770,292766
145770,306519
145770,16533
145770,298960
92730,88
92730,12221
92730,271592
35370,14662
35370,59945
35370,167076
35370,257004
234570,1247
234570,10271
234570,12185
234570,63605
253770,7592
253770,61613
25770,47040
25770,69
25770,6979
231698,201106
231698,234477
69458,138
69458,88
61058,107628
61058,4339
61058,113426
65378,69285
65378,28054
65378,65328
65378,68944
52658,10
52658,33818
52658,3562
52658,33807
52658,52653
52658,211910
137138,138
137138,80351
137138,7637
54818,107338
54818,26674
54818,38713
54818,49664
54818,74691
284498,179507
284498,123248
22898,1426
306339,171183
306339,153892
306339,199586
306339,179550
19299,97819
19299,156702
19299,13244
19299,83614
77619,222105
77619,98947
77619,122664
77619,71141
110259,280598
110259,267749
110259,301
110259,65498
21219,179719
157539,79651
157539,75362
157539,157557
157539,146274
157539,180125
11139,57225
254023,249575
254023,39515
254023,33472
104743,88
104743,109559
104743,1995
104743,53684
15703,40400
15703,1322
15703,14822
40423,11880
40423,99828
40423,49547
277065,260596
277065,71038
277065,50271
277065,7569
102345,28088
102345,52476
102345,28097
102345,104905
146265,135307
146265,112272
146265,88
146265,36558
110025,329794
110025,14805
110025,12366
110025,27052
110025,11962
110025,1793
36585,108840
36585,19142
36585,1503
36585,23663
62745,35559
62745,249185
118665,35632
118665,677
118665,127039
36105,57225
295319,36558
295319,97196
295319,97185
295319,138
21479,288707
21479,226713
38279,4862
38279,8622
38279,180923
38279,14754
68999,54200
68999,54197
68999,65360
68999,21363
68999,26753
59159,59172
59159,59162
98759,2676
98759,31084
98759,59881
215160,5636
215160,211380
215160,215156
105480,52851
105480,16325
105480,80829
80280,53743
80280,388181
80280,192638
80280,149028
40928,2527
40928,146497
40928,138
40928,51123
40928,5686
251648,243294
251648,244312
304928,68650
304928,372735
304928,294817
304928,95925
84608,22774
84608,38891
84608,3708
108368,518
108368,22328
108368,26129
30134,88
30134,115398
30134,3334
22694,20873
22694,8005
22694,12666
22694,1322
22694,77939
15494,138
15494,12013
15494,6089
122534,93365
122534,42328
122534,12148
122534,35977
103574,3008
305174,153514
305174,249
305174,308744
16934,1369
16934,23162
16934,9731
292214,1988
292214,73979
113414,160336
113414,12185
113414,66865
113414,77067
113414,67579
137184,74691
137184,30551
137184,88
99744,436
99744,133234
99744,7279
99744,23887
45024,5691
45024,163192
45024,301
25344,52015
25344,86985
25344,83203
25344,9982
25344,100294
1104,93959
1104,6836
1104,15467
1104,29407
405025,6166
405025,396399
90145,1
376953,163723
376953,243133
376953,30230
376953,39524
15033,1988
15033,365
15033,78
61833,61852
61833,443
61833,55027
61833,55019
61833,4137
137433,315915
137433,78626
137433,121031
69044,65360
69044,87846
69044,68849
268964,273962
268964,265332
36884,5193
36884,26152
36884,27519
36884,14109
98090,11786
98090,5
107210,107199
107210,62215
107210,40307
107210,111680
54890,18311
54890,49215
54890,81915
54890,138
54890,115717
146810,18033
146810,1971
146810,138
146810,84964
258892,7569
258892,57284
258892,134335
258892,42927
20332,20320
20332,1275
20332,106082
164812,385
164812,14880
164812,14871
164812,42
98572,66680
98572,59281
98572,106125
70012,64027
70012,353
70012,372
84172,307879
84172,39909
84172,307882
244974,198753
244974,221246
244974,199229
90894,52355
90894,34203
274254,48178
274254,61122
274254,76578
274254,61144
218814,128292
218814,211154
13134,39417
13134,4201
49374,80351
49374,88
49374,7691
276666,99067
276666,102327
276666,52355
276666,179695
118746,71532
118746,65540
118746,35146
118746,306266
118746,182884
271626,277474
271626,6498
271626,151499
271626,60708
308586,97181
308586,36558
308586,101856
112506,204191
112506,130235
112506,142768
112506,247289
39786,176841
39786,121961
155946,70223
155946,95462
341475,242097
341475,7592
341475,59945
341475,193665
269715,178678
269715,232259
269715,191088
269715,178674
269715,178669
269715,233334
269715,292694
101715,3863
101715,249
101715,100924
101715,3830
170115,23704
170115,228591
170115,138
230115,76165
230115,8402
230115,69237
230115,88
297560,329345
297560,329342
297560,244329
105320,82697
105320,55020
79880,110973
79880,14343
79880,180923
79880,180926
203960,1533
203960,102199
203960,3068
203960,299146
203960,956
71240,138
71240,69205
71240,4201
269720,335208
269720,232259
269720,306020
269720,191088
64280,88
64280,21720
64280,138
1160,70217
1160,47794
139884,46929
139884,22792
139884,22820
139884,294823
89004,277220
89004,88
89004,73050
89004,236031
50364,116352
50364,70698
259164,34797
259164,16449
259164,33411
259164,280602
157884,113596
157884,188603
157884,88
47004,5
47004,1398
47004,139794
296612,214972
296612,28097
201092,10647
201092,7436
201092,199223
201092,31617
201092,267550
53492,8755
53492,53467
61412,60153
61412,19572
61412,22631
61412,68990
247893,242170
247893,326555
247893,59541
247893,161963
144693,145507
144693,101006
144693,168827
26613,138
26613,365
26613,12507
26613,12490
96693,163601
96693,128264
96693,74397
286533,21645
286533,88
286533,12440
286533,138
37173,165261
37173,34929
37173,102342
37173,4899
63573,22966
63573,93365
63573,440
149493,75184
149493,194311
149493,14602
149493,111177
27094,14932
27094,479
27094,1971
27094,52
100774,11211
100774,185212
100774,15596
54454,52868
54454,54457
54454,52826
54454,26920
95494,6583
95494,60081
95494,9629
54214,88
54214,138
54214,1988
57574,6089
57574,408
57574,83459
309574,210867
309574,309581
309574,171466
309574,309579
218134,677
218134,24804
218134,195450
90217,46991
90217,46401
79897,4496
79897,1343
79897,132455
11977,13643
11977,34452
11977,32783
11977,29984
107023,46998
107023,55964
107023,104905
107023,293100
192463,153057
192463,352
68863,65816
68863,68081
68863,74282
3103,13321
3103,2199
3103,1036
3103,58450
185743,4526
185743,317
185743,89537
349663,43914
349663,12016
349663,45430
349663,35134
275273,322387
275273,43544
275273,275868
102473,125095
102473,89833
102473,193578
102473,48178
2873,45164
16793,138
16793,43477
16793,2109
227753,82567
227753,52828
111358,8065
111358,8097
111358,8077
111358,257186
202798,222977
202798,138
202798,112886
202798,210267
168478,57354
168478,105177
168478,168475
257038,4986
257038,197112
257038,307928
84004,4877
269764,284142
269764,310737
269764,415310
269764,370374
26884,6544
26884,12975
26884,7766
182884,39524
182884,163723
182884,62205
182884,34306
84964,523
84964,88
84964,18033
84964,44022
84964,138
3844,138
3844,762
3844,88
3844,365
186244,17976
186244,408
12016,6405
12016,677
12016,16427
160336,70223
160336,68000
160336,95462
68176,54197
68176,69980
68176,65331
68176,108271
31696,31843
31696,31720
16816,8607
16816,8960
16816,88533
16816,72050
71541,28097
71541,8755
71541,285126
51861,76043
51861,27483
51861,533
52341,66925
52341,34214
52341,31220
10101,1
130118,86412
130118,69933
130118,288707
29801,31504
29801,73276
29801,54778
29801,7215
121961,21876
121961,78795
121961,49247
83565,86380
83565,72746
83565,33411
162765,677
162765,365
162765,16862
162765,162767
187725,27030
187725,187722
187725,62190
187725,25984
61007,31738
61007,5842
61007,38311
61007,39606
61007,61018
197327,37341
197327,8468
197327,72269
74452,138
74452,184693
74452,20990
74452,34716
1972,160606
1972,352
1972,36788
71583,285126
71583,88
71583,56021
71583,20990
71583,61139
104703,300766
104703,119199
304863,252157
304863,256696
304863,101869
304863,159465
1992,220
1992,18425
1992,1988
150792,45296
150792,45828
150792,5116
100393,65838
100393,26753
100393,69173
100393,73485
327433,121566
327433,408
327433,43516
327433,169245
179593,149408
179593,68945
179593,67578
176244,352
176244,308
176244,138
152244,70573
152244,73327
152244,73329
152244,138
88884,5005
88884,138
88884,1205
140244,7673
140244,28964
149373,108813
149373,9629
149373,1398
149373,16268
8733,170003
8733,85021
160413,45484
160413,206
160413,45481
160413,81751
160413,157993
65373,298400
65373,65367
65373,65363
65373,65388
241053,81234
241053,98229
241053,98225
286173,196641
286173,286169
286173,78528
43781,119406
43781,88
135461,16313
135461,51745
135461,122868
86021,133522
86021,177174
86021,8385
86021,146661
86021,10726
21223,42930
21223,2595
21223,84572
294823,85221
294823,3720
1063,1232
1063,142
1063,3951
1063,1095
171943,68717
171943,249
171943,38208
171943,103634
126824,677
126824,138
64904,53018
64904,88
59625,98671
59625,113115
59625,8603
59625,19995
21705,55027
21705,16427
70185,70191
70185,63605
70185,70188
70185,10
70185,25304
163786,11895
163786,138
163786,54604
299146,55558
299146,203960
299146,2274
40906,40352
40906,96320
40906,11238
40906,253
74513,81266
74513,1793
74513,26076
208913,38488
208913,6971
309716,10875
309716,97626
309716,326443
309716,309710
215156,301
215156,138
215156,5636
57716,1988
57716,31124
57716,42
265092,13813
265092,3998
265092,59326
155652,88
155652,17175
155652,74373
75492,110007
75492,66434
75492,75819
75492,75432
75492,75662
77426,49915
77426,138
77426,10944
77426,88
113426,61058
113426,53941
113426,16013
71666,85635
71666,2199
71666,18079
71666,71671
71666,138
66869,68024
66869,68318
66869,88
21749,112028
21749,23764
21749,87345
21749,105824
297749,298546
297749,50361
297749,276848
297749,297748
160473,101968
160473,46505
69281,73053
69281,78690
69281,73485
69281,68945
69281,69201
116321,2395
116321,101156
116321,59945
115846,164654
115846,37199
115846,99671
115846,6066
40024,4669
40024,7168
40024,12847
40024,92972
113944,15692
113944,113945
5464,65746
5464,383
5464,9937
5464,13641
261308,377651
261308,261307
261308,242282
192190,148721
192190,13623
192190,111864
192190,112556
255072,365
255072,1852
255072,88
142768,77450
142768,204191
142768,144345
142768,98402
142768,112506
80848,135827
80848,63233
80848,61715
80848,33485
35248,56028
35248,138
35248,88
35248,11880
238289,263455
238289,52419
689,352
689,88
689,139218
689,408
142289,6405
142289,138
142289,181510
142289,9864
78451,69409
78451,33601
78451,33431
78451,32458
379411,62215
379411,40297
379411,33472
379411,40275
178296,36045
178296,128601
178296,208194
178296,110196
335736,178350
335736,8603
335736,49712
60708,129522
60708,132887
60708,14908
141828,141834
141828,3393
141828,352
141828,677
149028,138
149028,80280
149028,88
243108,237146
88557,29071
88557,138
234477,81767
234477,138
297839,258120
297839,215517
297839,187915
297839,179567
334807,217548
334807,280040
334807,326993
334807,308699
47767,88
47767,5950
47767,78917
86167,8439
86167,164291
86167,220
86167,129298
86167,88
332412,93
332412,138
332412,2042
332412,1852
209052,38176
209052,119891
209052,293632
209052,34178
372735,88
372735,104945
372735,304928
48255,56537
93856,6315
93856,43731
93856,1811
6016,10795
6016,182489
6016,104603
248445,66350
248445,38711
248445,40225
364605,21521
364605,1988
364605,12281
49247,2744
49247,121961
49247,220330
49247,158929
15651,47948
15651,15655
15651,3350
15651,17423
15651,60285
74691,247
74691,88
74691,95355
74691,52387
74691,45515
325251,6
325251,325249
187011,84819
187011,1882
187011,33145
187011,4201
120291,90931
120291,79121
120291,75767
120291,241470
104933,1
25253,160610
25253,79230
25253,160609
47817,221497
47817,37761
47817,154768
295017,2889
295017,100924
295017,66350
295017,68713
111177,21089
111177,206724
111177,1005
111177,76000
33421,255961
33421,266203
33421,195572
49261,28726
49261,29267
49261,108995
49261,13241
363661,70552
363661,26753
363661,303680
355026,40272
355026,28097
355026,276344
62706,85021
62706,128046
62706,42679
15666,1260
15666,61692
15666,1055
104950,6089
104950,99507
104950,1503
104950,189608
58870,78111
58870,38585
58870,22829
58870,34475
58870,78113
18550,1971
18550,352
18550,6014
18550,550
109750,35996
109750,190210
109750,45305
45430,88
45430,1290
45430,39505
45430,38658
310,1
95830,64298
95830,19572
95830,34797
71360,65356
71360,66854
71360,74397
7040,13643
7040,2940
7040,385
7040,15138
238880,138
238880,272199
238880,36558
238880,95898
287840,179507
287840,123248
287840,36558
287840,222230
156803,138
156803,43294
147203,67197
147203,44668
147203,154869
35366,4870
35366,28097
35366,8755
35366,60354
35366,59908
35366,14591
815,24338
815,138
337775,191083
337775,191090
337775,191074
337775,338017
9935,42640
9935,138
9935,21471
117935,88
117935,677
117935,352
46895,46615
46895,38711
46895,100918
46895,128257
46895,230332
45935,3927
45935,11603
45935,43322
116015,219031
219220,141507
219220,27935
219220,10356
219220,82947
219220,59135
122740,120027
122740,70392
122740,6819
122740,5918
92505,36426
92505,59162
92505,67553
92505,138
213465,131360
213465,34697
297951,121484
297951,297950
297951,439207
78111,78117
78111,34475
78111,58870
78111,38585
78111,43870
170271,97181
170271,357
170271,106951
170271,36558
32031,1290
32031,52066
32031,32032
32031,11603
189951,189952
111719,210225
111719,59885
111719,44982
111719,16351
273959,290422
273959,268964
353159,147509
353159,352668
353159,293599
113159,113161
113159,115163
113159,193728
113159,26934
175563,182853
175563,29655
175563,2055
62763,34328
62763,756
62763,821
62763,142
132363,101409
132363,254078
45483,14805
45483,3397
45483,15926
45483,45476
102123,377552
102123,299572
102123,312367
136683,69626
136683,122529
136683,6527
136683,352
5643,105216
5643,8398
51243,82961
51243,21486
51243,309691
277328,323936
277328,284397
277328,103057
277328,263954
79088,187667
79088,39192
79088,6872
79088,91397
79088,35338
79088,30241
52208,4877
52208,66605
52208,28097
106933,3830
106933,314776
33013,96574
33013,1031
206773,30651
206773,18228
4693,76413
4693,12928
4693,28419
65178,19101
65178,352
65178,100708
65178,3549
65178,10753
245178,365
245178,352
245178,88
245178,145316
3258,279699
3258,2889
3258,38711
98778,83171
232220,88
232220,138
232220,74048
44540,197391
44540,173054
44540,1882
219277,11235
219277,219276
219277,98008
219277,677
36877,71264
36877,71268
36877,100194
36877,110320
161677,161670
161677,61429
161677,161664
161677,187401
313357,36558
313357,164129
313357,122123
344082,165552
344082,103253
344082,59377
344082,320858
213050,171550
106010,8806
106010,1005
106010,106125
106010,7533
278810,29233
278810,37502
278810,433152
278810,203524
74330,20256
74330,20200
102650,286582
102650,48869
102650,90359
102650,152284
102650,102645
8094,8101
8094,8045
8094,153606
8094,32155
255294,84140
255294,66394
41705,21386
41705,37176
41705,17875
41705,88
41705,67496
211154,11895
211154,47421
46517,23704
46517,20507
46517,12462
31637,3397
31637,213563
31637,4101
31637,3912
182357,84368
182357,23764
182357,233148
182357,24091
65719,31271
65719,27179
65719,8920
65719,27182
151159,50518
151159,15885
151159,138
15799,352
15799,17214
15799,171879
195323,133886
195323,809
74843,66811
74843,137896
74843,74830
74843,74844
213563,4101
213563,4097
213563,134236
160763,160730
160763,56135
160763,13255
29247,11895
29247,172933
29247,327219
29247,26250
175655,34181
175655,71709
175655,35559
175655,34178
249575,111658
249575,346912
249575,254023
249575,111683
249575,4904
163184,160331
163184,118305
163184,257986
25904,314830
25904,81724
25904,47592
25904,7691
114224,81672
114224,1971
114224,762
114224,24766
114224,12710
23034,365
23034,4290
23034,63440
23034,96135
23034,1982
23034,7905
296634,86412
296634,66939
2874,16313
2874,162475
2874,38047
2874,37996
239514,352
239514,122589
103199,209396
103199,166035
103199,74703
