6868,38234
6868,5918
6868,49828
11998,89805
11998,35415
11998,29802
11998,365
38002,84887
38002,37323
48199,408
48199,8005
60631,23123
60631,115464
60631,138
60631,301
13501,3270
13501,26092
13501,34732
13501,11884
29773,1665
29773,76180
29773,63981
29773,119641
39049,9218
39049,39081
39049,9212
39049,77336
95725,49567
149917,162757
149917,308
149917,352
149917,8025
61321,43688
61321,66680
235117,70534
87907,81915
87907,19540
87907,6855
87907,138
92266,29039
92266,164434
92266,8030
27487,106570
27487,468
27487,111113
265018,39959
22333,67758
22333,3581
22333,22328
22333,134236
58114,365
58114,35325
58114,18107
128197,69397
128197,12710
128197,81586
94645,1971
94645,3549
94645,408
94645,81529
323461,28651
323461,2412
66700,34797
66700,255045
66700,36224
3397,49236
119563,1999
119563,3944
119563,52
119563,3421
119563,436
16765,80802
16765,4290
16765,5909
16765,35908
78391,78387
78391,78388
78391,220
51244,69
51244,4201
51244,44609
51244,36637
73726,88
73726,352
73726,43742
185290,3979
185290,352
185290,30021
185290,138
44401,47040
44401,13712
44401,2199
44401,98020
44401,3979
44401,1586
44401,6868
6148,4820
6148,301
6148,20679
6148,16452
57064,352
57064,2580
57064,45065
57064,125221
14830,10262
14830,14852
14830,70534
628,1305
628,3566
628,6544
1855,6851
1855,1232
1855,93
1855,4460
20014,13768
20014,48319
20014,677
5989,7285
5989,60911
5989,30301
5989,8320
5989,2141
205,7927
205,13854
137401,121444
137401,45662
137401,72367
137401,127693
316201,269052
316201,36995
316201,212842
316201,208532
28531,33601
28531,7592
28531,33441
28531,33458
28531,37975
28468,138
28468,6374
1486,1337
1486,138
1486,1024
1486,1315
14782,1982
14782,4201
14782,12753
23968,2480
23968,365
23968,4201
37672,37761
37672,138
37672,12753
31504,64822
31504,24146
31504,88
31504,153706
31504,126404
41461,32098
41461,14376
41461,31261
41461,31284
78190,3883
78190,10
78190,131448
78190,30140
78190,4992
126247,147811
126247,10985
126247,20893
126247,137558
126247,1896
2590,30360
2590,3008
2590,2427
2590,7285
2590,5918
231355,677
231355,3549
86689,50063
86689,65059
86689,86704
86689,8828
44692,334389
44692,60798
44692,59541
2644,2940
2644,88
19936,59636
19936,128046
19936,35606
19936,145604
6283,9731
6283,1767
6283,56093
6283,6855
86056,14324
86056,46049
62851,88
62851,2363
62851,26530
62851,2014
62851,2412
171079,16013
171079,352
171079,138
16576,408
16576,220882
16576,22047
16576,3549
9175,138
9175,6660
9175,8404
9175,1503
50632,161980
50632,197247
107323,78549
107323,124445
107323,45694
107323,102820
144790,43742
144790,67382
84850,3008
84850,645
84850,4201
84850,13643
1036,3969
1036,55377
1036,1840
1036,13321
46045,181281
46045,4201
46045,8398
59077,97889
59077,39905
59077,138
59077,2671
177322,80516
177322,36622
177322,70191
69397,10917
69397,98897
69397,16576
69397,8398
23956,13052
23956,89805
23956,4201
23956,365
23956,37761
10822,47280
10822,56305
766,2396
766,1868
766,746
766,1334
766,2641
379,101
379,1322
379,16676
48265,62443
48265,47229
36739,36693
36739,19323
36739,26770
36739,10726
36739,15995
36739,23019
86704,100008
86704,157376
86704,41894
86704,86689
13024,5918
13024,308
13024,352
112348,5231
112348,60680
112348,8582
112348,88464
86548,112913
86548,103253
142,994
142,1443
142,10577
142,760
142,628
29407,94094
29407,6338
29407,64943
29407,39769
11752,16708
11752,8005
11752,46805
11752,15596
1354,94132
1354,14726
1354,10
1354,3460
1354,1322
41233,6167
41233,13321
41233,69626
41233,26120
179470,179507
179470,150197
2512,12710
2512,138
2512,70393
2512,43273
94831,164594
94831,6583
94831,27568
94831,109565
59377,259447
59377,35553
59377,163138
2662,22989
2662,13553
2662,13854
1840,25140
1840,35151
1840,16336
1840,1988
39589,137106
39589,46773
39589,22666
1879,1823
1879,1882
1879,4543
1879,4290
1879,760
253,18575
253,29954
253,23996
253,3944
160096,5037
160096,138
160096,122088
160096,43153
3781,30353
3781,14171
24634,3477
24634,1322
24634,138
33298,43934
33298,66297
33298,39909
33298,71705
32287,140057
376,555
376,1158
376,9180
11581,1718
11581,4201
2527,9731
2527,66800
2527,6295
2527,2476
2527,333
22723,138
22723,25727
22723,25395
22723,301
23455,18575
23455,26530
23455,2363
316204,352
316204,212842
316204,387778
8755,1005
8755,16619
8755,6219
4909,28097
4909,33472
4909,62215
299044,113106
299044,9020
12040,18575
12040,23194
12040,1322
12040,14801
12040,1982
33394,8828
33394,30966
55027,4137
55027,61852
55027,126058
155140,385
155140,817
155140,1391
155140,308
155140,5625
155140,677
215425,162085
215425,191121
13234,29311
13234,26530
13234,45907
13234,88
34324,88
34324,58433
34324,11620
34324,90082
41746,15643
41746,26498
129973,72367
129973,479
129973,11895
129973,1168
129973,43742
69910,75983
69910,88
199228,199223
199228,677
199228,3549
31261,41461
31261,31532
31261,138
31261,31284
39688,20200
39688,28292
39688,79936
39688,53550
760,2099
760,10
760,1290
45667,42
45667,10
45667,22517
2035,6355
2035,138
2035,34616
2035,66167
6253,333
6253,14912
6253,103589
38335,61535
472,37150
472,1971
472,7886
2077,67133
2077,5
2077,308
2077,994
2077,511
2131,7368
2131,51900
2131,760
14602,59940
14602,35345
14602,138
2347,286538
2347,88
2347,136724
124837,124836
124837,981
36115,1971
36115,30493
36115,138
36115,32098
27718,1005
50665,18575
50665,1322
50665,9405
565,26365
565,18052
565,6405
565,5
2476,83415
2476,1369
2476,1767
2476,19623
1369,7427
1369,97760
1369,72367
550,365
550,14932
550,9180
550,138
155929,95516
155929,147021
155929,77831
155929,19338
93934,6855
93934,1808
93934,1818
93934,158951
5116,19887
5116,26129
5116,116957
5116,12928
13813,3998
13813,13811
13813,88
13813,11991
13813,1988
325,3021
325,7890
325,227204
325,365
325,138
160627,5733
160627,3549
160627,10711
59476,379
59476,88464
59476,138
59476,1808
817,1254
817,1228
817,16877
36280,8385
36280,77259
36280,10923
36280,15971
316,994
316,1315
316,38311
994,1469
994,1024
994,138
994,333
42112,5245
42112,15538
42112,7961
69343,24787
69343,162757
69343,20468
69343,13219
69343,70613
2248,138
2248,3345
211,3008
211,2480
211,82707
73462,365
73462,138
73462,45137
131956,518
131956,7427
131956,468
131956,523
132781,101856
132781,157348
132781,36558
132781,124862
5896,1190
5896,333
5896,3883
5896,40960
137590,138769
137590,78
137590,32064
137590,12928
137590,138766
24433,6544
24433,138
24433,479
24433,24747
20473,677
20473,22678
20473,1988
20473,85786
43615,72428
43615,2216
43615,29282
43615,1322
43615,29257
33163,5918
33163,9356
80554,134426
80554,1031
80554,1793
80554,19685
40507,555
40507,9241
40507,23796
8329,38787
8329,41081
8329,29267
8329,1068
320122,169302
320122,199500
320122,251288
1633,43472
1633,1322
1633,555
1633,108197
94708,71049
94708,116957
94708,26098
352,3549
352,8005
352,408
47794,352
47794,18107
47794,69554
2236,28651
2236,69298
2236,33827
295342,43544
295342,7698
295342,3419
295342,295344
295342,295345
112069,126849
112069,100008
112069,113106
9892,47592
9892,8398
220,677
220,32426
220,11880
220,2185
220,762
106,52
106,7858
88,128770
88,121412
42667,42630
42667,138
42667,36258
101554,1999
101554,301
101554,57060
163135,86230
163135,2671
163135,21984
511,31462
511,26129
301,6014
301,29039
301,81915
301,138
210802,136724
210802,352
210802,65481
210802,200522
24874,215869
24874,26530
24874,130486
24874,141087
33283,66297
33283,71705
33283,2676
9328,404
9328,80879
9328,677
14323,2676
14323,85336
21517,37761
21517,31462
21517,7427
208273,46527
208273,91103
208273,105067
208273,138
208273,21984
1168,26129
1168,365
1168,2199
9481,16604
9481,42679
9481,138
10,60477
10,1322
10,61766
10,1337
30154,7427
30154,138
30154,762
30154,8338
134410,185978
134410,101451
134410,265371
134410,2014
134410,177315
134410,265370
336769,173123
336769,209912
336769,152588
213160,408
213160,12928
213160,88
213160,11880
50329,518
50329,88
50329,511
19204,150050
19204,50928
19204,4201
75079,138
75079,1168
75079,3345
215482,9356
215482,275800
215482,191731
215482,251947
215482,3549
22210,47229
22210,100708
49579,48716
49579,49582
49579,32032
49579,49587
904,909
904,8114
34117,308
34117,138
34117,1275
34117,817
34117,22023
23563,22047
23563,2480
23563,88
23563,408
23563,138
78289,128770
78289,67736
78289,288204
46042,69298
46042,15971
46042,64779
46042,18143
46042,46049
136216,88
136216,93
136216,2940
143890,8161
143890,336114
143890,18079
143890,115940
390700,184470
390700,1247
390700,185976
390700,52505
13255,24874
13255,170093
13255,53574
14095,602
14095,7858
19540,56325
19540,36637
50896,46590
50896,88
5530,112963
5530,301
5686,80516
5686,45783
5686,124445
5686,316111
30799,138
30799,101856
41869,8463
41869,81586
41869,13712
41869,54435
41869,42095
143875,4201
143875,18079
143875,5733
36796,10
36796,1618
36796,762
1315,6355
1315,1337
19159,91721
275248,204772
275248,66951
275248,11895
275248,193432
275248,97829
202,1503
202,41436
160645,5733
160645,389
160645,141285
160645,39648
239107,677
239107,216
239107,88
280,7898
280,352
280,211
280,10606
280,308
31462,645
31462,22328
31462,26129
42064,9754
42064,163060
4201,8005
4201,99935
4201,26120
4201,677
4201,103549
4201,4391
30139,138
30139,152120
143851,408
143851,17871
143851,18079
143851,677
143851,10711
57,17671
57,158745
78,49845
78,2141
78,3410
78,6317
147,6983
147,2976
147,24613
147,7445
147,67698
249,234
249,110870
249,110851
249,107338
480,308
480,1999
480,211
480,26025
597,1
606,1247
606,138
606,372
606,5224
777,385
777,138
945,48708
945,962
945,974
945,942
957,138
957,34665
957,44022
981,1
1068,760
1068,138
1068,2109
1158,5713
1158,5550
1290,760
1290,2676
1290,4290
1305,628
1305,602
1305,7850
1305,4700
1803,13740
1803,5686
1803,49767
1803,1190
1818,98175
1896,352
1896,533
1896,301
1896,52
1995,130271
1995,323
1995,3237
1995,138
1995,885
2031,7905
2031,8030
2031,99561
2031,1988
2109,103621
2109,1369
2109,92330
2316,8186
2316,2295
2316,645
2373,100116
2373,2412
2373,45907
2373,26098
2463,123798
2463,21386
2463,352
2670,138
2670,60188
2670,29039
2985,61984
2985,5265
2985,61985
2985,2199
3021,3053
3021,3040
3021,3049
3021,3072
3270,1292
3270,13501
3270,26164
3270,11881
3270,3425
3477,5
3477,117956
3477,12971
3477,138
3927,1322
3927,16928
3930,1596
3930,14324
3930,3581
4428,62625
4428,26233
4728,2676
4728,308
4728,449
4728,352
4728,408
4920,1264
4920,719
4920,64251
4992,28419
4992,17639
5550,112097
5550,2109
5550,42402
5676,352
5676,138
5676,5582
6219,138
6219,8755
6219,28097
6405,1665
6405,74158
6405,24338
6495,2199
6495,109931
6495,39993
6495,64065
6495,29879
6660,138
6660,39081
6660,14729
6660,9251
6951,308
6951,99753
6951,138
7368,365
7368,628
7368,138
7368,2131
7569,42927
7569,138
7569,33411
7569,6951
7821,36490
7821,29424
7821,3566
7890,436
7890,41854
7890,221
7905,3477
7905,2163
7905,3944
7905,31389
7905,37457
7965,1238
7965,12823
7965,135332
7965,18981
7965,30526
7965,253
8025,39748
8025,138
8025,13643
8025,173252
8463,120418
8463,51785
8463,41869
8550,29163
8550,189133
8550,115326
8550,114932
8604,9020
8667,34324
8667,52135
8667,11603
8667,92561
8811,8755
9342,3351
9342,29675
9342,98210
9342,104542
9360,237634
9360,24585
9360,247964
9360,382055
10053,54280
10053,4201
10053,26120
10299,153791
10299,12710
10299,126725
10299,12731
10542,7445
10542,1454
10542,48864
10827,760
10827,107124
10827,44143
10827,1840
10875,94016
10875,6463
10875,13442
10923,19204
10923,13052
10923,26129
11613,49591
11613,8635
11628,138
11628,48687
11628,962
11922,50796
11922,86852
11922,26365
11922,27510
11991,153415
11991,365
11991,43742
11991,63619
12261,352
12261,65456
12261,19364
12261,70392
12597,24323
12597,10309
12597,3353
12738,9731
12738,35894
13128,80069
13128,19540
13317,3566
13317,20752
13317,14880
13392,54422
13392,138
13392,49567
14382,760
14382,2295
14382,18575
14553,53894
14553,16520
14553,44457
14553,16516
14553,58735
14625,35325
14625,107199
14625,33472
16137,4262
16137,1315
16137,46805
16137,76823
16434,138
16434,33073
16434,10587
16440,48178
16440,352
16440,64196
16440,21486
16449,79703
16449,79693
16452,479
16452,138
16452,57112
16662,35681
16662,13056
16662,35688
16662,64219
16950,1369
16950,17569
16950,7373
16950,6855
17343,3549
17343,15325
17343,352
17577,17507
17577,138
17577,37815
17577,40447
17847,6
17847,1704
17847,756
17847,5792
17847,1686
18741,23996
18741,88
18741,333
18741,15408
19323,489
19323,122715
19323,36712
19338,408
19338,4201
19338,352
19338,155929
19338,95516
19572,14056
19572,31949
19572,4877
19572,28097
19887,315132
19887,81970
19887,132351
19887,148852
19887,29721
20376,18165
20376,138
20376,86853
20376,11175
20679,138
20679,404
20679,32238
20679,118865
20715,62657
20715,49564
20715,88
20715,29753
22083,1275
22083,2654
22989,1036
22989,87419
22989,7072
22989,8398
23019,42304
23019,36739
23019,23428
23019,10917
24111,379
24111,23464
24111,416
24111,555
24114,120234
24114,5005
24114,126013
24114,104603
24141,15242
24141,9305
24141,7373
24141,77903
24234,2676
24234,550
24234,2042
24747,2114
24747,49767
24747,138
25140,1322
25140,1840
25140,25157
25887,329055
25887,79409
25887,13740
26076,13321
26076,13740
26250,1793
26250,119067
26250,72867
26718,59198
26718,123956
26718,41524
26718,352
26820,12158
26820,3549
26820,352
26820,3116
27246,3969
27246,17803
27246,408
27288,100708
27288,11192
27288,1190
27288,29505
27288,13740
27789,38328
27789,7427
27789,24939
28707,13255
28707,28631
28707,28686
29616,37761
29616,11998
29616,51178
29802,27362
29802,22582
30021,41851
30021,195140
30021,24727
30333,6014
30333,50104
30333,92686
30333,151363
30333,48473
30360,2199
30360,156702
30966,33394
30966,7569
30966,127415
30966,105954
31305,31256
31305,352
31305,41492
31305,18388
32064,25521
32064,12928
32064,213160
33411,7569
33411,33441
33954,138
33954,33956
33954,13854
33954,9180
34761,6855
34761,5686
34761,103253
34761,115717
35151,5088
35151,66983
35151,655
35151,14431
35325,31337
35325,14625
35325,4904
35415,619
35415,11998
35415,5541
35553,111299
35553,31504
35553,71709
35553,59377
35928,143453
35928,8154
36162,25953
36162,73076
36162,42095
36162,9621
36468,13024
36468,8402
36468,88
36468,138
36693,13845
36693,7008
36693,677
36693,116602
37323,38638
37323,38002
37341,1
37437,47710
37437,65866
37437,73898
37437,42171
37815,20056
37815,3549
37815,45828
38067,1443
38067,19685
38067,22966
38067,21569
38067,73757
38082,22966
38082,9774
38208,89
38208,15000
38208,146054
38787,10
38787,11485
38787,3477
40107,7862
40107,11966
40251,39510
40251,39515
40251,92614
40251,40270
42126,71094
42126,6855
42126,1031
42828,9786
42900,69626
42900,69608
43671,36224
43671,308
43671,15579
43671,71141
43671,28077
44022,29505
44022,104603
44022,151803
44022,8618
44457,19148
44457,14025
44457,87213
44514,28642
44514,3477
44514,138
46773,39589
46827,677
46827,7322
46827,42459
46827,3549
47040,18635
47040,698
47040,523
47040,9351
47040,533
47811,81945
47811,97078
47811,13834
47811,11211
49236,817
49236,15418
49236,3397
49236,273590
49602,941
49602,32045
49602,138
51123,284826
51123,80516
51123,42419
51123,5686
51123,40928
51123,150578
51261,181430
51261,193842
51261,188856
51261,11235
52887,29462
52887,138
52887,181381
53550,38002
53550,138
53550,61221
53550,16604
53652,53763
54276,365
54276,762
54276,67489
54276,138
54600,10
54600,60473
54600,138
54600,42
54600,83089
54600,70531
54903,1
55377,10262
55377,533
55377,1036
55377,37663
58269,13740
58269,100294
58269,73610
59541,59512
59541,59530
59541,60798
59541,59528
59940,19159
59940,58991
59940,14602
59940,50373
60477,121664
60753,54425
60753,1971
60753,58670
60753,41850
60798,59533
60798,59526
60798,301099
60798,59544
60798,59539
61221,53406
61221,20200
63525,121714
63525,25425
63525,154379
63525,204997
63525,158479
63840,108749
63840,91275
63840,30934
63840,65742
63840,93861
63981,8487
63981,357
63981,8476
63981,29773
63981,356
64578,8928
64578,138631
64578,85021
64680,301
64680,8928
64680,23587
67758,3912
67758,139814
67758,22333
67758,110389
67881,245015
67881,86403
67881,67863
67881,211527
69537,124538
69537,79703
69537,42927
69537,16459
69537,62959
70191,21710
70191,56910
71049,116957
71049,5686
71049,94708
71049,26098
71673,81222
71673,40242
71673,56325
71673,19540
72399,1586
72399,136237
72399,182489
72399,38234
72867,129605
72867,80554
72867,113981
72867,26250
72867,164771
73347,78598
73347,38002
73347,16604
76065,3410
76065,76047
76065,44022
76065,138
76065,598
77259,111967
77259,56537
77259,4201
77259,63148
77721,11895
77721,10213
77721,97375
77721,51341
78387,78388
78387,352
78387,78391
78549,1793
78549,213501
78549,246846
78549,6463
78690,26753
78690,82112
78690,154051
81414,10679
81414,90180
81414,26120
81414,16092
81945,8398
81945,629
81945,51261
82074,93
82074,91957
83415,9774
83415,2476
83415,2250
84819,138
84819,582
84819,67133
85698,78985
85698,101156
85698,101188
86361,365
86985,86139
86985,125331
86985,365
86985,27519
87366,220
87366,48865
87366,8288
87366,3303
89814,89813
89814,13813
89934,101856
89934,67773
90033,93861
90033,11619
90033,43876
90033,2441
91419,20007
91419,3549
91419,65866
92742,59281
92742,92084
92742,40796
93174,42900
93174,47280
93174,69626
93183,93174
93183,138
93183,10822
93885,88
93885,2363
93885,18575
94956,10647
94956,20007
94956,408
94956,352
95913,248698
95913,116101
95913,171183
95913,181775
97728,95088
97728,72795
97728,58713
98235,582
98235,4820
98235,221
98235,956
98235,67323
98487,31949
98487,102873
98487,6971
98487,18388
98487,138
99300,219595
99300,71918
99300,41894
99300,36224
101724,67062
101724,93
101724,8025
101724,95786
102090,78047
102090,254326
102090,319207
102090,138266
107556,16708
107556,138
107556,352
107556,98838
107556,69608
109527,63619
109527,86640
109527,40669
109527,12366
109527,145316
112308,322885
112308,33067
112308,40796
112416,3197
112416,61099
115464,60631
115464,352
115464,17507
116352,59412
116352,56771
116352,33751
116352,33472
116718,78507
116718,306536
116718,82268
119943,119310
119943,3389
120354,286814
120354,179507
120354,235635
120354,171183
121380,12625
121380,1896
121380,50040
121380,206
122088,88565
122088,8618
122088,61535
122442,88
122442,261351
122442,261954
122442,101856
125073,11549
125073,19005
125073,88
125073,18575
125073,111515
125517,138
125517,125520
125640,2671
125640,67062
125640,55381
125640,323
125640,301
130899,21825
130899,61794
130899,196468
130899,10444
131448,15573
131448,3883
131448,138
131448,2077
131448,468
139218,2163
139218,37761
139371,352
139371,2010
139371,62635
139371,42
139371,782
143634,42
143634,69939
143634,18143
144546,47093
144546,2360
144546,11565
144546,14735
144546,3191
147015,352
147021,155929
147021,4201
147021,8398
149304,113711
149304,6968
149811,321019
149811,52217
149811,48069
149811,111655
149811,143472
153342,120485
153342,61817
153342,50796
154953,125520
154953,43625
154953,88
154953,2360
157953,9864
157953,56135
157953,56103
157953,160730
159156,151029
159156,29424
159156,93141
159687,168558
159687,394297
159687,263571
159687,41759
159687,266307
169302,219181
169302,93993
169302,219177
169302,85368
169386,82268
169386,32398
169386,136248
169386,89569
169386,134217
169386,7182
171183,151471
171183,150182
171183,206627
171183,68912
172767,96049
172767,36224
172767,59427
172767,92084
181281,46045
181281,81429
181281,17871
183423,330745
183423,48069
186012,352
186012,45818
186012,46590
186012,138
191121,10647
191121,215425
191121,88
197247,677
197247,123789
197247,352
197247,3549
197247,51195
197247,50632
199500,92548
199500,2671
199500,138852
199773,54156
199773,35210
199773,6951
199773,15573
199773,88
202191,56399
202191,36192
202191,138
202191,42927
210780,11895
210780,1788
210780,677
210780,87687
219864,13869
219864,138
219864,18311
227355,2042
227355,195819
227355,79347
228438,365
228438,13643
255045,66700
255045,113806
255045,36224
260355,260350
260355,320514
260355,415118
260691,152913
260691,290583
260691,236544
260691,238722
265641,677
265641,96766
265641,88
265641,10726
269052,375325
269052,281334
269052,196371
282174,95905
282174,342595
282174,229210
290490,138
290490,36224
290490,59427
290490,36422
290946,16533
290946,39524
290946,190581
299220,101856
299220,97181
307026,301
307026,3979
307026,619
307026,11945
310068,677
310068,341190
310068,224152
310068,150204
328443,7940
328443,32678
328443,8306
328443,10647
334389,1793
334389,334390
334389,1031
334389,44692
356709,75370
356709,152913
356709,294811
356709,206
356730,7698
356730,4526
356730,979
356730,199223
424557,93861
424557,291940
424557,169302
424557,103253
424557,1793
95904,67773
24846,352
24846,12094
24846,677
24846,8298
355665,3549
355665,355666
355665,7698
355665,265873
23817,715
23817,1322
23817,2295
23817,385
23817,5
21978,26152
21978,11998
21978,7922
21978,47881
21978,13223
21978,169121
42561,2280
42561,34352
163521,1
133227,9180
133227,138
146250,67773
146250,226045
146250,241434
146250,36558
43248,1398
43248,1722
43248,43250
43248,43253
185334,39261
185334,74195
185334,116785
7596,65112
7596,32469
7596,98483
262974,323235
262974,93934
262974,373323
97824,43435
97824,762
97824,352
97824,88
1053,7285
1053,9648
1053,3477
184092,74557
184092,205554
184092,67790
184092,36558
49134,5288
49134,1426
49134,511
49134,88682
51918,2940
51918,365
51918,51668
51918,88
51918,2480
280344,73979
266193,59523
266193,226718
266193,250397
266193,59540
11463,50682
11463,11472
11463,50665
7011,16862
7011,149440
7011,35795
7011,149435
7011,24437
74709,35442
74709,151474
74709,82567
74709,138
67446,3549
67446,4450
67446,677
67446,2199
67446,108445
74904,352
74904,677
74904,15770
74904,19594
51663,2480
51663,308
51663,51918
51663,2940
63588,65190
63588,11288
63588,30534
63588,352
63588,13007
140157,24604
140157,138
140157,49215
140157,10049
140157,762
220827,48793
220827,220826
220827,9572
220827,44469
220827,18040
275835,119067
275835,292144
275835,92494
76275,1617
76275,2042
76275,206
76275,1062
120,53467
120,146548
14649,1005
14649,28088
14649,116176
155712,180136
155712,359250
155712,67763
155712,26120
131277,61075
131277,15844
131277,20369
131277,23969
61206,16604
61206,101606
61206,42679
98211,365
98211,511
98211,2480
237078,21050
237078,113031
237078,116785
47355,408
47355,518
47355,511
47355,88
47355,24804
47355,3549
19290,46590
19290,36739
19290,17803
183867,151506
183867,35076
183867,372
113577,107660
113577,72396
113577,171560
113577,181762
113577,170748
20145,43835
20145,20200
20145,43863
83556,59377
83556,74470
83556,138
62991,156627
62991,243443
62991,83550
62991,6971
6042,5686
6042,6855
6042,34403
66525,61221
66525,111415
66525,273780
66525,68445
66525,43835
11763,352
11763,19088
232323,7905
232323,1655
232323,10
232323,10647
232323,3549
24213,352
24213,10647
24213,88
24213,365
108882,8709
108882,315839
108882,352
108882,2854
234333,92122
234333,99300
10929,123798
10929,223131
10929,48833
10929,17358
226398,56194
226398,135792
226398,97085
226398,71709
121035,51668
111528,28714
111528,47913
111528,28659
111528,88
58026,43966
58026,60061
19995,87301
19995,86620
19995,71973
19995,19964
19995,184630
141189,628
141189,760
141189,88
141189,142
141189,352
141189,16124
65832,301248
65832,26753
65832,88
65832,135148
65832,54200
65832,277610
199686,1031
199686,295460
199686,204772
199686,13740
199686,12564
26763,36945
26763,74082
26763,7969
202161,2280
202161,5205
202161,73481
202161,77227
10029,31151
10029,1767
10029,9774
18279,6089
18279,9703
18279,7258
18279,17161
17715,352
17715,7813
17715,408
10815,48833
10815,128787
10815,26661
10815,187094
68445,20194
68445,22851
68445,145198
68445,91120
68445,61221
69117,27731
69117,57249
69117,30224
140988,14782
140988,4201
140988,36693
140988,56305
140988,365
362508,159853
362508,242075
362508,97181
14748,88
14748,87552
14748,144526
187044,219595
187044,96049
187044,66680
187044,201579
187044,92122
187044,112315
24378,29876
24378,6855
24378,83844
24378,70800
24378,76601
34584,6370
34584,41361
34584,20017
26538,301
26538,2360
26538,38781
26538,26541
142986,125046
142986,142814
142986,259107
142986,119812
142986,202089
142986,53778
62535,62534
62535,31774
62535,39621
222603,102310
222603,42927
222603,18388
77322,23130
77322,138
77322,195778
77322,77336
91323,51712
91323,263582
91323,14093
108861,1871
108861,385
108861,108862
108861,93
252246,146288
252246,29071
108570,138
108570,46530
108570,26053
68127,22637
68127,14632
101202,95097
101202,240212
101202,39524
101202,81033
50553,33214
50553,39873
50553,11549
50553,138
50553,29267
44982,31811
44982,66927
44982,89833
44982,61499
18027,18023
18027,74875
50982,16985
50982,4075
50982,2420
50982,138206
50982,111690
98544,37854
98544,1793
98544,111627
350592,286537
350592,286540
350592,274077
72261,68000
72261,67736
72261,95462
72261,144911
81972,19204
81972,47229
81972,2199
163938,68910
163938,59539
163938,40847
11409,12030
11409,11394
11409,11308
11409,17358
19350,95400
19350,152834
19350,122160
317076,336939
317076,327488
84813,18575
84813,2356
84813,3185
84813,29267
67086,1398
67086,5597
67086,4492
58590,977
58590,95137
58590,49466
21,68672
21,37761
78081,42927
78081,107904
78081,33443
176553,37230
176553,130812
176553,3549
176553,7961
35193,23204
35193,33182
35193,619
35193,301
35193,44079
82077,56089
82077,125549
82077,18792
82077,14192
45177,1
7683,7673
7683,18995
121494,92593
121494,55558
121494,138
280119,60798
280119,59541
280119,300547
82530,34797
82530,318697
100419,677
100419,67223
100419,145511
6231,994
6231,13854
103563,58978
103563,10267
103563,66598
103563,69729
30018,6014
30018,45119
30018,233510
188529,6583
188529,4137
188529,619
14166,26129
14166,38328
14166,4201
13209,46
13209,42944
13209,48788
13209,6566
13209,2199
13704,159474
13704,112737
13704,45319
209232,65498
209232,126048
209232,57924
209232,42927
6381,376
6381,13003
6381,1907
94671,31411
94671,107218
94671,220
94671,44211
172965,138
172965,60867
172965,2676
111759,159263
111759,6089
111759,144142
111759,201281
9309,7377
9309,5701
9309,13845
9309,18079
9309,10
37971,119891
37971,37957
50949,13768
50949,89805
50949,37761
50949,518
137469,101430
137469,23796
137469,301
6987,98442
6987,19594
6987,88
6987,4262
31605,31553
31605,201077
31605,374356
31605,31578
64896,267777
64896,111322
111648,28097
111648,53470
325524,374688
325524,263714
325524,213946
325524,381052
129168,263678
129168,88
129168,286797
8835,8755
8835,35325
8835,52476
76143,37704
76143,280210
76143,10331
76143,555
222015,674
222015,132307
222015,113095
222015,2134
222015,11671
264000,198070
264000,279716
264000,223962
264000,116022
258729,101856
258729,149210
258729,36558
258729,152913
151464,188735
151464,93
151464,756
87606,193792
87606,5621
87606,1768
87606,49215
204036,26085
204036,11881
204036,10
204036,11895
24465,150656
24465,8285
24465,16869
1287,308
1287,2671
1287,1168
1287,138
110004,206
110004,3984
110004,12275
110004,85586
78936,1415
78936,806
78936,16512
221541,80248
221541,39524
221541,90622
8271,90821
8271,2412
8271,102046
232479,35119
232479,16344
232479,44446
232479,14662
46074,17803
46074,42900
46074,134381
70287,94810
70287,145316
70287,183380
14235,10944
14235,79882
14235,84291
14235,1840
110841,23807
110841,230064
110841,145834
41265,35913
41265,352
41265,8398
169644,145013
169644,21278
169644,145462
44802,352
44802,44812
44802,88
99339,66270
99339,48670
99339,24565
99339,10230
99339,301
879,18635
879,308
879,1426
879,352
301380,95913
301380,248698
301380,95917
301380,146288
301380,67773
14331,138
14331,42679
14331,3930
216741,3549
216741,352
126375,59198
126375,44325
126375,3008
126375,37444
27432,3377
27432,1275
27432,10832
197904,31904
197904,202310
197904,242053
197904,186844
27378,41759
27378,178501
27378,33118
1398,10690
1398,12750
1398,2382
1398,24815
74016,74031
74016,74021
74016,88
33807,33796
33807,33808
33807,33818
33807,33823
149679,220
149679,11869
58425,11613
58425,69012
58425,24216
235503,95930
235503,55077
235503,29163
235503,138
134928,29191
134928,14890
134928,6199
147897,100974
147897,43934
119727,365
119727,29163
119727,138
119727,38227
18546,43320
18546,87951
18546,18691
75534,365
75534,4201
6996,115927
6996,15467
100197,3549
100197,34726
100197,677
100197,352
100197,1322
223911,239401
223911,212533
223911,317
223911,3393
223911,234126
91263,23021
91263,27362
91263,202054
91263,5999
79647,36558
79647,181775
79647,251654
3399,2031
3399,3962
3399,1559
3399,2199
266652,156421
266652,57176
338625,250397
338625,69208
338625,205
102972,677
102972,352
8883,8843
8883,138
36756,34484
76413,22930
76413,12928
76413,352
76413,40028
76413,4201
7269,352
7269,138
248691,425999
248691,155271
248691,79394
248691,81259
272886,88682
272886,1988
272886,123638
72531,66831
72531,26753
72531,138
72531,206
72531,54222
12975,408
12975,88
12975,7660
6840,77308
6840,1793
6840,1988
6840,235297
6840,176939
80964,321817
80964,99657
80964,65438
80964,99656
170952,60490
170952,9481
170952,20227
16641,4201
16641,4564
16641,4528
114876,29653
114876,16623
114876,19443
114876,3944
11688,139218
11688,8398
37548,37489
37548,80825
37548,52476
118608,53716
118608,119778
118608,254768
68853,72261
68853,255978
68853,69060
68853,138
29433,449
29433,5918
29433,23825
29433,45319
135375,172821
135375,87165
135375,7428
135375,46328
232992,228819
232992,64422
232992,161330
66135,10897
66135,147258
66135,155305
8586,347
8586,2131
8586,21948
8586,719
8586,12531
324,5686
324,48383
324,13321
324,1036
324,21908
215295,90050
215295,4909
69774,67736
69774,65834
69774,69098
13029,6836
13029,352
13029,15418
79293,82465
79293,28926
79293,22851
79293,68445
11103,32238
11103,29039
11103,138
35271,96948
35271,62193
35271,21720
49623,49591
49623,24978
239721,67543
239721,306293
239721,182023
36909,4201
36909,5676
36909,25415
36909,209904
36909,25420
224559,147506
224559,1373
224559,278371
72711,3549
72711,677
95400,19350
95400,4201
95400,651
95400,13821
95400,677
56031,28114
56031,21089
56031,138
56031,20990
25452,24
25452,709
25452,5
25452,1322
106773,875
106773,31267
106773,30495
96783,92263
96783,14714
96783,10128
96783,27349
96783,24703
1533,77336
1533,99884
1533,16216
110694,226398
110694,100660
110694,35548
110694,100379
58389,138
58389,11620
58389,977
58389,49447
289767,1
88278,27315
88278,17175
88278,97257
88278,365
59337,59332
59337,59336
59337,59322
325563,120993
325563,124255
325563,2681
325563,139766
325563,166352
135300,38249
135300,124246
135300,159107
96798,38627
96798,37305
96798,352
46314,138
193404,164246
193404,88
33843,30959
33843,1005
33843,37159
33843,7524
107274,977
107274,32045
201834,10987
201834,8247
24819,14038
24819,14057
171237,28097
171237,35325
171237,33472
171237,40307
115332,25202
115332,8539
115332,8553
115332,8542
4047,3121
4047,85460
4047,15175
4047,1692
107400,39406
107400,3979
107400,43688
51054,352246
51054,14093
51054,63482
51054,82236
113346,31585
113346,150861
23532,31023
23532,66680
23532,23515
56631,28097
56631,55964
56631,61724
56631,288994
1782,1793
1782,19685
1782,78834
1782,1031
1782,13740
314502,157346
314502,252183
314502,89926
100974,19148
100974,138
35877,62868
35877,88
49026,49758
49026,37886
49026,49960
49026,49915
49026,48362
19446,85040
19446,79025
19446,78787
19446,139307
19446,139301
85128,53867
85128,4992
85128,132518
85128,365
247077,266583
247077,257261
247077,99758
84558,11620
84558,1971
84558,977
84558,34324
119619,226383
119619,110690
119619,35548
119619,56194
276,15573
276,84293
276,11763
276,37761
140382,165
140382,140383
140382,253
1458,6405
1458,7427
1458,365
68958,90180
68958,90185
68958,45319
35349,71562
35349,14602
35349,74659
101388,113792
101388,263946
22560,19623
22560,10
22560,14932
116025,67773
116025,149210
116025,215587
103920,104671
103920,133298
166128,20798
166128,235635
166128,79430
166128,80550
95184,52922
95184,52135
95184,1988
36276,138
36276,10647
36276,18107
36276,4201
36276,26120
43917,10
43917,105446
43917,217377
29067,101856
29067,138
29067,1808
29067,132781
29067,88
22821,48142
22821,46923
22821,93765
2544,88
2544,84726
2544,2480
76374,37317
76374,46698
76374,61202
52365,56
52365,27583
52365,11265
52365,26190
29916,22012
29916,60990
29916,66680
22434,47145
22434,408
22434,67474
22434,4515
284004,8468
284004,46544
284004,66517
284004,114016
174063,60403
174063,44457
174063,19148
174063,52476
174063,57220
172137,20200
172137,38599
16965,151359
16965,58845
16965,6081
88515,104905
88515,16730
88515,88518
88515,88
3795,2463
3795,677
3795,88
3795,440
178668,1322
178668,178683
178668,178669
102954,67474
102954,98033
102954,18878
116709,28097
116709,52476
46545,63821
46545,46549
46545,46720
121008,18328
121008,2077
121008,67133
75363,206284
75363,159457
75363,129183
75363,30799
75363,122457
4899,28097
4899,19572
4899,82288
27,1995
27,333
27,1168
27,1982
200922,202485
200922,248173
200922,119812
200922,53814
18504,352
18504,84217
18504,12924
18504,4055
74790,173661
74790,90718
74790,156671
91059,26498
91059,59431
91059,88
264264,263678
264264,36558
264264,89934
102567,12610
102567,3377
102567,102576
102567,102572
7758,47690
7758,8398
7758,4201
39540,10795
39540,1767
39540,1205
39540,39542
39540,2427
73530,107602
73530,74387
73530,172478
73530,66854
73530,82112
130140,95462
130140,5361
130140,66892
130140,138
33045,323
33045,4433
33045,3158
35691,1
124869,230575
124869,152913
124869,263678
124869,97181
124869,260391
77931,130311
77931,101657
77931,981
91143,173334
91143,47710
91143,17175
146523,10
146523,111627
21012,52476
21012,35020
21012,192499
21012,44457
26208,408
26208,3549
26208,192414
26208,352
156363,41233
156363,42459
156363,26120
156363,32678
156363,411173
22236,44661
22236,18429
22236,24804
22236,32643
22236,18079
83892,138
83892,1005
51636,2501
51636,78838
51636,138
1932,36949
1932,1168
1932,45206
105126,62534
105126,42679
105126,138
236139,95795
236139,146501
236139,3216
99645,156949
99645,30743
99645,1808
56304,511
56304,365
56304,16645
132501,138
132501,132491
132501,132700
25665,25673
25665,1591
25665,138
25665,25680
9105,14890
9105,11318
9105,1971
277701,11733
277701,3495
277701,113095
6078,17803
6078,59096
110532,22532
110532,14729
200799,138
200799,39081
78831,13740
78831,1454
78831,365
78831,2295
104493,127039
104493,18120
104493,171032
120573,45052
120573,229230
120573,186457
120573,151029
41802,54280
41802,14890
41802,76417
41802,21321
4467,4447
4467,12097
4467,53054
59322,402
59322,59346
59322,17467
59322,43253
59322,376
59322,266193
28602,36358
28602,9208
28602,77227
28602,5205
61122,57176
61122,95088
61122,76578
61122,48178
4188,138
95871,39697
95871,1988
95871,88
95871,44133
95871,38227
35481,390488
35481,309214
35481,363260
122385,10267
122385,58978
25515,53578
25515,13062
25515,66556
33732,8915
33732,16816
33732,28097
33732,6971
33732,50218
148179,1793
148179,121714
148179,10234
148179,94150
128424,1005
128424,61119
128424,61107
128424,76578
71295,44457
71295,35310
71295,14038
6081,1982
6081,88
6081,10917
6081,408
6081,18107
1482,71841
1482,2077
121989,111626
121989,82465
121989,43835
78261,301
78261,16623
78261,29653
67716,16730
67716,14617
67716,37489
67716,31224
1113,101
1113,6566
1113,1158
1113,21164
1113,28718
5136,59739
5136,5116
218778,352
218778,408
218778,8005
98982,2566
98982,8446
98982,2940
98982,220
70281,77227
70281,5205
70281,16135
70281,77244
9,88
9,1290
60924,1274
60924,54863
60924,138
16962,1190
16962,64773
16962,9208
16962,11192
61392,48167
61392,60494
61392,102823
61392,2077
61392,39961
75360,1
13437,132005
13437,231883
234282,88
234282,30799
7353,176376
7353,60798
7353,179167
39666,84217
39666,67474
39666,29191
39666,27536
14805,1818
14805,479
78942,8118
78942,14156
78942,352
78942,308
78942,645
265623,295768
265623,296370
3777,1
61107,103177
61107,138
61107,76578
12264,38434
12264,12440
12264,12490
12264,12507
12264,23704
31536,32098
31536,30711
31536,30493
31536,31261
245214,85026
245214,6971
245214,41992
295170,95913
295170,242072
55002,111076
55002,192598
55002,8646
55002,57892
55002,994
69366,408
123030,1
64911,121412
64911,170861
64911,7427
70755,308
70755,352
70755,138
70755,762
5772,69
5772,1633
5772,29879
12021,3158
12021,2
12021,816
12021,8092
138852,50603
138852,43737
138852,120497
138852,22578
138852,77308
6813,555
6813,1633
6813,37704
26004,50329
26004,13520
26004,106570
26004,39887
26004,88
62622,156201
62622,2042
62622,31092
6873,408
6873,46990
6873,8208
6873,86016
117363,149210
117363,122446
117363,36558
117363,159853
77613,18107
77613,100094
77613,50759
759,747
759,1338
39693,114812
39693,16604
39693,38002
39693,37326
34812,41465
34812,176598
11835,209581
11835,16576
11835,7905
11835,51155
59172,36418
59172,63541
59172,204708
297762,58204
297762,34797
297762,166374
33309,75647
33309,21605
33309,128623
33309,112028
113988,18575
113988,26530
113988,11513
113988,62824
28008,977
28008,28009
28008,27996
100710,38103
100710,82394
100710,71200
100710,65498
100710,138
162627,33255
162627,35823
162627,60634
35706,78787
35706,189796
78240,26755
78240,3998
78240,88
78240,68308
78240,69237
8988,88
8988,86139
3666,22328
3666,1840
20268,46664
20268,20200
20268,138
13776,113792
13776,365
90963,40788
90963,133242
31818,59968
31818,68362
31818,167679
128670,138
128670,55964
128670,83224
58659,128382
58659,1840
58659,3581
58659,14241
21111,29736
21111,21164
21111,29721
21111,29723
58338,3798
58338,2427
58338,44325
504,221
504,10530
73878,1228
73878,6017
73878,10
73878,18397
228453,156556
228453,128382
11331,18107
11331,11318
11331,138
11331,29191
11331,14890
83748,138
183393,71709
183393,12731
183393,93949
183393,15380
160260,297807
160260,150197
160260,194419
160260,249482
11898,1793
11898,21197
11898,128646
3537,1295
3537,6566
3537,24400
102456,39249
102456,72763
102456,20973
21321,65774
21321,178380
21321,29007
21321,52338
21321,6855
20592,41334
20592,39574
20592,53679
111780,88
111780,7781
111780,152835
111780,148374
111780,365
33384,28455
33384,102708
33384,46134
30258,31838
30258,46049
30258,16730
291327,341070
291327,277137
291327,35353
291327,91031
64422,11635
64422,88
64422,64427
64422,55020
29289,24405
29289,9305
29289,43615
8742,31327
8742,88
8742,73810
8742,44457
6759,20559
6759,46433
6759,3798
6759,225093
24327,93949
24327,12710
153,15178
153,1511
153,86513
73578,218668
73578,19078
73578,136993
123366,1808
123366,6017
123366,47913
123366,117251
101079,134873
101079,129063
39261,65004
39261,95039
39261,116785
201498,207534
201498,94013
201498,2042
297108,168073
297108,355865
297108,295764
5043,1
39102,92593
39102,27872
39102,56880
36300,143868
36300,23969
36300,18180
37404,677
37404,37397
37404,1426
37404,8578
439155,228993
439155,36103
69633,138
69633,51341
28605,9886
28605,110177
3510,677
3510,45137
3510,88
189714,54156
189714,324140
189714,103253
189714,164540
109317,292144
109317,119067
109317,36243
109317,57112
137733,37230
137733,352
137733,138
137733,66573
59268,443
59268,46616
59268,17556
69678,26057
69678,26753
69678,69285
69678,301
69678,77114
161952,59540
161952,59337
161952,73979
119919,762
119919,42932
122151,74580
122151,37761
178311,83990
178311,4440
33651,56711
218280,10647
286284,310016
286284,59523
286284,59529
125970,138
125970,93050
125970,301
106581,9400
106581,9731
106581,1767
106581,112913
156927,92593
156927,9208
95154,58386
95154,34356
95154,977
95154,95137
27483,12928
27483,66111
27483,201456
3588,6374
3588,37761
3588,4201
3588,37452
3588,518
189180,93
189180,220
189180,9704
189180,677
31917,12440
31917,32098
31917,36224
31917,30493
27942,138
27942,365
27942,187974
27942,88
145494,210903
145494,89
145494,216
145494,221
58575,33411
58575,138
58575,7569
6897,90180
6897,169110
5802,5810
5802,17507
13812,26371
62868,53954
62868,20014
62868,13768
245805,29163
245805,61221
245805,46923
245805,204102
4266,68066
4266,2595
151158,208473
151158,81767
55020,58717
55020,64422
55020,285701
2901,2876
2901,74709
2901,138126
2901,2908
2901,102067
2901,100448
37206,10433
37206,19594
37206,3549
37206,677
156162,16267
156162,121261
156162,2148
13707,1850
59280,107306
59280,45631
59280,8699
28977,14890
28977,144803
28977,11318
1608,3944
1608,2778
1608,18129
287439,63233
287439,343193
287439,7691
287439,34911
9423,39697
9423,39693
9423,39716
9423,37305
3951,25494
3951,25491
3951,1063
3951,2940
3951,3399
274575,294494
274575,308360
274575,414545
187974,29169
187974,352
187974,182195
187974,67061
187974,67057
98232,184598
98232,292144
98232,70339
84474,1988
84474,48582
29517,2141
29517,1971
29517,138
29517,14932
33162,2844
33162,6544
33162,1988
33162,3566
81756,38939
81756,533
81756,31875
4368,4201
4368,51261
4368,10917
175143,28086
175143,78809
175143,42927
20922,58978
20922,61499
20922,33707
63882,31840
63882,125702
63882,99991
376548,31949
376548,237069
376548,39524
376548,14662
58296,1586
58296,99263
125046,79473
125046,119812
125046,142986
125046,142846
74475,88
74475,42927
74475,261483
74475,189842
28362,1315
28362,134050
28362,994
28362,142
12774,11895
12774,44609
66927,138
66927,31821
66927,75848
66927,14602
267489,10927
267489,127112
267489,17358
267489,35827
267489,14367
77595,100996
77595,21025
77595,31337
10149,143381
10149,10177
10149,1971
10149,10234
97026,8595
97026,7601
97026,32214
97026,6583
97026,5550
86142,274158
42603,8913
42603,161127
42603,8727
42603,8603
42603,8915
26400,59648
26400,13643
26400,56
84204,12928
84204,14890
84204,11313
363957,3253
82290,118045
82290,14584
82290,14677
82290,16344
82290,138
19110,122187
19110,19076
19110,81767
19110,16708
19110,16013
319881,36558
319881,308858
319881,172488
319881,244312
12030,10753
12030,10917
12030,10446
12030,46590
12030,47229
2094,88
2094,21278
49485,52905
49485,26661
49485,32045
17161,38997
17161,443
17161,4137
94921,39865
94921,33045
94921,91500
53371,58546
53371,59412
53371,95216
320761,307459
320761,59544
320761,286284
92611,100924
92611,38711
92611,3830
65161,166870
65161,21595
65161,26198
370921,222040
370921,410461
370921,350769
370921,124865
30991,166506
30991,35711
42781,9786
42781,7427
9451,25887
9451,7373
9451,29954
9451,13854
48751,138
48751,6405
48751,84540
48751,32045
27841,9191
27841,9251
27841,39029
27841,1554
11791,88
11791,4824
11791,1315
11791,7040
105931,104416
105931,125830
105931,1426
105931,211
105931,138
10111,199846
10111,109366
111091,50366
111091,19042
111091,61637
111091,61030
138511,1
185251,138
185251,114764
185251,158929
185251,24600
48091,4188
48091,138
8911,71968
8911,9045
8911,8887
126511,88002
126511,51686
126511,183380
178501,6370
178501,10
178501,138
26371,13812
9901,64943
9901,1767
9901,6979
9901,138
74761,69626
74761,114526
139141,10647
139141,8398
139141,4201
56041,21089
56041,71562
56041,34797
50041,352
50041,677
50041,308
50041,88
60061,18223
60061,8765
60061,58026
1231,6544
1231,13950
1231,13955
1231,1823
1231,1024
121261,1564
121261,156162
121261,88065
121261,138
121261,24390
84541,32045
84541,29462
84541,138
172681,55496
172681,582
172681,172682
172681,4421
172681,221
308431,6961
308431,183133
308431,135232
308431,289267
308431,6971
90931,186355
90931,21040
90931,388952
28981,6855
28981,18297
28981,21386
28981,29191
278371,336743
278371,18416
278371,1322
254611,64773
254611,27872
254611,1554
254611,39081
85771,67736
85771,68083
85771,138552
85771,71355
43981,48189
43981,264464
43981,101569
43981,8747
43981,52476
2011,5224
2011,1988
2011,23968
2011,550
2011,2141
16501,9731
16501,333
279601,95905
279601,150192
279601,177667
279601,95912
279601,249482
46951,352
46951,191989
46951,125028
46951,3549
156421,41951
156421,277253
156421,257821
156421,74487
186931,34801
186931,110701
186931,110690
6391,64943
6391,138
6391,29505
18691,26002
18691,5301
18691,197438
29911,156980
29911,45783
29911,32501
29911,148643
67741,101041
67741,14602
67741,59940
99991,194533
99991,185334
99991,255742
99991,63882
99991,256373
55471,45501
55471,138
82301,269788
82301,28097
117251,79074
117251,123366
117251,84555
117251,73930
56711,108152
23531,16449
23531,66680
23531,59431
23531,123733
208241,89934
208241,97181
208241,206074
208241,88
17021,13854
17021,77259
17021,18165
179891,138179
179891,63298
179891,9298
179891,1778
179891,14149
179891,113659
49481,49411
49481,85899
49481,95163
49481,49538
49481,58418
49481,32032
74801,136647
74801,6544
145511,266748
145511,677
145511,67223
5621,5582
5621,5654
5621,138
5621,81779
57101,118253
57101,324483
57101,31271
57101,163290
57101,109311
55961,7533
55961,16540
55961,45008
36251,31532
36251,88
36251,138
36251,365
36251,762
51401,183451
51401,15573
51401,3969
11051,10917
11051,11659
11051,9305
11051,352
44051,116681
44051,46998
44051,60153
2381,3477
2381,628
25391,14932
25391,500
25391,1179
25391,25387
156671,88
156671,74790
156671,511
27731,78985
27731,44442
27731,67895
27731,18107
9191,9208
9191,27872
9191,39029
311,7888
311,26486
311,291
23771,86797
23771,104340
23771,20095
285701,78104
285701,55020
285701,27996
89201,23519
89201,232070
7901,21386
7901,15380
7901,10134
7901,186457
7901,26176
29981,19804
29981,34292
29981,210261
43961,19148
43961,116144
43961,44457
54941,77835
54941,78
54941,12666
54941,23704
170861,3998
170861,13811
170861,88
170861,64911
160391,67774
160391,270967
160391,89016
160391,270303
223961,36660
223961,264000
223961,240829
223961,223962
156281,141974
156281,34584
156281,41361
156281,5038
156551,29655
156551,127607
156551,156550
156551,214743
63821,2644
63821,115130
269321,89013
269321,121551
269321,116617
146501,301
146501,236139
146501,14431
37421,17871
37421,14431
37421,190521
37421,36681
278651,40214
278651,292950
278651,23269
56021,39194
56021,128437
56021,93428
56021,121575
11981,9754
11981,9786
11981,131397
11981,31267
44651,20200
44651,42679
44651,138
246401,382164
246401,392
246401,19113
246401,6081
246401,107750
104711,138613
104711,59427
104711,16452
104711,28086
104711,36224
222041,302342
222041,230575
222041,146282
222041,68285
150251,169758
150251,143306
150251,184693
143381,1971
143381,163134
143381,10149
143381,8398
243881,128356
243881,275835
243881,115687
243881,243880
7601,8743
7601,129599
7601,17439
7601,97026
7601,45637
7601,209595
154241,45031
154241,113279
154241,3549
154241,365
13001,74964
13001,74968
13001,74969
2681,140153
2681,140155
2681,140157
2681,140156
2681,92996
257261,56399
257261,16449
257261,42927
1601,582
1601,677
1601,2010
1601,46
112871,11472
112871,29267
67781,67772
67781,95913
91031,65881
91031,14625
91031,40275
144911,138
144911,72261
144911,68945
144911,68000
27221,1237
27221,8507
27221,1398
27221,153
2501,5918
2501,44391
2501,4728
76601,24378
76601,1988
76601,173825
76601,365
4364,98310
4364,36693
4364,244280
4364,18082
182444,54447
182444,2844
182444,101334
182444,90212
89714,5733
89714,81995
100094,124189
100094,110606
100094,1247
58244,66238
58244,77432
58244,12261
58244,51785
37964,3979
37964,20200
111734,4134
111734,17425
111734,67118
111734,8065
111734,41100
60494,17530
60494,48167
60494,28651
53954,468
53954,13768
53954,88
53954,11880
53954,9458
76454,88
76454,4201
76454,17358
109994,25491
109994,29146
109994,48793
109994,9572
74534,33839
74534,14574
25034,19808
25034,15110
25034,93
25034,19819
102314,56680
102314,28097
102314,55964
85364,59516
85364,187208
66854,71756
66854,68843
66854,69060
79394,72120
79394,38234
79394,6855
79394,518
251654,217610
251654,256022
77114,69678
77114,9672
77114,88
10574,3481
10574,10061
674,40238
674,1988
674,698
9914,8154
9914,149832
9914,629
155744,45501
155744,138
155744,105966
169514,7832
169514,64610
60584,1971
60584,72660
60584,23685
98774,94013
98774,114857
141914,138
141914,5793
141914,66901
141914,6014
141914,38234
5594,5676
5594,105216
5594,5659
5594,86191
30224,33277
30224,69117
30224,34691
30224,336641
61724,30230
61724,56631
205244,4201
205244,21136
205244,42831
205244,2153
205244,27864
14684,57415
14684,117664
14684,165252
14684,57387
42944,333
42944,138
42944,29039
112274,88550
112274,207745
112274,112276
112274,106761
112274,268281
46544,20200
46544,38002
46544,128601
65774,21321
65774,4062
65774,4201
21824,27664
21824,129976
21824,168002
28514,6971
28514,16449
28514,28477
28514,28518
315914,123248
315914,36558
315914,124888
53054,67955
53054,138
53054,24804
34364,1369
34364,48687
34364,84541
34364,49466
192284,350416
192284,129962
192284,52476
192284,107150
48974,2363
48974,43583
48974,49564
143744,969
143744,137234
143744,88196
186254,548
186254,6148
186254,1896
186254,115042
11984,352
11984,138
11984,15314
272114,317
272114,220
272114,237243
16994,44661
16994,8398
27854,88
27854,10987
27854,37758
98594,48751
98594,81457
98594,173523
98594,58730
98594,58382
98594,941
260564,119609
260564,282122
260564,125186
33194,71094
33194,149234
33194,213524
33194,25489
187094,1988
187094,220
187094,1896
65834,73329
65834,69774
65834,73320
69194,69205
69194,68000
69194,196963
69194,69188
65324,69044
65324,66852
65324,1006
65324,54197
142814,119778
142814,53814
142814,145932
142814,138
142814,142986
16244,1237
16244,760
16244,3962
152834,19350
152834,10647
152834,88
152834,111780
31004,55507
31004,1274
31004,33436
31004,154103
31004,110880
31004,138869
24914,110117
24914,43507
24914,100551
24914,37676
14714,677
14714,4201
172154,3449
172154,267753
172154,18388
172154,138
172154,46299
13664,50956
13664,2676
13664,142580
13664,408
13664,677
66860,107506
66860,158247
66860,74492
66860,66854
88610,48142
88610,39716
308360,6166
308360,274575
308360,274390
277610,65832
277610,190885
277610,221777
62660,29299
62660,33118
62660,43615
4730,98111
4730,20559
27260,154627
27260,352
324140,124034
324140,298528
324140,189714
324140,92660
92090,39725
92090,18964
92090,82946
92090,54369
13700,18878
13700,18897
13700,111627
13700,114231
55820,88
55820,173499
55820,677
55820,655
15770,34493
15770,11672
15770,74904
15770,1322
181430,146834
181430,83101
181430,178703
325610,151927
325610,62215
325610,39515
84500,201157
84500,253506
84500,230575
31160,126009
31160,145462
31160,31129
235040,5199
235040,533
235040,28758
77030,151887
77030,365
77030,4201
15980,13321
15980,1586
15980,5918
59540,59516
59540,59533
59540,11945
59540,42
59540,59529
146120,138
146120,110402
146120,53018
146120,100918
124430,136647
124430,12440
124430,21605
124430,12366
94490,41233
94490,138
94490,18107
94490,81915
34910,116213
34910,63492
34910,28097
363260,16452
363260,14376
363260,35481
363260,7592
61670,61606
61670,380011
61670,61652
38030,26682
38030,234
21050,28097
21050,95026
21050,119682
21050,237078
21050,189460
13820,31462
13820,26129
13820,88664
13820,7427
57050,25953
57050,6405
57050,5120
57050,127796
142340,88
142340,1988
142340,97181
142340,215601
142340,215611
89000,9864
89000,101856
89000,8398
89000,138
89000,88
39140,34797
39140,138
39140,64270
4910,20990
4910,128683
4910,101189
4910,101188
68330,8417
68330,9208
68330,10
12770,12778
12770,27287
12770,19685
12770,13064
33770,33807
33770,42259
224330,5
224330,14367
224330,34616
98870,88
98870,43688
302780,54327
302780,28086
302780,206
302780,266652
4760,142
4760,45476
4760,1840
11540,39873
11540,26530
11540,29267
116930,54525
116930,126182
116930,79523
92570,36558
92570,79647
92570,247359
92570,89949
58730,98594
58730,971
58730,56377
58730,173534
58730,24946
233510,206859
233510,30018
233510,323
53060,70420
53060,98222
53060,53250
26510,16196
26510,22193
26510,6813
26510,100202
27380,127900
27380,5918
27380,117675
27380,6014
171560,88888
171560,6014
171560,1205
171560,48477
137840,216
137840,8385
137840,16745
137840,137833
359780,266317
359780,263571
30980,33389
30980,171710
30980,30966
90050,14662
90050,113019
90050,55964
10730,7789
10730,8138
10730,2295
64430,138
64430,10267
231470,44783
231470,44757
231470,17920
231470,8005
67790,138
67790,184092
67790,88
67790,67772
72260,69188
72260,188208
27862,39029
27862,16216
27862,47949
381052,353607
381052,160961
8542,1315
8542,2480
8542,9437
4492,16928
4492,4571
34312,190227
34312,76561
34312,28097
34312,40307
48292,3549
48292,138
48292,88
157192,31462
157192,70392
157192,138
157192,66394
110662,118048
110662,35542
110662,16060
110662,100656
66892,138
66892,66939
66892,112196
181762,10149
181762,30333
181762,10259
181762,95380
181762,43500
181762,6014
53782,53684
53782,28324
53782,118095
53782,118569
14632,14584
14632,39161
14632,68127
111562,145462
111562,5686
111562,88065
101782,8379
101782,11934
101782,36304
101782,956
101782,6085
193792,228937
193792,138
193792,301
193792,2671
1762,1971
1762,22560
1762,60477
1762,762
193012,4515
193012,4729
193012,4528
32182,301
32182,6562
32182,1840
236542,116617
236542,101856
236542,159853
39412,36739
49102,7477
49102,31462
49102,468
79882,14235
79882,957
79882,139626
213772,53846
213772,109559
213772,227936
213772,103253
266302,263571
266302,251233
266302,304007
266302,168073
39922,1
244102,365
244102,37761
244102,518
244102,4201
244102,121250
8092,120240
8092,301
8092,8045
8092,29199
35062,35046
35062,28097
35062,370745
35062,52476
227812,146362
268162,301
268162,138
268162,78271
268162,26136
96982,977
96982,49579
96982,365
40582,33426
40582,246401
40582,107750
40582,87387
40582,8306
144142,202411
144142,406308
144142,6089
144142,99507
144142,51519
28882,63636
28882,11318
28882,40028
96052,104108
96052,10267
87202,408
87202,365
87202,88
62542,1
27052,189301
27052,140216
27052,314989
27052,87345
27052,288103
27052,153823
76282,195027
76282,15034
76282,17437
51712,91323
51712,30230
51712,45416
51712,45431
67702,70549
67702,67736
66502,46049
66502,156719
66502,17442
66502,9221
66502,42673
188932,165053
188932,91426
188932,44605
188932,141002
178672,233317
178672,309797
178672,278371
178672,178683
178672,178668
44812,3549
44812,352
124462,8398
124462,26152
124462,18284
124462,28281
12832,27536
12832,29176
12832,108602
12832,2306
239782,294727
239782,356062
239782,350506
48832,48842
48832,48847
48832,48852
48832,385
48832,48833
192322,1
165742,124098
165742,83960
165742,104554
22012,38503
22012,66394
22012,7781
173523,1837
324483,57101
324483,242097
117183,6527
117183,1137
117183,9731
117183,5550
189783,10647
189783,69133
230343,101856
230343,174808
230343,232666
230343,252155
230343,116101
230343,230582
21363,73531
21363,73540
21363,65360
188343,192995
188343,97055
188343,120136
188343,293294
19443,2139
19443,821
19443,114876
19443,673
19443,2839
91023,86380
91023,206337
91023,56648
328383,64097
328383,47985
328383,112452
328383,50526
328383,939
8283,11880
8283,88
8283,16243
8283,148660
6423,5088
6423,88
6423,29721
6423,352
51963,17998
51963,1237
51963,677
51963,47592
20223,53406
20223,20194
20223,20200
88923,52030
120543,42667
120543,2740
120543,138
69063,74397
69063,26753
69063,65817
69063,15034
122763,5686
122763,79394
122763,138
122763,6855
64563,8976
64563,50073
64563,121086
64563,74857
237543,28097
237543,98774
237543,128683
95103,144403
95103,144398
95103,92154
95103,2042
95103,96925
57303,113106
57303,85021
57303,10812
57303,138631
112923,138
112923,12896
89044,24804
89044,10753
76624,52387
76624,52850
76624,40218
76624,274
18964,92090
18964,16280
80464,48163
220804,94854
62764,195926
62764,49567
62764,195927
62764,67431
365404,6166
365404,350813
127324,247
127324,40225
127324,2889
74464,74475
74464,30966
74464,74465
74464,74470
74464,71038
50104,48473
50104,1882
50104,6014
50104,170748
30484,30493
30484,32098
51544,16762
51544,138
51544,440
51544,6251
333304,31875
333304,206
333304,3440
333304,121569
272344,2880
272344,106283
272344,42
272344,120769
424,1882
424,73481
424,58450
4444,30185
4444,9506
20464,60587
20464,163344
16324,39961
16324,9731
16324,1190
151204,10039
151204,677
151204,76913
151204,86198
151204,60106
129364,92826
129364,52355
129364,20937
183724,4201
183724,99263
85204,45137
85204,111780
85204,74048
58583,7569
58583,28086
58583,42927
58583,105554
16343,17590
16343,15232
16343,21111
16343,15185
16343,37135
74723,247
74723,110855
74723,249
74723,241930
74723,2854
44303,21386
44303,352
44303,39666
177803,122457
177803,303289
177803,97181
261563,6167
261563,6441
108803,8005
109043,15498
109043,43738
109043,301
109043,40852
109043,7423
226283,248050
226283,69537
226283,74544
226283,144628
301103,60798
301103,59541
161963,59541
161963,60798
161963,269729
161963,250329
111263,2185
111263,31092
111263,1426
148643,172159
148643,29911
148643,128559
291323,39515
291323,4909
291323,14093
94823,35748
94823,106
94823,11538
94823,35745
94823,22685
95903,36558
95903,149210
95903,201157
95903,159853
154103,206
154103,31004
154103,35778
154103,57916
138263,97181
138263,160996
138263,30799
138263,160260
79523,301
79523,129838
79523,113311
79523,30385
119303,62193
119303,52213
121403,129264
121403,11945
72503,4623
72503,29159
72503,3199
72503,1426
162503,160793
162503,110434
34103,127212
34103,4877
34103,28097
34103,35325
185183,24565
185183,9356
185183,185182
185183,66270
131543,120925
131543,37489
109283,19148
109283,67528
109283,14025
109283,44457
25883,352
25883,408
25883,46590
25883,8005
103403,194311
103403,8755
103403,19572
103403,34797
88343,88
88343,19030
88343,12847
88343,408
121463,69209
121463,383045
121463,68927
25943,88
25943,68564
25943,4450
6623,4479
6623,18276
6623,137
6623,6611
42263,32366
42263,32331
42263,49611
42263,84278
42263,24368
400763,298696
400763,116588
400763,393373
159028,90107
159028,16313
31288,66011
31288,321968
31288,70852
31288,156058
31288,138
259588,195810
259588,278804
259588,99126
118048,35525
118048,110662
118048,115414
118048,34801
298528,103253
298528,98791
1708,13950
1708,1232
1708,22834
131488,36224
131488,71141
131488,92742
1828,12057
1828,4447
38548,14503
38548,10717
153388,33118
153388,103253
153388,6855
268,101511
268,1995
268,518
268,249
126988,204893
22108,138
22108,677
74968,403
74968,4134
74968,4435
74968,1858
74968,352
125488,7958
125488,9278
125488,18361
125488,1503
125488,101829
3208,36981
3208,51785
3208,408
3208,523
62428,8069
177328,138
177328,6855
177328,41452
177328,5686
9508,138
27868,365
27868,82042
27868,5205
27868,77212
285448,414880
285448,414881
285448,134858
57868,36072
57868,129573
57868,183737
57868,14625
57868,44036
57868,267851
122488,30799
122488,2634
122488,335
122488,1503
82108,73329
82108,69237
82108,152249
82108,73319
108208,36290
108208,103253
108208,5686
101788,352
101788,3549
101788,7905
52828,3253
52828,2869
52828,108967
52828,52419
11852,88
11852,13811
11852,43742
49172,4877
49172,61577
113912,7569
113912,129063
113912,235208
34292,13126
34292,95872
34292,1387
34292,29981
177452,31840
177452,61503
177452,150075
177452,394826
171632,352
171632,171661
171632,171664
171632,171641
30992,1099
30992,42
30992,847
30992,721
30992,6
30992,16452
7832,61953
388952,19159
388952,90931
114932,66255
114932,8539
114932,8551
212012,218148
212012,352
74132,116144
74132,59972
181712,3017
181712,4440
181712,9180
181712,93141
108152,56711
108152,14584
108152,58118
108152,14677
49592,969
49592,49635
49592,942
207752,172488
207752,270407
25172,14
25172,2105
79532,1274
79532,396
79532,26538
79532,3211
79532,806
243152,39183
243152,61329
243152,39621
110072,4201
110072,7905
110072,23021
110072,12084
178292,1
12212,6231
12212,23704
12212,12193
12212,44115
11672,629
11672,15770
11672,88
90212,90213
90212,26920
90212,54447
90212,102154
65972,69285
65972,66860
65972,68843
65972,72616
103172,103177
103172,57415
103172,34797
127832,125353
127832,151499
127832,10010
127832,239886
127832,192042
10772,193023
10772,64908
10772,102823
10772,61353
15752,12094
15752,38338
15752,677
15752,47357
15752,6544
25712,15190
25712,88
25712,3634
59372,51059
59372,80961
59372,3814
59372,50861
59372,46608
59372,1878
243397,243553
243397,249653
243397,236766
22417,88
22417,7164
22417,352
97357,62583
97357,14625
97357,114864
97357,8755
1057,1443
1057,76032
1057,6583
102877,18388
102877,54108
102877,6971
102877,2676
45637,71141
45637,7601
45637,34955
45637,161257
257077,263116
257077,2889
257077,3253
82237,354282
82237,1005
82237,34235
82237,259624
101797,334155
101797,166980
101797,99073
101797,57471
101797,290366
8797,8913
8797,8883
8797,86739
8797,8709
8797,8843
8797,50063
34897,6527
34897,216
34897,15175
314317,3335
314317,176939
314317,16565
314317,7401
128437,21101
128437,56021
128437,39192
128437,33177
326437,295495
326437,13484
326437,249653
326437,171466
95857,140005
95857,4201
95857,6014
201217,215777
201217,10647
201217,10875
201217,215759
201217,89036
203557,8582
203557,529
203557,1099
23917,11881
228937,8467
228937,129467
228937,193792
1297,88610
1297,92866
1297,246926
1297,12975
27697,8755
129097,58991
129097,69725
129097,55970
129097,821
388357,110813
388357,31955
14917,290
14917,91140
25717,30478
25717,25705
25717,9364
25717,20626
128683,21086
128683,255928
128683,56038
38503,22627
38503,46628
38503,59427
1843,8118
1843,88
1843,67255
49123,365
49123,36916
49123,31462
49123,26129
55663,79625
95323,140005
95323,15328
95323,3549
31423,8398
31423,10917
177523,133790
177523,208165
177523,208187
195523,20014
195523,677
195523,25769
50263,148643
50263,50218
50263,1971
50263,10
50263,352703
43,74889
43,5123
43,74886
158923,229230
158923,1971
158923,597
158923,162579
158923,188603
279043,166567
279043,52355
279043,120804
60403,19148
60403,46998
60403,59945
60403,16533
60403,174063
64423,54332
64423,58717
64423,64422
196963,138
196963,280353
196963,308
195103,158406
195103,19462
195103,42927
195103,16466
195103,6971
34003,15185
34003,40386
34003,4515
8743,28077
8743,8590
8743,17556
8743,23194
91423,80280
91423,138
91423,174883
91423,53743
19543,118248
19543,10844
19543,2179
19543,15656
19543,14798
19543,4980
64903,53018
64903,76989
64903,113358
260923,10177
260923,518
239803,317066
239803,30799
239803,36660
59383,116638
59383,63123
59383,19672
80683,26120
80683,73610
80683,4201
80683,6855
173563,138
173563,249
173563,3830
121543,359544
121543,79052
121543,311434
127423,189796
127423,69537
2083,2077
2083,33145
260083,136922
260083,203533
260083,122123
260083,106951
110983,10
110983,34797
110983,677
110983,34181
110983,110690
288103,23764
59263,222110
59263,66700
59263,222105
299323,274
299323,381295
299323,287542
299323,64916
299323,51742
62683,32045
62683,67388
62683,125022
62683,32032
118066,176179
118066,9020
22306,14241
22306,142778
22306,87552
22306,74154
77446,36660
77446,32811
77446,8398
77446,301
58546,46998
58546,19148
58546,238586
181366,23391
181366,85864
366226,72852
366226,85969
366226,8988
366226,30230
8866,88533
8866,8960
8866,8930
8866,105782
8866,105137
24166,28097
24166,31725
24166,93428
116866,111379
116866,23621
116866,37886
116866,52
17386,2381
17386,7560
17386,42286
17386,17378
42166,96982
42166,365
42166,97709
122446,101856
122446,36558
122446,149210
122446,159853
26806,80420
26806,4403
26806,8005
33526,760
33526,5814
33526,1305
33526,33564
82786,677
82786,8005
82786,82789
82786,352
82786,408
82786,317
91426,88
91426,365
91426,188932
17446,29763
17446,115895
17446,17411
366466,5793
366466,366467
99346,1767
99346,2250
99346,93987
99346,53215
143146,16985
143146,23320
143146,28783
143146,6295
3826,87018
3826,151474
3826,2921
3826,100924
2266,27872
2266,39081
2266,2280
361726,359783
361726,251233
361726,171466
361726,243553
114526,17358
114526,74761
37906,32854
37906,130235
110686,53282
110686,23519
110686,114041
110686,306617
110686,11895
1006,1005
1006,20484
1006,1078
1006,138
1006,28057
3226,1200
3226,7377
3226,5
3226,88
63706,57257
63706,19572
63706,20937
63706,40546
63706,28097
11986,1
328906,4134
328906,199923
328906,1373
328906,3549
92866,1260
92866,4220
262426,363334
262426,409893
262426,262425
109366,9731
109366,9127
109366,203714
109366,1031
41806,65940
41806,67506
41806,13462
41806,55098
67666,122683
67666,32972
67666,113358
298066,286996
298066,92936
298066,1793
298066,60798
9886,77212
9886,77244
9886,196931
199846,10111
199846,110708
199846,1274
199846,109381
432766,396399
432766,239782
432766,308887
108946,51341
108946,43892
108946,81644
36586,215608
36586,215591
36586,89934
36586,101856
156046,34797
156046,52476
156046,14662
156046,8806
31966,90323
31966,365
31966,105954
3169,99625
3169,15286
3169,38713
23269,271367
31129,365
31129,19904
31129,138
31129,31160
31129,17175
67609,8984
67609,68772
67609,33458
67609,6951
90109,204890
90109,59821
90109,6855
38149,30849
38149,50239
38149,30841
54229,74281
54229,54200
54229,54215
54229,26753
66469,34356
66469,88196
66469,263820
66469,58418
66469,125022
150649,150648
150649,130795
150649,7008
150649,240239
52669,187830
52669,101501
52669,138
253609,30230
253609,59977
253609,60021
253609,60526
253609,111687
5269,39300
5269,39313
5269,1665
14689,28743
14689,619
14689,14686
35029,14662
35029,44036
35029,103853
129769,66927
129769,138
129769,56631
129769,14662
66889,97461
66889,296285
12649,5918
12649,645
12649,2199
12649,6405
7789,10730
7789,1322
7789,352
7789,385
240829,36558
240829,88
240829,135307
321409,191268
321409,157192
321409,134377
234349,8928
234349,1005
234349,114068
234349,9003
158929,185251
158929,582
158929,26250
158929,1031
124189,93682
124189,3609
124189,100094
214789,31510
214789,35306
214789,44079
58549,1
33409,57924
33409,138
33409,206
33409,6958
33409,6951
47809,1793
47809,7422
47809,83274
47809,9731
157189,191268
157189,8133
157189,1298
157189,157188
10369,138
10369,70393
10369,6231
17815,5625
17815,41631
17815,1254
115075,135653
115075,6712
115075,6695
115075,94023
114415,40774
114415,16452
114415,138
114415,206
139015,112097
139015,28082
87655,67223
87655,15380
87655,23162
15055,677
15055,80577
15055,385
15055,88
8275,2301
8275,18575
38575,150358
38575,90291
38575,38553
38575,68582
151495,17094
19675,6199
19675,5365
19675,2042
19675,14871
19675,153138
1915,149279
1915,1036
1915,43143
311575,292694
311575,190408
102115,116417
102115,101079
102115,116496
102115,82322
102115,20973
102115,30241
18595,7452
18595,42095
18595,42959
18595,352
18595,30531
18595,994
8095,1
287575,77078
287575,72265
287575,28063
287575,54215
2395,1
101875,177667
101875,101851
101875,274325
101875,259601
101875,330976
101875,146274
32395,65678
12475,140180
12475,267180
12475,12507
12475,147978
112315,134335
112315,347570
112315,107310
252595,204217
83875,1232
83875,8129
83875,5193
112615,74465
112615,33902
112615,79721
4375,17175
4375,365
4375,39887
111835,8005
111835,3549
111835,118095
111835,2250
111835,32427
85258,48146
85258,85253
85258,175731
85258,162283
28798,95650
28798,39278
28798,7377
28798,52120
28798,27359
235558,118305
235558,221777
235558,78242
235558,84059
176398,333929
176398,179507
176398,84500
148858,677
148858,5755
80698,47629
80698,3399
80698,26361
80698,31276
80698,14
298198,294727
298198,171466
298198,168073
298198,298194
63718,63712
63718,27740
63718,52476
63718,69718
118258,120472
118258,201185
118258,148855
118258,408
83518,35813
83518,222899
83518,209581
83518,4201
290278,138
290278,290280
290278,60798
5098,1369
5098,1036
5098,55377
5098,67133
5098,138
133078,76357
133078,60712
133078,33823
133078,9132
838,3115
5038,99935
5038,61080
5038,4201
444298,1
178678,178683
178678,147513
178678,178674
178678,178669
127618,44817
127618,70751
127618,93
127618,30353
127618,352
174958,106538
174958,184598
174958,72852
25018,151069
25018,145316
25018,188603
229918,48178
229918,18388
229918,138
165058,165059
165058,165066
165058,51444
41398,1322
41398,3365
41398,677
41398,88
134698,32427
134698,54960
134698,8005
267718,225087
267718,363284
267718,294727
267718,267717
67378,52015
67378,29311
67378,162494
4138,4614
4138,54992
4138,88
4138,677
32398,218325
32398,238268
32398,238263
35278,63123
35278,35310
35278,68127
35278,52213
35278,104803
30898,1031
30898,43408
30898,30895
30898,43379
30898,5444
20818,12549
20818,19142
20818,4743
20818,5770
282722,249
282722,238231
282722,43905
45122,45133
45122,44401
45122,7961
45122,143119
75362,205978
75362,205993
75362,206003
23882,88
23882,21748
23882,10
23882,6231
23882,1168
1682,188831
1682,79250
1682,2595
1682,523
242282,88
242282,122488
83042,6971
83042,138
83042,30856
83042,244418
103082,3204
103082,1274
103082,1971
103082,217257
363362,74487
363362,6971
363362,42927
109453,37758
109453,37726
109453,88
109453,9208
357853,34379
38893,74048
38893,26890
38893,6374
243493,65540
243493,79074
142093,18853
142093,5227
973,308
973,511
973,468
56293,357
56293,2671
56293,138
56293,3308
39853,88
39853,21386
39853,29191
39853,11318
31573,2077
144853,100547
144853,181335
144853,163700
54013,36247
54013,181158
144013,45501
144013,3243
144013,52669
144013,113290
144013,36220
10093,301
10093,216
10093,19299
10093,10089
163213,1279
163213,1988
163213,220
163213,88
45013,102342
45013,39194
45013,99976
45013,86985
28213,5676
28213,35649
28213,5659
61696,98594
61696,66993
61696,88
1576,38328
1576,4201
120136,305174
120136,249
120136,159142
120136,150033
357016,121403
357016,5193
357016,284056
357016,3984
357016,365
329536,128267
329536,82113
83896,114577
83896,7569
83896,279026
123496,71602
123496,35338
123496,218279
123496,21033
189256,24565
189256,91950
189256,157261
189256,356
40216,40225
40216,90104
40216,138
330976,101875
330976,229215
330976,36558
330976,30799
5296,308
5296,42
5296,5297
5296,3382
222736,72839
222736,174954
222736,53371
222736,14570
21496,14449
21496,124102
21496,21489
21496,78917
47656,37764
47656,5802
47656,101295
72616,133445
72616,66854
72616,130150
22947,12344
22947,21645
22947,29844
22947,70906
117507,204159
117507,11620
117507,54280
143427,33283
143427,65305
143427,71705
267747,172156
267747,6969
173427,81234
173427,16452
173427,301
173427,98222
173427,138
195867,18388
195867,189783
195867,19572
154827,304763
154827,83010
172227,623
172227,93
364107,353160
364107,280411
364107,43253
364107,292214
73227,64943
73227,70259
73227,129466
210267,39411
210267,60827
210267,6088
210267,6089
210267,60821
259587,30230
259587,39515
259587,165742
119427,1988
119427,88
119427,135339
56067,30814
56067,56707
56067,4866
56067,53166
36867,88779
36867,5654
36867,71268
36867,2199
298718,184693
298718,64280
298718,206242
7958,9278
7958,1503
7958,210545
105398,1
99158,65004
99158,4909
84278,32331
84278,130469
84278,29876
351998,67782
351998,396449
9278,111780
9278,19350
9278,18107
58118,19148
58118,46991
58118,138
398,479
398,24804
398,138
96398,168478
96398,71473
96398,62905
155318,245
155318,132793
155318,284708
77078,54214
77078,68309
77078,278036
77078,282678
278804,19572
278804,259588
278804,104554
363284,226779
363284,314327
363284,344775
363284,168073
10844,352
10844,88
10844,19543
10844,1995
14084,21720
14084,56631
14084,19142
4004,6544
4004,760
4004,4022
147884,1
68564,22792
68564,4450
68564,88
160964,215608
160964,67773
160964,146265
170444,129434
170444,150033
170444,100924
170444,3830
170444,159142
85253,85258
85253,80464
17933,352
17933,55663
17933,408
125693,158410
125693,12494
125693,20507
125693,170115
22493,9731
22493,2250
22493,123443
151493,117330
151493,233463
151493,268633
151493,133740
16613,1988
16613,9572
16613,48793
16613,86736
147413,202631
147413,270971
147413,26377
147413,102471
106973,38694
106973,108460
106973,2869
106493,169370
106493,110014
129773,129962
129773,70669
129773,64187
103853,28088
103853,19148
96293,249
96293,106283
96293,112538
12653,103253
12653,169638
12653,183211
9653,2295
9653,1322
9653,18575
157373,145790
157373,229696
86333,19158
86333,66606
86333,14665
86333,58987
58373,2014
58373,1290
58373,88
38338,26120
38338,96780
38338,96783
38338,15752
38338,45191
122098,206627
122098,179470
122098,179507
122098,194419
66778,52509
66778,183874
66778,55890
156058,138
156058,36243
156058,13854
13138,8398
13138,143868
13138,18079
260698,152905
260698,152913
260698,152898
260698,127351
160378,160382
160378,157539
160378,95905
182818,146078
182818,119427
182818,23968
134338,86749
134338,8828
134338,147149
55618,109191
55618,61933
55618,131081
55618,171975
115138,885
115138,83374
115138,25179
10030,10259
10030,22678
10030,140157
267550,201092
267550,238214
267550,267553
309190,289188
309190,2922
309190,191752
309190,343462
274390,239782
274390,171466
274390,297648
274390,225087
274390,308360
274390,263575
82630,1
8590,8723
8590,8709
8590,1882
51910,61058
51910,48533
51910,22517
54550,19347
54550,98512
151630,138
151630,45319
151630,100547
151630,144853
151630,55663
158110,61933
158110,158102
158110,19022
73990,116588
73990,31235
73990,31084
73990,110124
73990,14602
126430,102115
126430,85969
126430,134873
126430,37489
77470,97623
77470,77411
77470,49915
77470,49937
77470,37906
36070,48178
36070,48189
36070,21020
53110,33259
53110,178011
53110,9356
53110,59031
248350,163382
248350,238231
248350,145455
23230,21538
23230,25447
23230,3927
23230,88
23230,12281
23230,39006
129434,101715
129434,159142
129434,132088
129434,107481
58634,4201
28394,115086
28394,468
28394,15450
28394,108372
203714,308
203714,6014
203714,18536
203714,138
82394,100710
82394,119873
105554,1971
105554,81482
105554,58575
105554,33408
277994,225909
277994,249653
277994,238214
277994,243553
239838,969
239838,138
239838,7008
68238,42
68238,57
201798,1
13878,220968
13878,202902
132198,249
108558,85221
108558,38227
108558,310383
108558,108553
149118,30230
149118,61715
149118,33357
149718,149715
149718,29176
149718,133146
149718,7164
53599,51045
53599,4201
53599,113728
11959,404357
11959,210867
32239,64943
32239,29407
32239,13740
32239,48833
172159,88
172159,43742
172159,148643
119599,365
119599,138
145279,20066
145279,35823
145279,43523
95119,154476
95119,12084
95119,65866
197119,95923
197119,229459
197119,293575
86359,40595
86359,518
86359,80751
63199,37489
63199,111683
63199,34797
63199,111663
2839,5770
2839,678
2839,206
87439,43742
87439,69237
87439,70549
87439,67736
20359,12366
20359,88
112886,98351
112886,24804
112886,60827
112886,222977
112886,6089
17366,30134
17366,317
17366,9785
17366,301
334646,46998
334646,59945
32366,138
32366,33807
292766,298960
292766,124002
292766,111676
290366,249446
290366,56631
290366,101797
290366,166980
53966,38249
53966,19887
53966,195523
102086,38675
102086,2918
102086,2880
102086,42
21086,72774
21086,95088
21086,237532
21086,58055
21086,65540
157646,9704
157646,173825
157646,33807
246926,34801
246926,34765
246926,10
246926,39406
147926,301
147926,34716
147926,143463
147926,19159
147926,14093
115766,286546
115766,82113
115766,29159
310646,56797
310646,333622
310646,34268
310646,310645
70537,69188
70537,70568
70537,70573
21697,22646
21697,16427
21697,6527
21697,2395
54817,13789
54817,144992
54817,248
54817,7540
72937,131580
72937,63541
72937,279071
72937,279075
89977,99153
89977,14093
89977,40307
89977,63492
148417,70174
103057,103666
103057,170303
103057,159895
103057,305935
166057,8705
166057,8913
166057,8603
166057,6971
166057,33138
32977,36224
32977,138
32977,8930
5977,10785
5977,11527
5977,9786
5977,4201
374737,271848
374737,159817
374737,254487
374737,220080
161257,66702
161257,43685
46897,115163
46897,3121
46897,1988
46897,2918
46897,55544
46897,46615
37537,44457
37537,59945
37537,21012
37537,56766
283177,215430
283177,847
283177,352
136657,138
136657,3969
136657,80751
136657,88
74857,8784
74857,85021
74857,259533
74857,178350
75097,48857
75097,489
75097,220
75097,1426
28057,73489
28057,1005
28057,30365
183457,158102
183457,9180
183457,134082
183457,109191
288702,101856
288702,215573
19062,1828
19062,16763
19062,1317
19062,84
19062,44557
148422,22829
148422,1837
148422,15229
279342,88
279342,54200
279342,212625
152742,346089
152742,59377
38022,3830
38022,2889
38022,46505
38022,188343
13662,13768
13662,88
13662,79315
226062,101606
226062,88
226062,61221
7782,9305
7782,4201
7782,408
7782,15844
306942,284979
306942,28097
306942,208863
177943,1322
177943,1879
177943,28526
92983,103754
92983,5918
92983,26233
92983,9356
92983,523
98383,138
98383,10944
98383,1982
78823,95462
78823,70223
78823,77049
78823,112215
43303,88
43303,352
12223,20095
12223,38434
30343,129563
30343,138
28063,71240
28063,68027
28063,54224
14503,371216
14503,195523
197623,172154
197623,352
197623,267753
1904,30353
1904,88
46424,207903
46424,28686
46424,352
9464,1369
9464,199297
9464,5896
9464,177494
128264,189931
128264,73534
128264,301844
128264,96693
23864,182712
23864,18425
23864,38374
23864,12462
46784,41543
46784,2671
46784,138
46784,1971
83146,124147
83146,82496
83146,125669
83146,78671
20626,4201
20626,19204
20626,40242
20626,26120
36226,58779
257866,242505
40546,104041
40546,66605
51466,221018
51466,154080
51466,8942
51466,359473
51466,94854
38386,291342
38386,140216
38386,271616
250426,61221
250426,37341
250426,46527
250426,160196
64916,216
64916,293390
216716,102119
216716,19572
216716,54332
34316,34328
34316,24946
34316,981
34316,66993
50156,10331
50156,90259
50156,245002
50156,555
50156,51861
5636,36905
5636,147015
4076,1
89036,23401
89036,365
39606,61007
32886,10864
32886,11907
32886,93
32886,17053
32886,19597
52806,138
52806,49579
52806,977
54486,55239
279366,225105
279366,170898
279366,30230
279366,306519
284166,248184
284166,21223
284166,68750
284166,36995
212406,48233
212406,161032
212406,83379
212406,677
285126,209529
285126,21101
285126,274257
285126,71541
285126,71583
71769,1988
71769,7961
71769,36756
6969,4821
6969,35456
6969,7533
100089,62635
100089,55532
100089,138
346089,30856
346089,6968
155049,23747
155049,46205
155049,4821
16809,16797
16809,16808
16809,25447
30249,90180
30249,26456
30249,68958
28089,138
28089,1971
28089,19148
28089,14932
63369,42245
63369,16785
63369,78
63369,31549
10089,5464
10089,10574
10089,10093
43929,88484
43929,84004
43929,70104
85211,22738
85211,20159
85211,21124
85211,20484
141611,224469
141611,99884
141611,47421
220331,110801
220331,88
220331,9704
220331,69458
1931,29644
1931,20559
1931,352
191051,2889
191051,3979
191051,295017
191051,37317
53531,80351
53531,4137
53531,88
54742,352
124102,21496
124102,78917
187942,225105
187942,30230
187942,216645
187942,286622
5782,10
5782,9672
5782,1988
333622,371935
333622,116125
333622,165299
343462,3252
343462,309190
45383,24791
45383,61794
45383,150390
234503,29712
234503,161140
234503,88
234503,7961
234503,1858
306023,191088
306023,233321
306023,306026
306023,191080
33383,36224
33383,138
33383,61652
144992,71141
144992,100783
144992,10373
144992,138
144992,33954
144992,19148
384512,138
384512,384513
384512,314619
193232,4201
193232,56537
184837,20194
1957,88
1957,9676
1957,379
1957,885
1957,1168
142357,31362
142357,4379
142357,452
142357,13223
142357,514
240757,249
240757,120769
240757,38249
240757,2918
241957,116025
241957,281387
241957,95908
296437,345399
296437,205820
296437,238873
296437,36558
109718,88196
109718,49582
109718,58392
149558,117191
149558,45501
149558,187774
24518,76823
24518,88
24518,46805
122438,36558
122438,161013
122438,236544
122438,149316
122438,128851
122438,157348
307718,26076
307718,78809
307718,138
307718,33421
307718,37980
47318,385
47318,1042
47318,206
47318,6
280598,6971
280598,39171
280598,130937
280598,1005
179798,66292
179798,196613
179798,80847
179798,121801
3878,14922
3878,13321
3878,9731
38458,144853
38458,24914
38458,47040
38458,45319
103738,66350
103738,3830
103738,2889
68218,159142
68218,150033
68218,101715
68218,132088
249418,95905
249418,106916
249418,79652
208138,178669
208138,284589
208138,262930
208138,250329
205978,138
205978,101856
35338,57176
35338,61122
35338,206770
35338,71602
111178,8755
111178,157165
111178,39241
111178,28097
111178,65549
299,69
299,1999
299,523
308699,201311
308699,225087
308699,225909
308699,334807
215579,84500
215579,238873
215579,206074
215579,160964
151499,205820
151499,9456
151499,11898
151499,235635
83588,94444
83588,131081
83588,88
83588,148541
9428,20124
9428,76206
9428,138
12068,1290
12068,2395
12068,16427
43028,42335
43028,4730
43028,246409
34388,49466
34388,48712
34388,48687
34388,977
348308,284512
348308,95905
348308,383834
348308,181774
358148,264040
358148,282150
151268,55554
151268,2250
41348,356153
41348,54048
41348,227148
41348,14922
41348,229755
284708,1858
284708,42
284708,155318
65837,65377
65837,42
65837,1044
65837,65829
68717,171943
68717,2809
257597,180126
257597,30799
257597,170960
199037,115717
199037,138
199037,216
199037,10
155117,220
155117,108158
155117,1896
22397,60587
22397,11192
22397,119082
22397,48473
263597,88
263597,30230
263597,39909
797,6
797,220
797,17242
797,37448
797,777
128237,365
128237,153747
128237,677
128237,7781
128237,128238
143357,857
143357,362
143357,1426
143357,308
129201,74048
129201,138
129201,26129
129201,150993
131121,128370
131121,28097
131121,52355
131121,14570
303681,340709
303681,74415
303681,357034
53842,200922
53842,53867
53842,125046
53842,53799
220402,220401
164722,352
164722,88
164722,2676
164722,138
72082,68176
72082,142038
72082,70549
72082,72090
263122,1
234082,171466
234082,225908
234082,7953
234082,4717
148409,71094
148409,73082
148409,132173
148409,245178
226409,88
226409,8021
226409,677
226409,3393
252809,308
252809,480
252809,29461
252809,879
50731,408
50731,78841
50731,352
66811,138
66811,88
117211,112913
117211,93856
117211,1793
117211,66202
23611,32854
23611,23650
23611,10944
23611,32819
23611,32839
38740,17607
38740,10609
38740,29505
9460,126571
9460,8030
9460,1369
77620,69779
77620,26753
49780,57
49780,1247
49780,21588
109541,12366
8261,6544
8261,88
8261,1334
8261,1254
8261,5993
8261,821
115781,10495
115781,365
63941,981
63941,52792
63941,945
63941,49592
63941,52806
248261,294192
248261,286697
248261,110650
219221,172879
219221,193578
219221,96673
219221,32398
21701,43902
21701,35909
21701,21705
60821,210267
60821,6089
60821,60827
40421,308
40421,138
139066,43253
139066,59543
139066,139069
139066,139070
289786,284616
289786,122493
289786,307115
289786,174805
289786,388746
44026,138
44026,59945
44026,88
105466,65678
105466,78451
105466,7569
278746,81033
278746,107147
20517,58217
20517,246254
20517,16481
20517,56
265557,88
265557,52905
265557,319089
253317,138
253317,180780
253317,45501
71397,31337
71397,31327
71397,31850
71397,31084
307077,128264
307077,149403
307077,175769
307077,323763
157557,206627
157557,172488
157557,171183
157557,150197
157557,179507
353162,353159
353162,4821
353162,352668
277082,42927
277082,78809
277082,59945
277082,218325
277082,16452
277082,107905
277082,57659
451082,450666
60362,100725
60362,10638
81482,107556
81482,133775
18853,6283
18853,468
18853,11192
18853,138
313333,332784
313333,263746
313333,288785
23653,1971
23653,23650
23653,32823
147253,261159
147253,220
147253,2042
66855,66854
66855,70210
66855,68843
66855,85049
285255,59327
285255,191088
47415,60477
47415,138
47415,6979
1095,174
1095,1190
1095,1063
1095,994
1095,15547
147975,192551
147975,2934
147975,49675
147975,106442
147975,16313
22695,12956
22695,139794
22695,12046
22695,1398
22695,1059
80775,37815
80775,73732
80775,45828
181335,144853
181335,10356
181335,151809
334935,274913
334935,88
334935,413963
334935,260161
49095,26279
49095,38328
49095,7427
49095,27796
186140,821
186140,40931
186140,161029
61100,125095
61100,61107
61100,251201
44060,14677
44060,61568
44060,1988
136220,2360
136220,29267
136220,11549
136220,123030
121820,65585
121820,83174
121820,57207
121820,182526
64940,81608
64940,26129
8540,136075
8540,34149
8540,6014
8540,9437
190700,82567
49826,2480
49826,15257
49826,352
49826,151069
219746,13623
219746,365
219746,24766
227434,98097
227434,104507
227434,72269
227434,8468
41434,1486
41434,6370
41434,138
41434,1315
69274,74406
69274,69281
69274,119628
12634,1971
12634,77780
12634,66379
12634,2671
12634,9938
372874,192273
372874,59543
372874,280126
134794,118897
134794,325
78394,301
78394,122740
78394,110597
78394,164462
21274,146384
21274,69608
21274,43500
21274,240921
3518,385
3518,10
3518,22678
252398,93
252398,7627
252398,252395
108158,2280
108158,19027
53438,56280
53438,128373
53438,8747
53438,61503
160487,325248
160487,73485
160487,325251
160487,76165
160487,325254
314327,8417
314327,363284
145367,6971
145367,114041
145367,179944
111047,73213
111047,112196
207773,677
207773,35325
207773,35342
207773,11895
76253,1793
76253,53215
157133,88844
157133,122445
157133,30799
28493,65498
28493,74465
28493,30966
292253,53406
292253,85221
271379,3830
271379,100924
271379,3253
261299,261300
261299,8095
78899,48255
78899,100779
27779,37380
27779,6579
27779,96684
27779,144610
86339,8065
86339,29199
86339,6512
86339,138
17219,30000
17219,3795
17219,71717
100019,1837
100019,465
100019,1276
100019,203723
100019,45491
69779,82113
69779,222389
69779,96693
69779,163601
196740,677
196740,408
196740,233106
196740,3549
196740,189255
196740,317
37140,30841
37140,80174
37140,89559
69784,74281
69784,69774
69784,20751
69784,54209
69784,28060
14833,39748
14833,21386
14833,25260
14833,4479
90913,287071
90913,63123
90913,10267
90913,63202
90913,90931
238273,6951
238273,58583
238273,238268
238273,32398
238273,267301
320593,30230
320593,43948
320593,19148
320593,140884
116353,90913
116353,63123
116353,103563
116353,133046
116353,63202
71473,9901
71473,37761
71473,56425
71473,86361
85873,523
85873,235579
85873,352
136753,103659
136753,66342
136753,43905
136753,26686
26353,49905
26353,2459
26353,6370
146113,100918
146113,147203
146113,3014
267553,43544
267553,25007
267553,73744
267553,198520
267553,267550
160766,62674
160766,42375
160766,208874
113728,14670
113728,53599
113728,71236
101968,88
101968,160473
101968,101502
101968,131749
107968,161450
107968,33394
107968,18284
35488,30743
35488,7569
95488,10827
95488,142
95488,3131
31175,25398
31175,17665
31175,677
79895,59841
79895,34363
79895,91584
79895,26076
79895,66961
79895,26661
136055,179944
136055,10
136055,35553
136055,35600
136055,194297
207575,59377
207575,57994
207575,197281
179495,179507
179495,179470
355415,38249
355415,28097
355415,16533
355415,238586
51815,1840
51815,8755
112541,110117
112541,18595
112541,138
112541,57760
112541,677
49421,161330
49421,59841
49421,138
199901,74154
199901,77426
199901,172609
199901,3617
112781,38632
112781,39865
112781,8468
228221,25531
228221,61812
228221,2177
55907,120769
55907,206695
159827,52509
159827,97055
159827,3836
159827,104322
187667,35121
187667,14602
187667,79088
2147,13321
2147,1315
2147,333
147347,116353
147347,60526
342709,121515
342709,19153
342709,80848
57829,17507
57829,42497
57829,92603
95749,95650
95749,121062
95749,28798
95749,5733
173269,39524
173269,165298
173269,149811
173269,82983
362389,360460
362389,31936
362389,7592
362389,14376
362389,30934
72229,54197
72229,3505
72229,12185
72229,65378
21829,523
21829,45621
21829,41869
38869,352
38869,88
38869,977
109429,365
109429,7427
146630,39515
146630,107199
146630,33472
264950,76532
264950,21833
264950,208296
264950,480
199910,199913
199910,126738
199910,677
224870,53139
224870,232835
224870,219131
224870,337080
224870,136976
222230,119490
9110,308
9110,352
9110,1971
9110,523
21350,4085
21350,63605
21350,531
32150,101275
32150,6512
32150,64796
32150,8097
88550,232670
88550,99231
178316,75492
178316,70927
64796,6512
64796,64805
64796,8097
151436,160382
49676,16330
49676,52414
49676,3844
49676,45528
131276,408
131276,8005
131276,27250
131276,8122
131276,47192
29036,352
29036,677
29036,24009
181676,62215
181676,196630
181676,48178
181676,111680
74157,9456
74157,4101
284397,238289
284397,107334
284397,277328
284397,274
65277,47821
65277,64729
65277,123906
65277,16533
226077,1
3597,3666
3597,22153
85437,26753
85437,269876
85437,85431
85437,343051
85437,25172
83277,22602
83277,104852
83277,13265
83277,51243
48005,44022
48005,120408
48005,449
48005,21386
34565,352
34565,96648
34565,408
64805,138
64805,523
64805,36981
64805,3969
73925,69237
73925,138
73925,67736
77780,46590
77780,17507
82593,96648
82593,677
82593,253175
82593,134077
82593,36371
198753,3549
198753,352
197313,10299
197313,168423
182920,37341
182920,12949
310120,307360
310120,328630
310120,310123
310120,297880
65800,63509
65800,26498
65800,63364
230440,217968
230440,298355
264040,253487
264040,152901
264040,152915
191083,337774
191083,59520
191083,232262
191083,337775
9163,479
9163,39080
9163,9208
9163,1554
103249,2480
103249,100817
103249,88215
103249,208846
103249,36162
103249,188856
372049,266366
372049,3549
205969,179507
205969,287845
205969,286931
205969,313576
205969,123248
205969,354922
40376,40346
40376,39492
40376,39638
40376,65901
277976,1834
277976,5792
277976,220
100376,127039
100376,94810
100376,1031
100376,99645
100376,1793
293816,129905
293816,133835
200696,3298
200696,150720
200696,200697
200696,110597
73039,81143
73039,81144
73039,73038
113839,124147
113839,125702
113839,19148
52399,88
52399,26682
52399,122589
247761,343805
247761,88570
247761,276876
247761,303560
320721,77619
320721,155449
320721,15579
320721,180301
43763,69039
43763,6
43763,54203
43763,2696
43763,54198
323123,129563
323123,359910
323123,244159
14483,1426
14483,220
14483,24637
14483,7790
69203,68096
69203,69779
69203,160331
69203,118305
6323,4201
6323,628
6323,6544
122003,2676
122003,93
122003,132937
32723,6231
32723,23897
32723,12490
32723,96530
1046,1036
1046,1840
1046,5
66806,74843
66806,15263
66806,42
122978,151029
122978,183839
123938,52355
123938,72884
69698,187571
69698,65837
69698,28054
69698,69285
1059,88
1059,2363
1059,2778
107619,94810
107619,159520
107619,30360
107619,6431
6350,125395
6350,125350
6350,77994
6350,125363
138350,26230
138350,606
138350,22955
138350,37009
138350,88
35161,8398
35161,4201
78841,4201
78841,35827
78841,8398
73082,88
73082,352
73082,408
46205,12458
46205,38434
46205,335778
46205,12193
331325,301
331325,19159
331325,181848
331325,152506
331325,35345
331325,14662
193094,9298
193094,76919
193094,6438
42374,97341
42374,108995
42374,3211
13580,15361
13580,1190
13580,38311
13580,1315
339980,19904
339980,36660
339980,8077
339980,267310
224780,677
224780,6166
350060,30230
350060,62215
350060,373381
350060,111091
350060,301
23663,10944
23663,23653
23663,550
238223,11139
238223,138
20320,20332
110560,55291
110560,18107
110560,138
83213,39241
83213,127825
83213,142529
132173,677
132173,9797
132173,352
230573,123248
230573,287845
230573,101856
20813,408
20813,13643
61613,301
61613,61660
61613,76000
61613,36224
61613,61652
64027,70012
64027,385
64027,70018
64027,1426
64027,24565
230587,179507
230587,266857
230587,308858
53467,8755
53467,138
53467,39194
53467,14038
12189,4201
12189,9786
12189,666
12189,103549
171069,5686
171069,78549
171069,71094
171069,1767
52513,76988
52513,132088
52513,2868
52513,129434
171553,81132
171553,158103
171553,171550
19873,5676
19873,352
19873,2199
282435,289244
282435,421596
282435,248832
61635,18388
61635,36224
113955,130787
113955,30786
113955,13737
113955,113956
179719,21219
179719,2653
108679,10753
108679,115253
307879,84172
307879,106825
338599,76578
338599,7691
338599,34797
338599,138
153324,172488
153324,277966
153324,392891
257004,35376
257004,64173
257004,44446
257004,55951
257004,39124
257004,130421
342457,256373
342457,339895
342457,197476
342457,262250
7900,5605
7900,8898
7900,9746
7900,121444
7900,9754
266620,138
266620,205167
266620,6951
118783,8898
118783,220740
118783,1793
118783,1031
118783,9774
23747,138
23747,12440
23747,6231
130787,13737
130787,113955
130787,30786
1187,53550
1187,16501
1187,7445
102467,123936
102467,19148
102467,16533
102467,116785
96707,249
96707,2671
96707,138
96707,2854
172547,128466
172547,6958
172547,6971
172547,89556
288707,68913
288707,130118
288707,88
45347,1036
45347,582
45347,84628
52547,6942
52547,19956
52547,14045
52547,6
68867,17411
68867,68019
68867,68839
68867,15034
57355,10
57355,1971
57355,18052
57355,1205
136075,5005
198955,33601
198955,40124
30000,17219
30000,93
30000,30001
342960,352
342960,2250
342960,46590
342960,8158
342960,3979
29040,220
29040,167329
29040,167330
106805,3008
106805,2676
106805,88
106805,35140
4085,2787
4085,6405
4085,4094
4085,4075
4085,25359
93365,45621
93365,468
93365,42328
93365,127108
164405,2676
164405,9128
164405,138
164405,88
74645,8903
74645,59308
74645,46155
74645,43781
74645,37510
63605,1
2173,30181
2173,13520
74667,7781
74667,23194
266667,2918
266667,52851
266667,68736
266667,80829
151467,352
151467,51341
151467,1031
151467,13740
151467,12699
348267,10267
348267,58991
57867,290352
57867,8755
57867,68127
135148,190885
135148,65832
135148,68000
135148,221777
194668,69133
194668,116335
194668,189783
194668,135157
159148,100924
159148,132088
249400,38040
249400,104534
249400,247
249400,248
249400,3253
254680,42
254680,14677
254680,26040
51640,1
3160,50
3160,1405
3160,4449
3160,15822
54048,13520
54048,308
54048,138
54048,88
54048,5116
28128,57189
28128,87992
28128,56798
325248,26753
325248,88
325248,13811
325248,138
349734,189376
349734,39524
182214,105216
182214,5676
206694,55907
206694,103057
325254,383
325254,25388
325254,463
13744,4697
13744,34533
13744,58814
13744,86477
13744,138
13744,64908
116464,102086
116464,1398
116464,116467
116464,54476
73744,352
73744,227644
290224,297810
290224,157545
290224,207757
68944,66892
68944,239950
68944,88746
68944,67736
68944,15034
10864,338775
10864,8252
10864,6300
192317,205820
192317,206627
192317,171183
186557,156817
186557,96815
186557,123938
130877,275484
130877,149379
130877,160500
130877,82097
130877,127234
130877,73533
69919,68849
69919,68863
69919,90072
63202,52204
63202,58978
63202,63123
184162,112243
184162,82113
184162,104087
13765,49673
13765,88
13765,68939
42085,88
42085,4201
42085,8398
42085,1982
112165,138
112165,365
112165,10166
112165,145316
143845,34726
143845,88
143845,24459
143845,131081
105445,52996
105445,37618
105445,78752
76165,109628
76165,88
76165,128770
76165,70549
76165,69237
238885,122123
238885,317982
238885,164129
71372,283989
71372,70573
71372,272083
71372,12185
71372,160494
80492,202015
80492,80467
80492,106125
305612,303120
305612,372199
305612,412937
305612,101522
15692,88
15692,116025
15692,113944
96812,33472
96812,31337
96812,59945
96812,96815
40652,289913
40652,350244
262412,32717
262412,24543
262412,88
262412,12462
132332,223713
132332,54486
132332,151478
132332,180781
127533,128623
127533,96513
127533,96530
108813,153858
108813,21493
108813,16268
108813,21504
239853,357735
239853,199938
239853,239851
239853,93481
239853,239854
46896,46615
46896,181554
46896,143680
313776,52877
313776,156876
313776,135185
313776,36436
313776,88
31056,15138
31056,10832
31056,15185
18576,21710
18576,994
18576,47376
9456,9731
9456,4101
9456,4075
9456,20798
39224,142519
39224,7691
39224,197883
39224,138
141475,117101
141475,236516
141475,352
141475,49828
141475,44401
300835,294727
300835,225087
300835,282433
310916,30799
310916,46370
310916,228152
106916,49564
106916,43583
106916,62657
20516,60674
20516,619
20516,27647
20516,1837
20516,12281
20516,11022
62282,110397
62282,13740
62282,49915
273962,374378
273962,268964
273962,187401
273962,374467
251402,19159
251402,26201
251402,352
106442,147975
106442,138
106442,90213
170762,6014
170762,138
170762,38234
74282,11881
74282,67736
74282,138
191405,78766
191405,507
191405,29452
191405,12929
191405,49567
11405,17507
11405,40447
47419,83524
47419,58914
47419,19350
47419,103718
47419,511
66139,93
66139,158800
66139,301
97819,13244
97819,138
97819,3308
235579,304467
235579,85873
235579,132535
21983,9278
21983,31152
21983,3549
21983,46590
21506,4201
21506,5820
21506,81211
21506,6162
21506,408
59440,977
59440,34360
59440,59444
13841,11998
13841,17175
13841,63619
254321,50080
254321,193578
254321,56399
254321,7569
232721,6971
232721,56860
232721,401704
232721,280165
68081,138552
68081,78242
68081,68083
68081,154750
8081,93503
8081,43408
7136,38599
7136,132491
7136,22153
7136,138
35456,16456
35456,96636
35456,6951
35456,65498
35456,130924
252416,3979
252416,217968
252416,298355
46976,65585
46976,188084
46976,121157
46976,23519
3776,3762
3776,85221
3776,22742
15776,98973
15776,3549
15776,88
15776,8398
153057,88
153057,192463
18657,308
16737,101922
16737,1935
333060,299323
333060,296084
333060,286042
287460,59541
287460,60798
36426,98791
36426,54161
36426,63528
36426,72949
110346,101856
110346,124850
110346,159853
110346,132781
70506,65816
70506,54197
70506,106297
388746,67792
388746,337247
388746,180732
154993,74843
154993,168378
154993,46604
154993,74844
2353,16981
2353,7937
2353,352
76280,55804
76280,1426
76280,138
76280,251682
231800,362985
231800,37490
231800,57260
231800,231797
227480,66605
227480,66620
227480,16351
71000,36669
71000,18107
71000,18079
71000,4201
71000,20386
116125,30230
116125,14648
116125,33651
116125,4893
116125,4910
250525,138
250525,109724
250525,61221
110365,172591
110365,133775
110365,20740
110365,301
110365,195598
34045,21605
34045,12344
34045,124337
34045,12366
34045,6231
54209,250488
54209,77068
54209,70549
152129,81159
152129,54207
152129,15034
168929,181144
168929,146120
168929,111608
168929,103227
272619,146258
272619,97181
272619,304570
17739,352
17739,36660
17739,10726
17739,46590
17739,22678
17739,61058
17739,8005
58539,56680
58539,187799
58539,245407
58539,134650
58539,35332
129579,19148
129579,3858
129579,52509
309579,309574
309579,225087
309579,282434
57100,26076
57100,173046
57100,121714
32155,8045
32155,8077
168475,168478
168475,1274
168475,57354
168475,29616
