2304809,217244
2304809,70253
1498834,4875348
1498834,7051
3470054,4178756
3470054,40440
3470054,3470052
3470054,4227410
5559217,1424
5559217,121193
5559217,1148993
5559217,4018
5559217,3034257
4631469,8765695
4631469,5454116
4631469,4659515
3424574,3111017
3424574,8765658
3424574,9065554
702397,4558530
702397,1438320
4057169,4050075
4057169,4343637
1042949,83779
1042949,256955
1042949,1381663
1042949,3039347
1042949,70253
1680554,71968
1680554,47344
1680554,194943
4236977,4236976
3919737,258876
4224317,1323276
1192557,1176649
1192557,670438
1192557,1331141
1192557,48915
5885697,1202400
5885697,2041453
5885697,97173
2303857,70253
2303857,1535371
2303857,217244
3111017,3054698
3111017,4406805
3111017,1769451
3428519,3417830
3428519,3174444
3428519,4631469
1312219,576780
1312219,1312217
1654479,621804
1654479,3402
1654479,739758
195899,16013
195899,43129
195899,195167
5421029,5437781
5421029,897423
69009,626842
69009,185365
69009,1015734
3446169,1290555
3446169,925418
3446169,2504345
43129,931996
43129,4713950
43129,4080737
43129,53767
1176649,3229934
1176649,4875227
72709,9822970
72709,3206587
72709,3212640
72709,2773384
565734,626842
565734,629944
565734,195167
534,2831267
534,10781036
1293434,32571
1293434,53767
1293434,3387261
1293434,195167
1112774,4073297
1112774,1071982
1112774,1516606
4171634,8897816
4171634,8800539
4171634,8820340
4171634,572129
3948694,5380549
3948694,4233113
3948694,8764922
3385034,681670
3385034,10918271
3385034,1485253
3385034,1518004
3385034,7375
125577,8473752
125577,1087255
125577,572000
3417,6565450
3417,53767
3417,32571
262837,53767
262837,2831267
262837,5475141
1456397,13950
1456397,1433365
245477,2527317
245477,9939075
245477,140385
245477,2991896
245477,3557666
4343637,9884201
4343637,4349150
4343637,4636029
4343637,8765695
552217,408124
552217,3010366
552217,32405
552217,47250
18097,11109045
18097,581565
1312217,535771
1312217,1768638
1312217,90259
1312217,190319
83779,6735492
83779,1042808
83779,13950
698539,741735
698539,4558434
698539,3244352
698539,160185
545199,7030119
545199,2497003
545199,13950
545199,3064296
2339,1951077
2339,1850197
2339,444485
1191839,3480088
1191839,3332872
1191839,13950
1191839,4043402
90259,70779
90259,7496
90259,119446
1870719,8770017
1870719,8765167
1870719,4659515
4143129,3054698
2121789,9873278
2121789,4256448
2121789,4257470
4636029,4631469
161349,259620
161349,626842
161349,153415
161349,7235011
161349,194943
161349,288616
41429,71968
41429,20194
41429,654945
1355429,3887
1355429,1070436
1355429,68961
1355429,16252
5143889,5421029
5143889,1349110
6628269,46562
6628269,6528612
5380549,2444768
5380549,97050
793029,3402
793029,1656168
793029,89404
793029,7496
2466009,20680
1834169,445816
1834169,195167
15889,1124841
15889,774681
15889,205767
15889,374689
572129,992925
572129,4171634
572129,1535077
18154,6565450
18154,4186764
17774,4629589
17774,1656168
17774,4122561
17774,195167
1020914,90259
1020914,2624538
1020914,130155
1020914,62154
1020914,4000297
4558434,698539
2078794,2056630
2078794,1132985
2078794,605419
3229934,1496625
3229934,1176649
3229934,4050075
1015734,4018
536854,739758
536854,536811
414354,2764636
414354,606646
414354,4406805
625914,2397063
625914,3402
625914,54476
625914,1175194
1495337,648560
1495337,9185478
272737,695480
272737,144649
4080737,43129
4080737,1381805
4080737,16013
5699737,1456397
121157,913203
121157,195167
121157,92173
8517377,6623784
1929777,113620
1929777,45484
4073297,3922324
4073297,1140346
4073297,5987938
1629457,3400923
1629457,946705
1629457,7790603
1629457,34607
8573257,2134773
1850197,951427
1850197,71968
1850197,16013
140417,27040
140417,517415
140417,697507
1951077,650744
1951077,573848
1951077,619142
4527437,739758
72537,1528223
72537,1518987
72537,53767
3437297,3435233
1188599,1188748
1188599,1187020
979719,2274152
979719,3327620
979719,1332536
979719,8765288
70779,79066
70779,95845
70779,90259
70779,13650
70779,59096
70779,8872438
734759,3897159
734759,3364
734759,420756
734759,420180
3030619,6533845
3030619,207889
3030619,2474515
744019,46115
744019,3402
744019,5437407
744019,3887
744019,28461
2238339,512102
2238339,3402
2238339,1452959
295379,510652
295379,96648
295379,131212
7030119,545199
577619,90259
577619,1493801
577619,744928
577619,32182
577619,2702152
577619,1084499
1610499,456022
1610499,54476
1610499,3407072
1668279,507890
1668279,621666
2176109,1292070
2176109,427702
1172609,1293434
1172609,195167
1172609,5884496
6618449,39365
6618449,6575032
6618449,2280612
6618449,1150007
6618449,3144027
472449,5993506
472449,20256
472449,8764421
472449,39365
4078409,9982719
4078409,8767812
4078409,1865065
4078409,299092
451909,714181
451909,8770168
451909,705418
17389,1861699
17389,53767
17389,32571
545089,1329059
545089,6536672
545089,3064296
207889,2818592
207889,4042323
207889,92325
207889,3029662
72169,195167
72169,1087255
72169,5384246
72169,6716367
72169,6692227
26849,1353273
26849,6565450
26849,2831267
26849,5475141
508429,8779491
508429,3269729
508429,1316198
1780109,151885
1780109,25768
1780109,16147
1780109,39895
374689,2874320
374689,4042323
374689,2334190
6830009,8890288
6830009,8434234
6830009,11248307
6830009,3905667
6830009,2897783
207909,7281115
207909,29862
207909,7399338
207909,10722499
207909,6814367
549349,460266
421789,252887
421789,8923135
421789,3212598
421789,93503
5555949,2702152
5555949,8776255
5555949,3377190
5555949,7690909
37589,61953
37589,2697528
37589,2445105
37589,62154
6537029,1329059
144649,90259
144649,8767492
144649,8766797
645049,1015734
645049,111498
645049,111415
645049,2207942
103149,11305066
103149,10652152
103149,666152
165134,1690101
165134,1690045
165134,5469
1835814,427594
385294,1764497
385294,1031474
385294,3245485
385294,1518987
385294,4270693
34194,7453971
34194,423407
7646974,4109851
7646974,8908307
7646974,8292403
4143454,39365
4143454,401393
169514,8765658
169514,2595828
2426894,628228
2426894,3348066
2426894,1292361
1175194,625914
1175194,728167
1175194,7516476
423994,59913
423994,90259
423994,8888781
237634,216829
237634,4009390
237634,66732
237634,3478031
20194,62232
598234,8766797
598234,4040675
598234,212758
48094,6925181
48094,10676073
2980894,1893300
2980894,262890
2980894,5332031
4444154,295835
4444154,8768033
4444154,1438320
4444154,8781059
70174,194943
70174,43835
70174,654945
62154,2697731
62154,76652
62154,33099
429194,1353273
429194,2831267
429194,444485
6769617,7110948
6769617,2280657
6769617,7634452
1208897,7814415
1208897,8780941
46697,1239491
46697,429236
46697,572000
46697,8789176
56077,1087255
56077,402826
56077,1353273
376677,198990
376677,1872172
376677,90259
376677,101856
995017,451075
995017,119067
995017,2341
995017,8764922
107037,5475141
107037,1847796
107037,1343612
3034257,1023204
3034257,4042323
3034257,5890864
3034257,8767935
5535657,3066203
5535657,10410289
5535657,3009257
5535657,10410309
729937,400861
1492397,1493801
1492397,954946
1492397,2347821
160617,9766234
160617,1581315
160617,8817649
1535077,6643535
1535077,97857
1535077,6642778
1535077,3350321
6919577,1957638
6919577,186348
6919577,8620488
6919577,479657
147477,194943
147477,20256
147477,3905338
147477,267753
147477,7429925
136897,85756
136897,16137
136897,1576647
136897,248315
890677,57284
890677,5101974
890677,1415379
890677,8964122
134217,69009
134217,654945
134217,3387521
5476397,258589
5476397,230447
5476397,2427543
5476397,1513133
4000297,131882
4000297,1020167
1783557,613859
1783557,8825682
1783557,8393013
1861699,17389
1861699,7790603
1861699,1178319
1861699,1340935
781159,121335
781159,8766797
781159,2963505
781159,1328462
25659,185365
25659,3907919
25659,4186764
1222759,4993566
1222759,1834169
1222759,537352
644739,9316979
3438399,8849918
3438399,4042323
3438399,1177529
3438399,3905667
1452959,4701523
1452959,2238339
1452959,71968
1452959,1803534
1452959,1172493
1452959,7635906
876299,90259
876299,1835814
876299,18178
876299,29424
876299,272737
1843759,1735242
1843759,90259
1843759,208333
605419,2079000
605419,2078576
605419,116294
605419,2078946
4851079,4851091
4851079,8781059
4851079,295835
4851079,4042323
4851079,8767492
1528439,1366920
1528439,16466
1528439,212402
1528439,9576300
1329059,1628997
1329059,5716314
1329059,5884496
513679,39365
513679,4042323
513679,158814
838899,12852
838899,86810
838899,90259
838899,561417
838899,1835814
3897159,11060495
3897159,5820287
3897159,11060508
3897159,1233445
923779,39365
923779,1290555
923779,1290549
526259,9157384
526259,53867
526259,64164
8447659,47604
536829,700167
536829,1663167
536829,536850
422009,694931
422009,8766797
422009,9185248
422009,8767493
3269729,1290918
3269729,3463944
3269729,4018
3269729,45484
8267989,2632270
8267989,681819
4629589,2836105
4629589,20256
4629589,2151100
4629589,9435811
4629589,39365
4670789,3349289
4670789,963056
4670789,5421029
1848189,3402
1848189,18154
1848189,6806579
1848189,4669667
4403209,4112135
4403209,739328
4403209,3174444
228189,7637
228189,427564
228189,24012
228189,556177
7690909,5988356
7690909,7690251
7690909,4908817
1019629,1629776
1019629,45687
1019629,45690
210729,6810742
210729,598365
210729,1208690
1290549,841734
1290549,923779
1219189,150993
1219189,90276
1219189,122397
1219189,3204407
1293209,951427
1293209,195167
1293209,92173
1293209,69009
1177529,1177525
1177529,3905230
1177529,1314163
4196049,456022
4196049,1382473
4196049,262837
4196049,269788
6609909,32405
6609909,547572
6609909,913362
6609909,15744
4124469,4124170
4124469,2277763
4124469,7634334
4124469,4043402
3386589,47344
3386589,3417
3386589,69009
3386589,16013
5951609,445816
5951609,160061
5951609,4193934
1022209,654945
1022209,269788
666109,3342945
666109,117602
666109,165134
666109,262837
666109,72413
4398949,161090
633569,2389598
633569,632988
2844949,992925
5469,1227544
5469,165134
5469,1340935
5469,662504
258589,2614460
258589,1360413
258589,185365
258589,2823617
258589,1087255
3390909,2136
3390909,7292441
3390909,630439
3590454,238898
1803534,430043
5716314,2341
5716314,1329059
5716314,10735333
386234,651415
386234,421648
386234,47164
383874,671304
383874,8969713
383874,3896241
383874,90259
7293694,7293095
155474,144708
155474,155016
5101974,1349110
158814,2622026
158814,643481
158814,551768
158814,621804
4571534,1541999
535754,72709
535754,453966
535754,563276
5408414,2056630
1188514,229355
1188514,1187020
1188514,117112
1188514,5914783
1031474,262890
1031474,385285
1031474,7496
787234,4417858
787234,4635494
787234,4948075
787234,4208980
1495514,71968
1495514,195167
1495514,39365
4013874,4121758
4013874,4908817
4013874,4012070
3439374,1196879
3439374,5890996
3439374,4843736
3439374,1646842
78834,9441990
78834,131212
78834,227522
78834,242642
78834,5807486
425514,451879
425514,16890
425514,424531
69554,665992
69554,90259
69554,148147
1570614,536844
1570614,536850
1570614,697477
1570614,700167
40474,429236
40474,673206
40474,2622425
40474,3435195
40474,16216
7132574,7120134
8434234,1074072
427594,1835814
427594,115150
427594,1191063
6540014,1035731
3384754,1381805
3384754,16013
3384754,69009
3384754,284688
133094,2831267
133094,185365
133094,1850197
133094,7061026
5990454,5988442
3390317,195167
3390317,269788
97857,195167
97857,951427
97857,16013
37497,61953
37497,61670
37497,90259
37497,62154
4072917,3922324
3402277,983440
3402277,2363153
3402277,4013874
1161997,2168645
1161997,226967
1161997,1377203
1161997,444842
1161997,16619
1161997,1515721
3266557,3364
3266557,1291739
3266557,2602808
3328077,48094
3328077,1536678
2723737,994515
2723737,141222
28337,1240501
28337,231466
28337,62402
2561177,117961
2561177,70701
2561177,28882
618837,5332066
618837,2831267
660017,2247775
660017,3402
660017,54476
660017,40415
1939857,14735
982057,379383
982057,379807
982057,2697731
982057,89068
982057,1867258
16137,23803
16137,70779
16137,5773
621297,16013
621297,195167
621297,654945
584597,238898
584597,59105
584597,35281
584597,534
889497,47250
889497,16013
889497,675911
889497,91696
889497,267289
2280657,1513133
2280657,5716314
2280657,5884496
4073017,7623415
4073017,7926869
4073017,3922324
561417,84226
561417,696798
561417,147055
561417,480612
1628997,1829866
1628997,1559749
1628997,1329059
282037,101251
2778617,575584
5865977,3174444
293077,294603
293077,292220
1498657,3402
1498657,264408
1498657,37213
1498657,92173
1498657,16013
5716817,982276
479657,1012010
479657,54603
479657,6919577
3404417,4382455
3404417,4387119
696517,22185
696517,8959728
696517,1875889
619137,195167
619137,630439
619137,456022
433077,16013
433077,269788
433077,455843
433077,1230511
2527317,245477
2527317,150663
2527317,2312145
55377,1249658
55377,18154
55377,3185
55377,120076
129379,4195942
129379,8809340
129379,572000
4042419,4039526
1143379,24963
1143379,72537
1631339,45525
1631339,45029
1631339,45402
16619,2321511
16619,2884985
16619,1161997
113159,99075
113159,23297
113159,211154
4679819,4679422
3341859,194943
3341859,76652
3341859,1148993
3492939,3403
3492939,443687
3492939,2323
3492939,2339
681819,1329059
681819,4243803
717999,109871
717999,424140
717999,16890
1415379,1349110
1415379,1381663
1415379,2443565
1415379,45484
1236439,376904
241559,23074
241559,451909
241559,451939
241559,5773
4679779,4679422
33099,61794
33099,61953
33099,62154
3897539,3364
3897539,653968
3897539,3285361
909079,2700893
909079,706100
909079,5484800
909079,1140718
909079,149475
3428159,8802555
3428159,13950
3428159,7187482
613859,1783557
613859,404810
613859,101820
3384159,47344
3384159,54476
29299,535457
29299,346560
29299,2043992
2706959,62177
2706959,29770
2706959,5068
300979,1258844
300979,1790400
300979,1464838
300979,26445
391559,62154
391559,8781996
391559,391606
3227859,4450029
3227859,1393204
3227859,443723
3227859,13911
3227859,262892
620759,3278172
620759,3391746
620759,1443960
620759,195167
6902699,284687
397839,951477
397839,285761
397839,10540528
1545509,8762941
1545509,18178
1545509,2341
1545509,28936
430609,618544
430609,653771
430609,99625
430609,2779523
3291389,1020167
3291389,783394
1167329,2093232
1167329,1329059
1167329,402840
11929,382079
11929,402840
11929,402012
11929,25695
11929,402826
630809,194943
630809,535771
630809,8765658
630809,8544325
91789,53767
91789,2363940
91789,1502641
91789,1852418
91789,444485
576129,9501669
576129,2359091
576129,561474
1517129,2314610
1517129,5950744
1517129,613990
1517129,2960548
7926869,5977995
7926869,9209558
7926869,7927107
7926869,10021071
188289,2631155
188289,726700
188289,2631177
188289,1500168
155769,379096
155769,125891
103389,1850197
103389,3429627
103389,6533084
103389,6618412
4450029,3364750
4450029,3227859
4450029,6731864
4450029,3365793
4450029,1053164
4450029,565626
2526769,1124438
2526769,1288141
3176369,9814625
3176369,8767492
3176369,1182752
1084289,9041218
1084289,239126
1084289,24482
1084289,1084311
1084289,29862
267289,1087255
267289,1850197
267289,2831267
26409,2114883
26409,2001213
26409,904317
4078169,4042323
4078169,8769572
4078169,10670595
4078169,335706
2362309,2362378
2362309,5889402
6156909,5994113
4051149,4050075
4051149,385294
4051149,3365969
3349289,621297
3349289,2646424
3349289,16216
3349289,620759
3349289,8752559
128469,2830148
128469,8765658
45029,8765103
45029,1631339
45029,184594
45029,84540
603749,603836
603749,13950
3117289,5903570
3117289,5904549
3117289,3351223
3919009,3402
3919009,746183
3919009,217798
1875889,60679
1875889,451939
912989,9351470
912989,9929
912989,101814
912989,8911807
912989,1700607
1807549,121781
1715969,21624
1715969,2830148
1715969,9029929
1715969,8914586
1715969,5008275
2880969,4375086
2880969,8121005
2880969,52828
218509,8780824
218509,59913
218509,4042323
3985374,2336
3985374,294449
3985374,9107600
1348154,67165
1348154,1348208
154714,8866866
154714,401083
154714,401068
154714,90259
4671674,10001
4671674,618837
101374,718880
101374,52828
101374,714181
280514,1505445
280514,8783560
280514,3165690
954914,52828
954914,8774998
954914,2018550
954914,239726
211154,8766797
211154,8914447
211154,113159
211154,8826517
841734,1290549
841734,7375
452534,132005
452534,39365
452534,579209
452534,579450
2997194,1180034
2997194,9877996
2997194,9878011
2997194,3315775
2997194,8814089
45614,1178826
45614,1477408
3141134,1960098
3141134,572000
1677554,223328
1677554,1081876
1677554,4009173
232214,8766797
232214,1721384
232214,184594
187814,671304
187814,571931
578174,5331020
578174,8592925
578174,1329059
578174,9597316
23074,1019090
23074,241559
23074,2674501
5385534,6895464
5385534,16619
2940534,29299
2940534,29424
2940534,90259
116294,600137
116294,654945
116294,195167
116294,1132128
41894,66732
41894,41646
41894,1393386
3238194,111803
3238194,503981
1331854,258507
1331854,1208135
1331854,4224902
1331854,1283125
1336634,1140487
1336634,1342749
1336634,914319
512194,10320211
512194,20256
512194,755852
697394,1299946
697394,101856
697394,9102542
61794,3360473
61794,33099
61794,2697532
61794,4164932
575214,111498
575214,111415
575214,111056
4193934,5951609
4193934,3417
4193934,119478
4193934,619395
4193934,16013
4414474,9030425
4414474,186348
4414474,7375
7120134,7132574
7120134,9091151
7120134,2613427
7120134,963074
4210097,579450
4210097,94703
4210097,39365
600137,9426069
600137,52828
600137,567932
404377,8925846
404377,2670972
404377,2668917
2529617,1583171
1232977,8960664
1232977,198990
1232977,1233371
1232977,9090563
1232977,1233413
1232977,9090589
492897,9712004
492897,3384159
492897,3356216
492897,741277
492897,3340116
1750197,1750318
1750197,4079057
1750197,1623900
1750197,1750277
1750197,1197066
1883617,2825426
1883617,1950205
1883617,3315073
1883617,8769533
1883617,1939857
521377,39365
521377,8765103
521377,3204818
521377,4007675
521377,8942126
23297,1444808
23297,1584287
23297,1840544
1978097,3166139
1978097,8776287
1978097,8764421
1978097,229802
1978097,2625286
1872797,25768
1872797,1753610
122397,1349056
122397,8840977
122397,15874
122397,60426
122397,1219189
1455557,16466
1455557,195167
4908817,7690909
4908817,7880267
4908817,10960739
6825797,1329059
6825797,569359
6825797,1628997
7637,1178826
7637,293416
769037,8860835
769037,8818091
769037,1238253
769037,8768921
769037,7481889
1504737,1450
1504737,404810
1504737,47164
1504737,89404
1504737,1381663
386077,3403
386077,243556
386077,53881
386077,131882
951477,990842
951477,47164
951477,901605
951477,3010366
1161077,3054608
1161077,1506576
1161077,3402280
697477,707020
697477,2257974
697477,205680
697477,272737
697477,109851
4123657,1518994
7647017,7677090
7647017,5465615
7647017,7675927
7647017,7677526
5501897,8898488
5501897,1219070
5501897,5501962
826857,8817649
826857,8799766
826857,291199
826857,8786121
826857,9008986
729657,400861
729657,67318
729657,198129
3719797,1329059
3719797,2066528
3719797,6893786
3719797,8789176
197997,1755442
197997,5965271
197997,1512092
674817,667832
5170617,5172697
5170617,1366920
5170617,9576300
1025117,1196412
1025117,1168090
1025117,2894691
1025117,39365
1025117,7202490
1025117,2151100
1610797,8767492
1610797,1018575
1610797,18020
1208557,11159804
1208557,8339138
535457,125110
535457,8776287
268317,8604068
268317,288616
268317,195167
268317,619479
62177,3072419
62177,2706959
62177,62154
116817,1834169
116817,7279836
116817,256955
116817,7425223
2080337,195167
2080337,11042705
2080337,3384159
2080337,3400933
2080337,1870756
44057,185365
44057,4210226
44057,272387
1127497,8765658
1127497,52828
1127497,694931
2823617,94160
2823617,1629776
2823617,119446
2823617,1745699
451879,1606583
451879,425514
451879,1547407
451879,1547152
6806579,1829866
6806579,1848189
4566019,7391195
4566019,4688015
4566019,2098989
914319,1336634
914319,39895
914319,2339
914319,255142
914319,912648
1541999,1219189
1541999,8765658
1541999,891006
54999,194943
54999,94590
54999,195167
152139,8765288
152139,2396031
152139,426605
152139,1310487
1194699,71968
1194699,79647
1194699,2136
1194699,1128617
8657299,8762970
8657299,4077986
8657299,675573
451939,8780760
451939,2003146
451939,714181
451939,205729
257959,919628
257959,386249
257959,1230106
60679,789486
60679,59913
60679,179976
60679,3042072
4387119,8765695
4387119,2702152
4387119,561584
4387119,4387172
2185299,1485124
2185299,6507544
2185299,4843915
4065639,11228927
4065639,9193918
4065639,11206830
4065639,1444372
4167299,8766442
4167299,4167302
4167299,8786251
8079,53767
8079,1149365
8079,10509276
8079,2614460
1196879,1025117
1196879,161635
1196879,3439374
2321219,3417
2321219,16013
2321219,18154
22619,101856
22619,10436458
22619,10436473
22619,2706226
22619,2070981
22619,253101
1445619,718880
1445619,1445728
1445619,218640
1445619,8773880
2641459,2769484
2641459,37486
2641459,2697731
14699,1606583
14699,3165690
14699,1715379
14699,116144
4109139,1020266
4109139,3362327
630439,227522
630439,16466
630439,3407989
152879,788609
152879,188116
152879,789486
152879,121335
22299,2284836
569359,1328494
569359,37213
569359,28958
700219,3244794
700219,4558475
700219,4838805
700219,5597931
2842559,29599
2842559,4230367
2842559,2721552
2842559,3066495
2842559,3386983
5497659,5497636
1291739,195167
1291739,567830
1291739,3266557
1291739,1499051
654939,989710
654939,24501
654939,444716
654939,670438
654939,1190895
97279,101856
97279,115927
97279,12928
600959,601068
8337309,194582
8337309,48915
1316109,402689
1316109,129633
1316109,129632
1316109,109418
2098989,4566019
2098989,998701
2098989,32182
2098989,8786466
2098989,52828
7062669,1329150
7062669,3679310
116289,8783337
116289,1087255
116289,10015861
1342749,456022
1342749,4114793
1342749,3417
1342749,195167
7690409,5988356
7690409,4908817
7690409,7690251
3407989,3407934
781009,1626252
781009,10322414
781009,9013865
1369969,129131
1369969,4631469
1369969,129044
1369969,729716
2399509,195527
2399509,402369
2399509,1666523
2399509,850241
5362909,4195035
5362909,8767493
5362909,386234
5362909,7761041
5362909,13520
5904549,3117289
4520089,4520081
7481889,1888853
5351589,447806
5351589,561845
1958009,379675
1958009,287255
1958009,896673
1958009,197860
1379589,3422929
1379589,398358
1379589,3369909
1505849,47344
1505849,262837
294449,15391
448429,448283
448429,447806
448429,705211
386249,979719
386249,79914
386249,43835
386249,5479602
205729,651688
205729,451939
205729,984233
205729,60679
205729,1147472
221469,643481
221469,405908
221469,1067632
7640149,7637564
193969,3278172
193969,1095888
193969,16013
193969,24963
2098689,424531
1547229,2934385
1547229,1039624
1547229,154292
1547229,451879
5329,112165
5329,468
5329,152354
6937369,7646974
6937369,134729
3365969,8808911
3365969,8779221
3365969,3229508
3365969,3365793
4803789,374734
1174089,2103552
1174089,125353
1174089,444123
788609,1130053
788609,152879
5416609,5416573
579209,253327
579209,452534
198129,897136
198129,59913
198129,39993
198129,1563701
198129,896213
93949,9519355
93949,90259
93949,665992
93949,8770017
595249,11231751
595249,8607648
595249,8592925
595249,11232042
54889,1353273
54889,2831267
54889,1087255
4853029,517524
4853029,391136
4853029,3463944
3329409,38436
3329409,3335515
3329409,259989
1624429,45687
1624429,19836
259989,429236
259989,447203
259989,3330559
259989,3331470
259989,3330113
98209,2958105
98209,79066
12689,1487253
12689,12604
12689,143837
12689,22427
948289,7380329
948289,38993
4864149,635810
4864149,1143112
4864149,4629589
418389,34194
418389,98209
6820914,3898402
6820914,6618449
6820914,6535782
561474,76652
561474,1212468
561474,3402
561474,1106710
1124114,1528821
1124114,203456
1124114,550093
1124114,485626
1124114,8121005
222754,195227
222754,3498174
222754,129379
222754,179076
640254,377668
640254,16890
640254,5773
640254,147658
3244794,4227869
3244794,8768033
3244794,1029887
418594,8766797
418594,90259
418594,186931
418594,59913
418594,376913
3434754,6707390
3434754,6740471
3434754,6686208
3434754,1806488
3434754,444485
3434754,7409998
226494,221427
226494,1235969
226494,226215
2315574,1800161
2315574,68418
963074,1064493
963074,3498174
963074,1064492
3386394,292862
3386394,796663
3386394,241998
3386394,411210
783394,9464775
783394,2894691
783394,788973
7293094,7292441
417634,419833
417634,417761
79914,242642
79914,130504
79914,244066
79914,39365
79914,386249
5768914,7735881
5768914,667767
5768914,15744
676234,76652
676234,1628997
7690374,4908817
7690374,7690251
134894,22792
134894,888042
134894,150050
134894,195167
1328494,569359
1328494,13950
1328494,9156981
1328494,1288152
997534,780668
8344774,429311
2130814,489974
2130814,397922
2130814,2611751
19254,20194
19254,23297
2607994,1693
2607994,418636
2607994,3493
2400934,4445494
2400934,4444086
2400934,4444044
2400934,4446735
184594,148737
218134,2478949
218134,4023345
1378634,3887
1378634,194943
1378634,149505
1378634,18154
1378634,3402
233734,253507
233734,233643
233734,39146
3565934,644300
3565934,5561212
3565934,1878778
603814,603749
5568714,481503
2560954,55124
2560954,3345359
2560954,70701
2560954,4018
231374,32291
231374,401461
231374,46643
231374,243556
3365634,4666132
3365634,2477570
3365634,2900010
3365634,1720048
3365634,4666136
2073974,167780
2073974,20826
412674,918819
412674,187924
412674,23074
301794,3400923
301794,294603
301794,119446
15874,194024
15874,231466
15874,69554
15874,22861
2253874,8765658
2253874,1208986
2253874,395823
1277774,81379
1277774,109871
2325134,455843
2325134,2339
7635834,6816985
7635834,1222838
33234,575849
33234,639496
33234,194024
187974,107928
187974,186623
14754,7187033
14754,59913
14754,113956
14754,3165690
8421394,2058398
8421394,6623784
924554,1223810
924554,3307591
924554,704849
924554,94955
2236834,69009
2236834,16013
2236834,7527781
1518994,1329059
1518994,39365
1518994,9576300
2775894,825595
2775894,142618
2775894,7420159
495394,92173
495394,69009
495394,76652
495394,294603
495394,7790603
33214,2107276
33214,9698768
33214,121335
33214,8788848
626654,1311341
626654,72413
626654,69009
626654,269788
1886554,4120089
1886554,4652
597074,596537
597074,40883
597074,41001
1123494,1050818
1123494,39365
1123494,694931
1123494,90259
1123494,1458998
548254,160617
548254,1377203
548254,36290
548254,1515123
3924617,39365
3924617,78388
3924617,76578
3924617,8838437
582837,253327
582837,4082263
1333037,195167
1333037,71968
1333037,92173
1333037,269788
672617,667832
672617,534
672617,7813755
672617,20347
5172697,5170617
5172697,1349110
424617,7496
424617,16890
424617,146694
424617,232214
3298617,5987908
3298617,54476
3298617,2247775
3298617,3071686
3298617,119478
1047597,3922720
1047597,480200
1047597,626186
1047597,834808
1196517,1025117
741277,4765292
741277,492897
741277,282628
417177,594892
417177,2041453
417177,432332
417177,34194
417177,8657299
1750277,1750197
1750277,5662790
1750277,4082263
5714157,5480702
1852557,1140718
1852557,18154
1852557,269788
1852557,16013
6986737,2041453
1309557,46643
1309557,89404
1309557,1706368
600997,7496
600997,600959
600997,380208
600997,534
2631177,188289
2631177,4025874
1311657,267289
1311657,16013
4453297,3365793
4453297,8767492
4453297,10110715
4453297,10110733
3223777,267289
3223777,3482070
3223777,440275
3223777,3402
5958297,1539411
1669017,267705
1669017,1668761
1669017,5740620
1669017,44098
1669017,4706678
5979597,3400923
5979597,4121758
5979597,2041453
3327997,547572
3327997,1536678
3390677,3402
3390677,1377203
3390677,15744
5043057,1735242
5043057,1776309
5043057,11033386
5043057,11033394
904317,375352
1043877,14737
1043877,262837
411157,53357
411157,535921
411157,61556
4416117,2136
4416117,3417
6719957,133331
1642477,97173
1642477,25442
1642477,1115198
1642477,2056174
1642477,1629776
8648577,8646807
402577,54576
402577,402689
402577,25288
402577,11929
402577,1629776
2668917,404377
2668917,435741
14737,3002590
14737,620759
14737,121157
1070697,1070722
1070697,1070684
3396437,117958
3396437,1291486
3396437,25442
3396437,18101
5571537,125110
5571537,8765712
5571537,8764922
2099417,699316
2099417,102914
2099417,424531
935857,40415
935857,604602
935857,72413
935857,6823765
1128617,8799766
1128617,94703
1128617,1283307
1128617,1211561
48037,92173
48037,1443960
3430437,672712
3430437,3430485
3430437,4208980
3430437,7496
3356197,431785
3356197,3039347
3356197,134729
3356197,3240593
1040359,3320745
1040359,4114793
1040359,3437982
4212599,46951
4212599,9001837
4212599,1510195
4212599,7077085
1084459,1866871
1084459,917430
2137419,3830
2137419,46232
2137419,47350
7943299,5988356
6514319,203356
2422359,451664
398059,195167
398059,16013
918039,8766905
918039,90259
918039,39365
918039,220688
5398459,47575
5398459,46115
5398459,955727
5398459,292862
290419,8765658
7813839,3400923
619479,92173
619479,264408
619479,195167
4650619,645415
4650619,1944145
4650619,221001
2205099,1450
2205099,3577245
2205099,1230511
2400139,151456
2400139,5910606
5469639,5469625
5469639,6834347
5469639,72412
3915979,4078409
3915979,4718380
3915979,598404
3915979,43558
3166139,229673
3166139,1978097
2493639,2475113
1984499,685572
1984499,5738435
6624379,235795
6624379,2687706
6624379,7062606
4936419,411343
605599,292862
605599,6749111
605599,4989225
605599,20108
2386759,5767770
2386759,2386539
3072419,62177
6604539,47575
703119,1438320
1387559,194943
1387559,1382722
382079,11929
382079,644300
382079,571038
382079,693373
382079,287255
1546239,1295713
1546239,645147
1546239,427383
1546239,63680
4669999,174968
4669999,2449843
4669999,1349110
7690939,7690251
7690939,2787641
7690939,5987920
405819,32516
405819,54576
405819,22832
405819,259024
782459,20432
782459,696517
782459,285421
782459,14714
411139,68308
983579,3402
983579,262837
983579,226967
983579,47344
1239399,5914783
1239399,282785
1239399,109296
1239399,85633
154659,700167
154659,39492
154659,78847
154659,241768
154659,257790
154659,425294
1715379,181535
1715379,685643
1715379,14699
1220659,930412
1220659,631081
1220659,4109139
1220659,606646
8752559,3349289
200239,121193
200239,1499952
134729,5505594
134729,1785200
25769,288368
25769,453945
25769,146694
25769,694931
3369909,8763510
3369909,39365
3369909,9009955
3369909,4939558
78709,2950305
78709,8764922
78709,8785974
164849,740554
164849,99955
164849,257769
9449,1656036
9449,16466
9449,1656068
15009,1493801
15009,15874
15009,207120
15009,251943
379169,2424116
379169,90323
379169,121335
402689,452134
402689,12928
402689,189751
402689,1953253
32449,15874
32449,90259
422829,88515
422829,90259
422829,26048
422829,1835814
2668449,8766488
2668449,5055727
2668449,8765658
2668449,185642
4961049,4659515
4961049,8767493
4961049,4343588
704849,272737
704849,8813954
704849,1835814
704849,52828
4788629,1185040
4788629,4789302
4788629,4789270
4788629,4789403
4788629,9076165
4247589,301670
4247589,2068862
4247589,4247691
621649,2998041
621649,5473783
621649,6608422
621649,6609578
1776309,658510
2686009,1379589
2686009,2686186
157549,157184
157549,8816372
157549,158511
157549,6288902
94089,888565
94089,251746
94089,13950
94089,903880
94089,2824442
4120089,4343588
4120089,9287987
4120089,1886554
1175489,155474
1175489,1384369
1122289,8880625
1122289,8918458
1122289,8765658
1122289,5348228
3594469,195926
3594469,5990454
3594469,2635213
63429,937520
63429,241559
63429,59913
233709,1319225
233709,8786121
233709,2168761
5988029,1953904
5988029,607044
498929,205784
498929,8774765
498929,8766690
498929,1835814
4838329,187127
4227869,5987873
4227869,2940500
4227869,3356265
496469,681670
496469,1159761
496469,558816
496469,10027228
125629,595058
125629,1168948
262989,1639024
262989,2756302
262989,2868582
262989,9593856
262989,2611961
245669,8735772
245669,9018325
245669,4573620
12469,195167
12469,7275987
12469,10768155
12469,7276102
3592349,1382473
3592349,654945
1235969,29424
1235969,108646
1235969,198990
1235969,37818
1235969,8770017
3422929,9112553
3422929,239726
185669,1606583
185669,1207660
4999029,1200760
4999029,1559749
4999029,739147
4999029,3236664
1181609,1835814
1181609,18393
1181609,571031
1181609,52828
148909,9942972
148909,8981057
575849,8768921
2478949,52828
2478949,218134
2478949,239726
2472449,1144250
2472449,195167
2472449,6533084
647709,647711
647709,216170
647709,647691
647709,93477
7380329,10812829
7380329,10733150
7380329,2236834
62329,14852
62329,8862933
62329,387987
62329,198990
2332149,16216
2332149,121157
2332149,195167
2332149,2781841
2762689,600818
2762689,90259
2762689,9027692
2762689,2762811
962829,8767812
962829,8769604
962829,1161099
962829,4321752
3381529,17389
3381529,1958175
3381529,1449010
257769,164849
257769,449108
257769,2051514
454029,8766797
454029,454061
454029,90259
708714,1835814
708714,12928
708714,7207451
708714,126988
1173374,12928
1173374,921142
1173374,90259
77034,77446
77034,77085
77034,158814
77034,77772
6508394,203356
6508394,6898540
205354,8787306
205354,64022
205354,8787316
644394,2347821
644394,8766797
1949834,128830
1949834,9071148
1949834,32571
644494,1835814
644494,425376
644494,29299
2052254,6700930
2052254,8957563
2052254,4982886
2052254,2860853
290154,301794
290154,1908323
290154,13950
1623594,401974
1623594,127879
1623594,412674
1623594,110055
963434,10275916
963434,10275884
963434,796571
963434,1907380
963434,10275793
4330274,8042911
4330274,7923547
2421674,3086614
2421674,8774426
2421674,8766797
79394,67318
79394,1209106
79394,1020167
4672234,10001
3489434,5370953
3489434,2906343
3489434,3368744
3489434,565734
34274,8774864
34274,34178
34274,95845
34274,34616
14714,90259
14714,4073017
14714,119067
14714,3282756
4445494,2400934
4695614,3404731
473414,992153
473414,7832724
473414,8764421
473414,5993506
473414,2879810
1083054,1494905
4065634,297831
4065634,4065419
693514,2559204
693514,2559198
693514,1835814
693514,9578277
3407934,3408286
3407934,3408446
3407934,986818
1166094,709100
1166094,199143
152354,2333575
152354,568108
152354,13950
152354,4042323
565234,217659
565234,604602
565234,76652
565234,2842559
565234,1533744
425294,2341
425294,198990
425294,90259
425294,5993506
1779994,11018582
1779994,43261
1779994,16216
1779994,264191
1779994,1292361
245794,1236138
245794,90259
245794,1623565
605754,546058
605754,1493801
605754,90259
1101214,946742
1101214,8765712
1101214,1210805
1101214,5993506
239074,194943
239074,919628
239074,2783978
239074,29862
239074,1376975
1866494,8809340
1866494,13950
1866494,411157
1299214,9263611
1299214,1748216
1299214,569359
2945554,8764922
2945554,5993506
2945554,54031
2945554,8765167
2945554,52828
2945554,90259
2846874,39365
2846874,671304
2846874,841965
2846874,7494409
79974,7401158
79974,1706530
188414,921142
188414,8837564
188414,1493801
188414,90259
2885054,18154
2885054,16013
740554,32182
740554,3153065
5987894,5950744
5987894,7132574
879514,4995892
879514,8783560
879514,10127179
879514,8827134
879514,8767492
1878354,1379589
1878354,9979996
1878354,7284245
1878354,1052602
1878354,1541051
3498174,2484452
3498174,2897783
3498174,963074
3498174,4950529
3498174,8769604
187894,2218547
285734,1661292
285734,230403
285734,1660794
285734,1661459
146694,90259
146694,727943
146694,549806
146694,1835814
102914,90323
102914,101814
102914,571031
4130434,29948
4130434,297076
4130434,4132038
4025874,9420948
4025874,4456501
4025874,4685102
4025874,4025342
374734,4803789
374734,81338
374734,4722042
374734,653771
2056174,4141072
2056174,4138861
2056174,4141036
2056174,4141147
374854,4324558
374854,5458201
489974,1174522
489974,39365
489974,273356
489974,8815901
865514,2263894
865514,3113256
415274,126398
415274,90259
415274,2963505
415274,8766797
21857,90259
21857,4239119
1020097,4042323
1020097,6864975
1020097,8620488
1020097,7690909
3595597,3234319
3595597,8767493
3595597,2702152
3595597,8768055
1857717,8770773
1857717,2182462
1857717,140385
4046477,4046390
143837,293551
143837,417252
102877,125966
102877,227612
1753337,176542
1753337,640755
397157,185365
397157,2831267
397157,6565450
397157,5475141
1171777,1283307
1171777,2485887
1171777,3492708
641757,5385
641757,259620
3407117,5903650
3407117,8773831
3407117,3407122
3407117,1032865
114917,678809
114917,3204820
114917,933301
114917,4042323
42497,1178906
42497,41646
722577,264423
722577,3166295
722577,10109393
722577,8814669
722577,655415
722577,10109455
3365917,1563162
3365917,4046390
3365917,3117289
577977,165134
577977,8764421
577977,39098
577977,946742
577977,7435136
493457,1494853
493457,2894691
493457,1814403
493457,90259
673657,3587627
673657,3571571
673657,662543
655157,1584715
655157,3590454
122557,571155
122557,33902
122557,45642
122557,1958009
5241277,90180
5241277,2499777
5241277,2265122
189477,426605
189477,2674501
4142837,4142552
190177,46805
190177,8872845
190177,1615880
481297,186100
481297,481507
481297,481349
604717,195167
604717,10394469
604717,3905491
105897,363952
105897,340453
105897,347075
1423117,3087615
1423117,286502
1423117,2811600
1607817,736590
1607817,5901383
1607817,8766782
704297,101856
704297,537683
704297,8996332
979397,92173
979397,195167
6457,4130167
6457,10073795
6457,1288152
6457,3145771
1485537,5474370
1485537,195167
1485537,8753732
1485537,1512092
1485537,4967071
875157,9123498
875157,2963505
875157,1971096
875157,99625
875157,1971316
386457,9950148
386457,3572483
386457,8905573
386457,2430171
184837,2430171
184837,9167386
79137,12928
79137,59096
79137,79066
79137,3114310
735857,4014034
735857,52828
735857,9876586
735857,54031
735857,3306190
5466137,297831
134937,8765167
134937,2341
134937,2702152
1358557,29424
1358557,954170
1358557,8762941
1358557,281828
1358557,12852
2089937,9953832
2089937,221001
2089937,1944145
2089937,39365
2089937,8800539
705217,571172
705217,1816621
705217,921142
405357,1235804
405357,56771
405357,140385
405357,1235707
68377,407326
68377,1493801
68377,90259
346177,5764740
346177,3297225
346177,5764716
517297,572129
517297,1140064
517297,2271912
684657,253101
684657,495394
3277,3384159
3277,2831267
3277,185365
3277,53767
262217,2561177
262217,2686186
53357,6644709
53357,678809
53357,411157
53357,3002140
8433197,1074072
3426717,3417830
1073737,3387261
1073737,7375
1073737,2423942
215237,144934
215237,374689
215237,119270
215237,513679
1187877,1187020
148737,1631339
148737,179976
148737,184594
148737,4999232
11997,1199238
11997,2798878
11997,997396
11997,94703
11997,1327072
3119,418199
3119,6792640
3119,273356
3119,10857191
4452119,8767493
4452119,4452120
4452119,787234
45039,1559341
45039,1631339
45039,8765103
45039,84540
190319,12928
190319,90259
190319,904317
206159,682464
206159,1495514
206159,195167
61039,947468
61039,188311
61039,13616
1298079,986576
1298079,8937991
1298079,1322176
1298079,986824
7252039,2399509
7252039,619479
1165859,16890
1165859,23268
1165859,1616116
1165859,5773
3621159,39365
3621159,10216926
3621159,8767492
3621159,3365793
3621159,9551964
109299,9064640
109299,1296554
109299,3187524
3413999,8776923
3413999,3043123
3413999,8767492
3413999,8872887
3413999,5481523
535379,2996020
535379,401393
535379,90259
78539,46827
78539,262160
78539,903880
78539,5387826
1179339,9890413
506679,20256
506679,2284836
506679,6520866
2461699,1199238
2461699,4059947
2461699,3327620
729659,729912
729659,9136188
729659,571172
729659,188116
7214759,7677526
7214759,8773831
191019,453945
191019,288368
191019,641757
191019,1516333
59179,213358
59179,2136
59179,2339
674199,1383005
674199,9010110
674199,1190102
217659,8347452
217659,3085536
217659,1755442
217659,2831267
558519,8899050
558519,9207594
558519,4518160
38239,2290584
38239,7112451
38239,288407
12459,7177310
12459,2311413
12459,217894
12459,433534
12459,2310223
3345359,2423942
3345359,5968764
3345359,1567215
7226559,7876154
7226559,7677526
7226559,7676547
505419,90259
505419,7813839
505419,1309076
505419,2702152
505419,734759
4956379,8773831
4956379,1159033
645019,59913
645019,8766797
645019,116144
571879,59096
571879,614049
571879,2950305
571879,12928
1329099,6536672
1329099,4124170
1329099,402840
1329099,1329059
855839,90259
855839,645267
918819,1835814
918819,15889
918819,8767493
918819,412674
23179,90259
23179,9185845
23179,9185828
7420159,1623900
7420159,8769494
7420159,946742
115699,381349
115699,897136
115699,1286413
248319,119169
248319,1835814
248319,381349
248319,408466
248319,8808624
1019699,45687
1019699,19836
1019699,45690
1019699,2120536
203519,59913
203519,126398
377739,1559766
377739,97279
377739,24501
377739,654392
377739,626265
2386539,2386759
3488239,3327055
3488239,1420300
430519,52828
430519,90259
1942279,4130167
1942279,932104
1942279,39365
1942279,129300
3330559,259989
85999,2831267
85999,618733
85999,5516488
85999,1781693
1061699,195227
1061699,40415
1061699,1671454
1061699,501629
8633699,2697532
157539,77772
401959,2395587
401959,2124803
401959,189610
401959,8767493
3645219,1169211
3645219,4659515
3645219,8767492
3645219,52828
4378779,1020167
4378779,111803
428939,377045
428939,59913
428939,9111914
428939,101856
6617739,6930932
6617739,6502925
6617739,6617768
24299,978140
24299,11472
24299,67165
1785200,144650
1785200,553235
2079000,2386539
2079000,517297
2079000,605419
2079000,1960670
2079000,648247
116000,2439808
116000,554844
116000,451939
202800,1463370
202800,899489
202800,202456
202800,1228640
202200,3274540
202200,1489506
202200,402267
202200,684550
1324600,376899
1324600,428939
1324600,645019
4323808,94160
4323808,621666
4323808,4296435
4323808,667431
2396219,20584
2396219,20347
730619,68961
730619,89068
730619,852213
730619,152730
3918619,1109338
3918619,4343637
5819,257838
5819,195167
5819,13950
5819,125520
5938419,5914783
130219,937520
130219,129097
130219,1421570
130219,8841986
4065419,297831
4065419,4065616
4065419,4065712
4065419,3332992
4067226,2260061
4124226,453601
4124226,6730404
4124226,1328995
4124226,6825796
4572626,257790
4684226,4684163
3168226,6636728
3168226,3168194
3168226,1064130
979826,571854
979826,973872
979826,3154334
979826,740554
5387826,78539
4132038,2325006
4132038,3174444
4132038,4130434
4132038,4870200
7637638,7637564
7637638,7923547
7637638,8000051
1199238,4880470
1199238,1298079
1199238,1064703
1199238,11997
1113038,2341
1113038,946742
1113038,2137432
1235638,70036
1235638,715824
1235638,79343
1235638,203235
1235638,23234
9653,195167
9653,92173
9653,16013
1953253,402689
7214453,7227196
7214453,7226669
7214453,8002558
7214453,7102245
3507053,559118
3507053,1963768
340453,105897
340453,89068
1029653,42900
1029653,8768033
7060653,89068
8627265,963047
5813865,365066
4963265,4894126
4963265,447806
4963265,6033100
3428465,4631469
3428465,3417830
3428465,230447
3428465,4050075
1032865,1032722
7815065,3400923
1677865,1392566
1677865,743338
1677865,32291
1677865,433451
2821465,11539
2821465,18732
2821465,25614
1285665,63553
1285665,175567
1285665,696575
7230874,7893802
7230874,86612
2117874,985560
2117874,2167512
2117874,2236755
651474,441220
651474,119446
651474,40474
651474,387773
1881474,97971
1881474,3117289
1881474,3356265
1133079,550093
1133079,262758
1133079,694931
1133079,554804
4988479,1074072
4988479,4987638
1706479,3087615
1706479,16013
1143679,45031
4042879,3381937
4042879,18097
4042879,4695167
4042879,3341688
889879,410472
127879,113261
127879,14905
127879,22488
127879,546034
127879,402574
903880,66333
903880,2516892
903880,96853
1688880,137223
1688880,3364
3416680,103390
3416680,1374384
3416680,3887
3416680,1450
3387280,5993506
3387280,10675240
3387280,39365
290280,1013598
290280,16013
290280,53983
290280,1513133
43500,476153
43500,194943
43500,71968
43500,2274127
2940500,4227869
2940500,659875
2940500,5405501
129300,40415
129300,1723928
129300,530400
129300,264408
129300,1942279
91300,651447
91300,197423
91300,655780
91300,565863
7133900,292862
7133900,89404
1325700,54031
1325700,5993506
1325700,946742
1325700,662703
2430100,1019187
186100,2607955
186100,149408
186100,152354
259501,985405
259501,1064703
259501,797152
933301,114917
933301,81367
32501,33214
32501,23194
32501,376500
8000901,4518855
8000901,7951195
8000901,7218227
8000901,7226548
422701,34194
1983101,828633
3234319,3898578
3234319,3595597
3234319,43129
5483919,720876
624719,28129
624719,287349
624719,122565
4239119,2325187
4239119,2323
4239119,207909
2118323,616620
2118323,4406805
1083123,67165
1083123,380011
1083123,9653
1083123,1162339
1070723,1070684
5481523,49620
5481523,1879920
5481523,5481008
5481523,628841
2272723,888904
2272723,1369610
550123,100197
550123,2464396
550123,2463723
4693323,1208935
4693323,37508
4693323,3174444
6753123,121193
6753123,7744
1953723,867678
1953723,82831
1953723,1629776
1515123,186348
1515123,195899
1515123,1507186
1515123,1557086
4381124,2655438
7076724,6636728
7076724,664239
1195124,45436
1195124,885118
1195124,914361
7832724,7831973
3187524,17467
1329131,6537029
1329131,1328995
1329131,1206455
1329131,5716314
1329131,6582265
4941731,1227544
937531,113261
937531,107438
937531,109396
2135341,3406573
2135341,264408
2135341,399586
1052941,88303
1052941,3904473
1052941,195167
1052941,39919
1559341,194943
1559341,47344
1559341,18154
1559341,5469714
7076141,6617738
7076141,6811122
892941,639496
892941,3123402
892941,3887
3403341,3430485
3403341,3402621
2456541,228219
2456541,1743887
2456541,2260061
176542,84486
176542,3991229
176542,13950
176542,3873
2349142,149322
2349142,636028
2349142,930412
2166342,107790
2166342,6618431
2166342,246578
439142,10158561
439142,1641875
439142,4476623
439142,620057
11142,2290584
11142,1208690
1414742,2764636
1414742,18154
1414742,269788
4263942,385294
4263942,15728
4418742,133986
921142,631164
921142,53327
3345542,667431
3345542,196241
3345542,2781547
3345542,55124
4025342,3596024
4025342,1369086
4025342,3407111
29948,2066460
29948,3402
29948,651688
29948,91696
29948,561727
1049548,876747
1049548,3446169
1049548,3464988
1049548,3360500
161548,148737
161548,165590
161548,169755
239748,239643
239748,1013598
1168948,1050186
1168948,707151
1168948,120050
71559,2831267
71559,1087255
71559,2561177
71559,185365
1207159,1205244
1207159,148092
1207159,539692
1207159,3417
1207159,286165
1207159,97050
1622359,299444
1622359,451645
149359,645019
149359,136897
149359,697477
3372559,685643
2834159,2834021
1019559,45690
1019559,447427
1019559,695254
1019559,2439808
949964,5535018
949964,4838534
1816964,1287973
1816964,35792
3481964,1074072
3481964,6841952
3481964,2397298
1753564,640755
29564,232214
29564,287508
29564,15770
29564,4960
5968764,1815479
5968764,3001645
5968764,467401
5968764,119439
211564,40997
211564,1124800
211564,1988061
211564,598234
1902369,232303
1902369,85785
1902369,248429
1902369,85690
4694569,92173
4694569,292862
4694569,195167
4694569,7292441
119169,428939
119169,119229
119169,119140
119169,248319
3503969,622760
3503969,456022
3503969,89404
3503969,4745363
3503969,1436848
33569,661196
33569,1190895
33569,974636
23969,654945
23969,3278172
23969,16013
23969,195167
3918369,1490744
3918369,10107282
3918369,8766814
1384369,1349110
1384369,1175489
6737575,55567
6737575,3402
6737575,217659
4030375,2082152
4030375,4670480
4030375,405118
4030375,4027047
4030375,1629169
6864975,1222838
6864975,206738
4848375,954075
4848375,1074072
676775,675312
676775,79647
676775,165134
8008175,3617029
2333575,187365
5484375,5662790
5484375,720876
1376975,1029300
1376975,534
1376975,565474
6927975,3396081
1162175,198990
1162175,10024295
6535977,2280648
6535977,5884496
6535977,6905445
2499777,186347
2499777,2041453
3306377,1349110
3306377,23543
644988,1616116
644988,424531
644988,144649
126988,4114793
126988,6559535
3033588,207889
3033588,4869155
556188,1022943
556188,258507
6690188,1230511
6690188,3577245
198396,1380624
198396,438134
198396,694931
198396,376913
198396,144649
997396,11997
997396,1166424
997396,780668
6899196,6898540
7417796,1084911
1329196,1329165
1329196,1628997
1329196,1191839
13796,4325965
13796,1191839
13796,92173
13796,5891518
1124800,8822466
1124800,8766797
1124800,698910
5710400,4938940
5710400,10463192
5710400,9432474
530400,443696
530400,1226772
530400,129300
530400,7814415
530400,215690
1576000,8779601
1576000,90259
1576000,39365
4992000,52828
4992000,4992009
4992000,8814695
4992000,3365793
22009,439392
22009,439341
22009,1606583
22009,2508524
1567209,3365793
1567209,8773897
1567209,8769533
409,2831267
409,1926810
409,6709618
409,2363940
409,444485
76009,296116
76009,42900
76009,2087646
2768415,874945
3318415,3316536
3318415,4077849
25215,71968
25215,71858
25215,4560
25215,16466
3799615,10563993
3799615,5980850
3799615,10563987
3799615,8767492
3799615,8769370
196417,9162200
196417,194943
196417,8765658
5398817,8765317
5398817,3898213
5398817,5900844
5398817,10420125
782017,1958009
782017,1331251
782017,2345831
7336821,6623784
7336821,534
3365626,1563162
13626,8942126
13626,13650
3991229,176542
3416829,9885773
3416829,9236808
3416829,4799528
119229,727921
119229,90259
4296435,8763550
4296435,8765712
553235,1785200
553235,2525015
203235,140385
203235,1473596
203235,1235638
203235,2043885
14448,1629388
14448,380961
14448,13650
14448,113956
700454,4007675
700454,805888
700454,682464
4503654,2306
4503654,7614370
4503654,17537
4077254,4803789
4077254,445816
620057,439142
620057,2342701
620057,25288
620057,2661408
2905263,195167
2905263,53767
2905263,429236
188863,39365
188863,13950
188863,9613180
1522863,72537
2808463,6899263
2808463,66135
2808463,59383
154869,1042808
154869,8814819
154869,8778265
154869,8765658
78869,619367
78869,189751
78869,734891
78869,130504
650869,127423
650869,89706
650869,780374
5738472,11027316
5738472,53767
410472,890656
410472,243155
410472,890171
410472,8766797
4449678,1535562
4449678,39365
4449678,8767492
4449678,2888858
4449678,598934
5759278,7076724
5759278,6843895
5759278,39365
5759278,2285032
867678,1953723
867678,330724
867678,739147
5452879,4669122
5452879,8765658
5452879,8977322
5452879,260596
2791679,2020415
2791679,39365
2791679,7953493
128883,79066
128883,1656719
128883,641716
128883,78945
128883,1043230
126883,126988
126883,8780760
126883,101856
126883,2559204
4530083,4792457
4530083,129097
4530083,8945387
115687,210433
115687,2371275
115687,8766797
115687,598234
127305,125110
127305,90259
127305,59913
127305,101856
781322,8780760
781322,272737
781322,48875
781322,981191
781322,90259
781322,1835814
149322,3034908
22122,563707
22122,1438320
22122,8807273
22122,2657185
1326122,847076
3351325,3351394
3351325,3262020
3351325,195120
3351325,8881317
866925,9109412
866925,9109542
866925,54999
2621334,5621603
2621334,2634223
2621334,3007862
2621334,5621609
114134,568842
114134,9144658
1666140,11040718
1666140,1735242
1666140,16466
420940,592356
420940,10860439
420940,1685985
420940,523115
3274540,202442
3274540,1019629
3274540,8786255
457740,7585072
457740,195167
512540,90259
512540,88518
512540,5993506
512540,8763510
512540,8764421
512540,295405
7226548,7141866
7226548,8107764
7226548,8000901
7226548,4169888
1082965,625914
1082965,8848629
1082965,671304
827365,20256
827365,9656042
827365,2783978
187365,8768055
187365,52828
187365,1835814
187365,426605
81367,8766797
81367,933301
81367,8767688
432567,10074101
432567,992153
432567,68990
432567,10074070
1379372,8768055
1379372,1835814
1379372,249730
1916972,284688
1916972,292862
1916972,669171
1916972,2136
655780,412258
655780,61636
655780,91300
3201003,206159
3201003,195146
3201003,37562
3201003,133331
553004,402056
490206,90259
490206,8764421
2325006,3919694
2325006,5903650
2325006,3979572
2325006,4060643
39006,28337
39006,264191
39006,1143621
39006,9062965
39006,90259
35806,5352438
35806,1389330
35806,2440144
35806,1372079
1222607,567830
1222607,443372
1222607,998105
1222607,388036
1222607,1671412
4281016,513660
4281016,8657299
4281016,1162675
4264216,385294
4857816,620759
4857816,10388423
4857816,4130167
4857816,6816786
1206622,2246662
1206622,733809
1206622,2894691
530222,547782
530222,4160066
530222,1287813
530222,1083684
5969425,1735242
5969425,4208092
1904231,374689
1904231,2558988
4510642,1178906
1780242,2428701
1780242,8765526
1780242,8618833
3505045,9997031
3505045,8782242
3505045,8785693
3505045,9814406
3505045,9295832
7102245,6257400
7102245,10744205
7102245,7214482
2771845,39365
2771845,1835814
2771845,9649258
2771845,8765066
2771845,2771890
6750245,16242
6750245,744986
6750245,1382473
6750245,55402
1914255,6929300
1914255,8780824
7979064,8867777
7979064,9074940
7979064,8834692
297064,8816097
297064,2018550
297064,8766797
7226669,7675927
7226669,7214453
7226669,7214300
56669,2831267
56669,3297547
56669,2561177
56669,4186764
470269,9373202
470269,4042323
470269,2051483
426675,729912
426675,121335
659875,2400934
659875,3228907
659875,1954348
659875,508017
1744275,90259
1744275,2702152
1744275,760
1744275,2236509
341077,2830148
341077,9309839
341077,9309730
341077,1868831
27477,34665
27477,300979
27477,90259
1994277,3734676
1994277,10312837
1994277,1992402
1994277,9248139
1151481,5973503
1151481,5441239
1151481,90259
513081,8764421
513081,39365
513081,20256
513081,5993506
4681,1178826
4681,402826
4681,8327835
869881,8794296
869881,9232551
869881,90259
383886,1720842
383886,8773896
383886,916390
383886,121335
1557086,1557039
61486,1493801
61486,1590536
61486,1516475
61486,1590693
984286,5524269
984286,3357380
984286,659279
984286,93503
63499,8765658
63499,9154045
63499,8814669
951899,3030449
951899,17671
194702,1850197
194702,4896272
194702,4860062
744302,5408643
744302,5408655
744302,4039815
744302,743605
744302,5408658
3357502,8767493
3357502,611336
3357502,2863965
2202302,52828
2202302,4007675
2202302,3428465
2202302,1190102
51902,1835814
51902,272737
493508,978140
493508,5993506
493508,10945799
287508,1889541
287508,1081876
287508,1538115
287508,551626
4417917,4417858
1032722,1032865
1032722,39365
1032722,282037
1032722,8772564
87522,1735242
87522,299224
87522,39365
1219522,90259
6811122,5884496
6811122,39365
6811122,7076141
6559535,11301186
6559535,11301161
6559535,1201690
6559535,2125440
100335,195167
100335,100197
100335,3507053
4509136,56669
4509136,1178906
2659138,549463
2659138,214324
2659138,7327760
7375938,1205244
7375938,1449767
7375938,1515582
7375938,447791
7375938,3296554
17950,3402
17950,184837
17950,2997194
17950,129136
17950,69009
39550,25680
39550,1895934
251162,563276
251162,5713019
251162,5712863
251162,4669122
3316762,4706660
3316762,3317203
3316762,4042748
3316762,3316536
480362,5993506
480362,946742
480362,682464
2273962,282644
2273962,3608038
2273962,9979745
2786770,2786747
2786770,1178906
5675570,5497885
5675570,4169888
5675570,8002558
5675570,5513035
5675570,8000160
164376,26048
164376,59913
164376,8855240
164376,1835814
2827976,3914568
2827976,2532230
2827976,4080737
2827976,2861058
238776,2002463
238776,1140586
238776,113956
76376,195167
76376,3885905
20776,1630587
20776,671304
20776,8765658
20776,570748
693976,90259
693976,1083854
17186,2845731
17186,2142087
17186,560382
17186,560452
4799599,4799590
5697599,3295399
5697599,3565309
5697599,9081078
5697599,5699368
3886401,8817420
3886401,8817413
568001,567825
35204,33948
35204,35281
35204,12945
35204,34974
995207,877902
2347237,2236530
2347237,6530829
2347237,951427
2347237,2942404
408837,69009
408837,6612020
408837,1230511
408837,5046111
3608038,468212
3608038,7496
3608038,2273962
646441,448865
646441,11085880
646441,1893109
5900844,2790043
220850,47164
220850,1682214
220850,220668
220850,95975
220850,4177484
72050,654945
72050,195167
4831250,291207
4831250,15322
4831250,1033824
1964865,83892
1964865,1964873
1964865,1964895
1689668,912989
1689668,32274
4525668,43558
3259268,137808
3259268,1725075
3259268,18178
3259268,9424006
603282,684550
603282,119446
603282,70704
2968083,447620
100098,99956
100098,135916
100098,16013
100098,194943
3016099,4169888
3016099,5497885
3016099,7923547
3016099,8107764
1328902,92173
1328902,4025874
1328902,604717
85702,697241
696927,385130
696927,8790149
696927,6564276
696927,2007694
262540,103390
262540,94755
7893764,5513035
7893764,4169888
7893764,7141866
1449767,3211512
1449767,3387261
1449767,195167
1449767,1629452
1081767,56382
1081767,447606
1081767,3493
713767,711866
713767,113183
713767,1147472
713767,691047
713767,684177
47371,2831267
47371,1087255
3323371,1505933
3323371,3646454
8588175,6737803
8588175,1919409
35381,147658
35381,1206455
35381,644379
35381,785612
255388,107928
255388,215102
255388,427383
255388,410472
255388,253891
4944991,3441
4944991,667564
264191,22464
264191,1381663
264191,70253
55402,2831267
55402,1497785
55402,2363940
5808208,8079
249013,16890
249013,4180943
249013,384662
4570613,511207
4570613,576780
4570613,1084494
7608218,1682214
3914618,3001258
3914618,3402
127423,1779203
127423,914319
127423,259620
705046,1616116
705046,711866
705046,451939
1765046,16890
1765046,264408
1765046,1514150
260246,4018
260246,3403
260246,89068
260246,899489
260246,376802
4397847,1333644
4397847,4397906
2526649,9330
2526649,150594
2526649,3446169
2526649,4892194
4077849,39365
4077849,2306528
4077849,8829791
4077849,4803789
117066,2997194
117066,69009
117066,4406805
114666,419833
114666,502225
114666,1674005
7141866,8642240
7141866,11102481
7141866,7893764
1785066,103371
1785066,116289
1785066,2136
5703479,3365969
8593082,6618473
4698688,4397906
805888,700454
805888,797152
805888,1127823
729895,130219
729895,78857
2815506,401018
4677915,4677516
297121,408693
297121,124646
1511521,53983
1511521,654945
1511521,16013
1511521,195167
7472334,8596
7472334,39895
8232340,1202400
2786747,90259
2786747,1438320
2786747,2786770
2786747,8937127
4446758,772343
4446758,702306
4446758,2400934
210758,29770
210758,121193
210758,726245
210758,597042
8592362,483507
1009970,8928571
1009970,8770978
1009970,8770773
4007584,216829
4007584,700896
4007584,92861
4007584,2784164
4941184,37168
4941184,25442
4941184,2323
4258787,1349110
4258787,3188990
617187,1964895
617187,186348
617187,8401592
617187,733905
617187,617169
1444387,16464
1444387,505973
1444387,15322
1444387,663747
13187,227644
13187,122700
2789207,85832
2789207,269842
2789207,85999
8418807,1064130
1027624,476814
63624,9772262
63624,3093207
63624,1187877
7012425,2041453
2099642,424531
2099642,1064492
8428447,7120775
560452,94412
560452,698426
560452,17186
560452,17289
70852,13616
70852,194943
4225265,2707823
4225265,6769617
4225265,16325
71665,6686208
71665,195167
71665,3039884
71665,374721
286868,45687
286868,286830
286868,1936891
286868,740554
4222868,1323276
3236468,3236440
502084,54603
502084,3896147
502084,6533558
502084,1503314
1083684,39895
1083684,17389
1083684,1437055
1470885,456022
1470885,47344
1470885,195167
1114897,7496
1114897,51985
829297,1867232
829297,8977322
829297,54447
3030898,3034773
3030898,207889
649299,16013
649299,69009
649299,269788
649299,262890
4274099,701363
2520499,23426
2520499,4121758
2520499,38724
2420523,2420508
2420523,2339
2420523,213358
197323,78539
197323,70936
3324529,2445658
3324529,1171137
3324529,3496565
3324529,1889547
3324529,984233
286129,5487799
286129,2791679
286129,257459
8471743,5982933
2426143,63418
2426143,3402
2426143,451107
415743,423599
415743,99955
7327760,10779187
7327760,9111193
7327760,2257334
8471760,5982933
4560,4042887
4560,47344
4560,55586
184569,2911502
184569,65980
184569,2940047
184569,4124549
184569,72537
184569,181654
7893372,4169888
7893372,5513035
7893372,7141866
4594172,6645991
4594172,2041453
4594172,5482247
2058172,1580985
2058172,3594475
2058172,4696009
1164573,667564
1164573,1163534
8267773,681819
192573,192549
192573,712211
192573,2702152
192573,1711457
2482982,869564
529385,2928850
529385,149641
113385,2205649
113385,221001
113385,90259
113385,2205679
113385,2151100
7222185,4330274
7222185,8107764
7222185,4169888
7222185,7958824
3052593,249876
655793,626265
655793,70936
655793,131443
655793,903968
655793,384662
655793,684550
1898209,3503155
1898209,4515159
1898209,5753490
4568616,6533073
4568616,1516089
4568616,3087615
1212623,696679
1212623,1931467
1212623,511643
1212623,695497
4275023,938957
4275023,38401
4275023,3071686
2279023,144830
953424,43129
953424,565110
953424,2697731
953424,1064492
4804635,1910615
4804635,667564
4804635,2885122
8327835,4681
1037439,187556
1037439,422541
1037439,1751267
1037439,29770
2003839,714181
2003839,125520
2003839,2378763
2003839,3262661
4840639,554747
395840,705211
395840,395832
395840,395836
7561440,2140876
151855,8848629
151855,300626
151855,641363
151855,59913
3317469,1541072
3317469,3316536
7748669,7735530
4864672,3404555
7228677,7840652
7228677,7676547
7228677,4169888
7228677,7666126
296693,2339
296693,1147472
296693,663848
296693,1054578
7953493,2701051
36693,99117
36693,421315
5569503,3318817
5569503,1320082
899103,2814899
899103,2814914
899103,90259
2935904,18178
2935904,12852
2935904,29424
2935904,954170
4864704,3404555
4864704,3404953
19904,668276
19904,461691
19904,694095
19904,855616
380704,102875
2843117,571854
3658326,669920
3658326,7496
571126,262452
571126,227644
725539,3106041
725539,16270
725539,3403
725539,207421
5347942,1450
5347942,3323232
4957545,1377203
4957545,1506576
4957545,2340823
4957545,2821383
2419145,781159
2419145,47575
2419145,496206
491153,2206856
491153,54603
491153,1083277
491153,455843
451953,78869
451953,456022
451953,92173
2501553,1450
2501553,40415
2501553,4018
2501553,1515222
1964755,1964748
1278373,151694
1278373,423966
1278373,101025
10373,1937200
10373,1230511
10373,705698
10373,455843
4790373,4169888
4790373,7951021
4790373,7923547
4790373,5497885
1786382,5982933
1786382,154292
1786382,256880
4681584,2764135
4681584,3911247
4681584,4962686
4724788,3594741
1481597,401393
1481597,6258018
1481597,1828506
1980810,4645224
1980810,1980813
1980810,8762941
1980810,376653
1980810,8766770
2340823,7177310
2340823,3062310
2340823,7375
2340823,4957545
8393627,8393637
8393627,8764994
8393627,8765041
8393627,5315456
8393627,121335
7428828,8121005
7428828,1715498
5808050,7071676
5808050,6923266
5808050,6624364
5808050,1329059
5808050,1848189
1897661,417252
1897661,140551
1897661,487815
545662,1199738
545662,9270104
1971302,1112920
1971302,194943
1971302,1470069
4676940,121335
4676940,4677028
4676940,8765317
4676940,3113321
12945,90259
12945,1053539
12945,23428
1227388,536868
1227388,620759
129813,1316161
129813,90259
129813,29299
129813,726987
129813,357821
240215,2416305
240215,1388953
240215,2423294
240215,4860062
3990654,6571808
3990654,2396031
3990654,2067609
3990654,776008
43468,5000152
43468,734891
1685095,5993506
1685095,8805907
558712,4042323
558712,4281066
558712,1298161
558712,1556206
2885122,620759
2885122,3338704
2885122,195167
2885122,16216
3451558,45484
3451558,203356
3451558,2686228
233964,101856
233964,8786121
233964,1614723
830777,90259
830777,39365
830777,946742
1150777,1171916
1150777,3249732
1150777,16216
1150777,195167
1150777,1960098
4021231,10341730
525239,439290
525239,59913
525239,710740
525239,789486
645245,652763
645245,8931487
645245,13162
645245,378727
1723659,1636601
1723659,20554
1723659,1723064
4176466,4176728
4176466,2168783
4176466,2702152
4176466,8765658
4176466,52828
2398894,39365
2398894,3955247
2398894,121335
2398894,662703
898101,239450
898101,69
34101,2783978
34101,88990
34101,2520249
6610101,8594275
6610101,94703
6610101,655975
421315,197529
421315,1835814
421315,803284
421315,26085
421315,36693
421315,426605
7666126,4169888
7666126,7951021
7666126,7214558
1131747,8766782
1131747,137808
1131747,62402
1131747,2440309
1131747,52828
6766947,1166424
6766947,49908
621399,195899
621399,2872275
621399,4193629
621399,1512092
493400,144180
493400,90259
493400,61058
493400,664557
3256605,422913
3256605,422912
3256605,68418
722215,116162
55035,53767
55035,2831267
55035,1087255
287039,61392
287039,3517758
287039,90259
287039,1835814
3277471,5994113
3277471,508017
3277471,700859
1296686,1473596
1296686,9317853
1296686,785309
1296686,138
101494,90259
101494,27052
101494,101856
402299,417177
402299,90259
402299,7289567
488706,1834360
488706,39365
488706,8766797
488706,8764421
696710,568842
4387911,1234454
4387911,2259740
4387911,2259751
4387911,10800311
4501530,44058
4501530,269788
4501530,67035
635947,5475141
635947,185365
635947,53767
635947,444485
493566,684451
493566,9613550
493566,97507
493566,730651
493566,90259
1043977,407326
1043977,4566545
1043977,79066
120789,1221013
120789,221469
120789,90259
120789,226494
63189,889447
63189,5831683
63189,2963505
63189,889497
63189,889535
562398,3886401
562398,148342
562398,224443
1123998,90259
1123998,1835814
1123998,645857
1123998,3099315
192803,1613885
192803,5019650
192803,140385
698426,1835814
698426,960395
698426,560463
698426,960716
1767226,226967
1767226,4372164
3407226,3927845
3407226,781803
3407226,3407573
6898426,8472687
6898426,2280460
6898426,6765140
1333644,1333646
1333644,9115487
1333644,6819685
1026453,633216
1026453,6824078
1026453,1159761
692076,9678719
692076,8767492
692076,409153
692076,8834111
692076,234898
84076,6687339
84076,6687256
84076,931996
84076,662543
1199289,5918
1199289,1628784
1199289,35400
1199289,3148262
1199289,8765041
1516089,6524647
1516089,2324009
1516089,1706400
1516089,13955
1516089,1201324
1423306,7496
1423306,108457
1140118,8766782
1140118,1744945
1140118,1134310
1140118,1139974
1140118,1135164
1140118,8766786
4024950,121157
4024950,8971610
4024950,620759
4024950,1512092
4024950,646502
1695350,258485
1695350,165134
1695350,1300891
888950,121335
888950,90259
888950,2418167
888950,246489
888950,2963505
1423359,2295357
1423359,598403
1423359,1804456
1423359,4248292
2088965,8829791
2088965,16137
2088965,2089009
2088965,1814389
556177,59096
556177,1368400
556177,12928
556177,1656719
684177,8874697
684177,2090516
684177,713767
684177,8787316
3295383,8765658
3295383,1922175
3295383,121335
3295383,2963505
3295383,8764421
4711387,903203
4711387,43129
4711387,5716314
4711387,2632199
562622,562677
562622,8900789
562622,562737
562622,1637797
562622,8900786
5957824,8937549
5957824,9737663
5957824,11199944
5957824,135307
5727447,1082124
5727447,5468602
5727447,3049084
5727447,5728133
5727447,9879956
487447,1826611
487447,5501078
487447,8872887
119477,1087255
119477,1353273
201078,1196285
201078,8780389
201078,1835814
7482682,5796541
7482682,946742
7482682,10169675
7482682,6617712
7482682,7590150
1828282,101374
402694,547868
402694,569359
402694,10324917
402694,5686
402694,195899
145117,8766797
145117,90259
145117,8787588
6725947,9890413
6725947,6910247
6725947,2885870
6725947,1513600
6725947,1305196
455563,1208705
455563,914319
455563,1208910
484378,1178826
484378,194001
484378,8787316
484378,8787306
1332383,391471
1332383,13950
1332383,4703187
3318029,1541072
3318029,374734
3318029,3316536
6530829,2347237
6530829,6895566
6530829,1956138
650864,650838
2172481,2878948
2172481,4042323
2172481,9340226
2172481,39365
585300,2532230
585300,2861058
585300,1490806
585300,5968764
2257334,1392566
1162934,8799766
1162934,1590536
1162934,8969713
444555,3663304
444555,1087255
444555,4192743
444555,53767
444555,2561177
903761,1835814
903761,90259
903761,134072
903761,8767492
903761,26048
3034985,6637900
3034985,3614030
3034985,99625
3034985,10606199
5487799,8970174
5487799,9908223
547005,11134856
547005,618733
547005,1360118
4121408,8765812
4121408,39365
4121408,4149622
4121408,2702152
14235,2137432
14235,8783560
14235,8767492
14235,8949072
3369441,54479
3369441,2632199
3369441,16216
3369441,4007675
3369441,9882747
15859,25856
15859,2709406
15859,1423117
15859,1088700
257459,121335
257459,39365
257459,978008
257459,286042
257459,286201
7102259,7677526
7102259,7666882
7102259,7228487
7102259,8002114
1724665,1723064
1724665,1636601
1635067,1635597
1635067,1723064
1635067,1223345
625485,1438320
625485,2657204
625485,6259292
4193532,203415
4193532,4686643
4193532,6794350
1028747,8822466
1028747,10131924
1028747,110196
231966,12852
231966,8763469
231966,644988
231966,18178
625566,2940150
625566,1438320
625566,8781091
625566,1835814
625566,156075
1878378,3445030
1878378,5006581
1878378,94703
851182,8764421
851182,18020
851182,29424
4793610,3402
4793610,89068
4793610,4018
4793610,444225
1222412,1657406
1222412,91102
3001637,1885835
3001637,1328995
35370,34492
35370,568472
35370,2396885
1341005,52451
1341005,1377203
1341005,1336634
2246642,730992
2246642,374721
2246642,53767
1158650,72537
1158650,1619037
1158650,4948075
681868,988897
681868,534
681868,35344
681868,28134
541092,422008
541092,142428
541092,422508
541092,1988061
7536345,125113
5501169,5501167
230798,424531
230798,182043
230798,64395
230798,14189
2979657,117730
5184519,1349110
285319,7790603
285319,24146
285319,6746950
563721,3478031
563721,4009390
563721,4624559
563721,3402
7200538,1629776
541351,1651645
541351,253507
541351,18515
541351,534
1082167,3438712
1082167,4525477
1082167,194582
726987,198993
726987,129813
726987,76278
726987,726980
726987,113358
1088700,481668
1088700,3204407
1088700,627824
4695118,3296389
4695118,2435392
1053539,194821
1053539,740554
1053539,17043
35960,33673
35960,22488
35960,107301
35960,410472
4650363,4631469
4650363,1952328
2324009,16013
2324009,119478
2324009,47344
5498409,3404953
2525612,620599
3552825,7496
3552825,245477
3552825,534
3552825,16013
5444069,5421029
5444069,5729240
6564089,6821113
6564089,59377
6564089,1336817
2800898,1042973
2800898,616620
7879353,7878559
7879353,7878164
4010569,542986
1556206,2787641
1556206,4167305
1908210,1377203
1908210,399586
1908210,444842
7786621,296144
676270,675312
676270,496625
676270,1636211
676270,4156454
2698726,379615
2698726,263108
2698726,3174444
4026787,874961
4026787,2938127
4026787,4025908
3396426,2768051
3396426,48915
3396426,564964
1217226,659947
1217226,3290830
1217226,703119
1217226,2100847
932449,17467
932449,906894
932449,1161985
932449,7768
932449,8613
5809259,127653
5809259,35281
5809259,8079
2366189,65980
2343862,651365
2343862,4713504
2343862,194943
2343862,3402
542269,645025
542269,449047
542269,69554
542269,904813
951881,451645
951881,855616
1188700,1187020
1188700,117112
955138,483581
955138,2493
955138,955052
955138,71074
1006444,51985
1006444,467825
1006444,155305
1006444,262123
1006444,534
3432083,3000066
289683,120835
289683,585004
289683,679283
289683,8802580
1300891,194943
1300891,18154
1300891,269788
4507331,3347744
542533,14884
542533,59478
1633733,125316
1633733,45687
1633733,1632063
1633733,289562
4078542,984233
6414570,7248369
6414570,4169888
6414570,8000901
6414570,7951021
7256173,7509262
7256173,47371
232195,3225898
232195,1006483
232195,898222
232195,6919761
59395,59339
59395,1491444
59395,8596
59395,1329175
59395,2685834
245002,830213
245002,3402
245002,2764532
245002,25659
2523430,108292
3445030,8121005
3445030,1349110
3445030,1878378
3445030,7761041
2689830,98209
2689830,70779
59431,1616116
59431,5261404
59431,736615
59431,6535793
59431,64435
261040,92173
261040,654945
2520249,2457982
2520249,34614
2520249,335082
4881860,4881840
3141098,1381805
3141098,1197456
3141098,195167
2440309,1131747
4808329,881531
3269161,1597301
1368400,262452
1368400,4339
1368400,556177
958833,654945
958833,194943
958833,16013
3147636,532894
3147636,64753
3147636,195146
3147636,3402
3147636,16252
3147636,46381
7125257,2340
7125257,13911
2968520,94755
661335,1723064
661335,127423
661335,1149197
661335,422508
3285335,1304537
3285335,34726
3285335,558955
5762159,3676358
5762159,6765140
5762159,3596024
5762159,1552835
6571808,433128
6571808,444250
6571808,18515
6939827,3417
6939827,629995
376653,218856
376653,335082
376653,694931
376653,150886
376653,376558
1240661,1240524
1240661,1349110
933475,299808
933475,3887
933475,2857527
6651891,6645991
6651891,6688
6651891,18115
376735,8769247
376735,8868540
376735,8780760
376735,108646
376735,667144
1218451,1701713
1218451,1218425
1218451,2100847
1180051,670438
1180051,534
1180051,729629
1189699,71484
2530502,5989083
2530502,401393
2530502,3378518
2530502,1556206
2530502,1553869
300140,62302
300140,299960
300140,3364
300140,259989
1048940,2997194
1048940,3402
1048940,45436
1048940,284688
37761,5994113
37761,37716
37761,89068
5564167,5564158
6530576,1764633
1637797,2180145
1637797,1122930
5813887,129855
1122687,81868
1122687,2516
1122687,688798
4524313,6841952
4524313,5662790
4524313,37416
4524313,43558
1858746,685774
1858746,1558261
1858746,4672824
1858746,16431
1858746,32405
1593159,1593113
1164359,99955
1164359,897992
1164359,1163534
300394,2136
4690815,37213
4690815,194943
4690815,654945
4690815,3417
134072,903761
134072,15656
134072,262890
134072,1382473
7071676,2280648
7071676,6623784
7071676,5808050
7071676,1705394
18893,192340
18893,18838
18893,148653
4082913,199693
502164,5777220
502164,584597
502164,1356522
5468602,931968
5468602,33975
5468602,2340
5468602,5662790
1910211,398511
1910211,32058
8537438,4013771
1209470,92173
1209470,195167
1209470,16013
4387089,3924487
4387089,4387057
655896,1323276
655896,6841952
655896,185669
655896,492865
4044718,5523661
4044718,1619442
4044718,4977928
4044718,199122
3366345,3366012
5721591,3117184
