4236983,4236976
3992623,48042
3992623,702397
56382,8320952
56382,53767
56382,1087255
56382,2363940
48042,6618412
48042,1870756
48042,1353273
48042,2363940
48042,1087255
1424,2363940
1424,106805
1424,185365
1424,1192557
1424,53767
217244,2303857
217244,1781693
5520787,8764922
5520787,5520806
1926782,984233
1926782,6688
1926782,1148993
1926782,1629776
194943,3474181
194943,6565450
194943,2831267
194943,1353273
5741143,5741107
1967124,2518334
1967124,3948694
1967124,44506
1967124,3403
808484,2341
808484,8786121
808484,740478
808484,10408276
5520827,17661
5520827,5520787
5520827,33391
3332067,267705
3332067,2474427
3332067,37416
3332067,2323
258507,4421365
258507,1656168
258507,667564
258507,1156508
258507,565734
2831267,6528612
2831267,2441411
2831267,654945
53767,92173
53767,195167
1235707,125577
1235707,117112
1235707,245477
1235707,121193
2663487,4573533
2663487,175441
195167,1502641
195167,53767
195167,185365
195167,1353273
2457982,11104759
2457982,3030619
2457982,11104744
456022,53767
456022,1353273
456022,1087255
15322,1042949
15322,3885905
3402,6565450
3402,2363940
3402,2238339
46562,8789176
46562,7756818
3121262,11044352
3121262,8517377
3121262,8292305
3121262,7597575
3121262,5555972
1381663,8765406
1381663,1355429
1381663,257986
1381663,734759
3062543,1239552
3062543,4679670
748223,101856
748223,41429
748223,285761
748223,535771
540303,8121005
540303,2121789
540303,7496
149923,29424
149923,140417
149923,424018
2371203,4224902
2371203,733898
2371203,1735242
2371203,459572
1680563,3407859
1680563,90259
1680563,3143605
1680563,768884
3174444,579450
3174444,10530218
16124,195167
6623784,8765041
6623784,8767492
6623784,7086082
2474427,6533980
5741107,9501286
5741107,8816372
5741107,8959480
4122807,3905667
4122807,4456501
4122807,8773831
4027047,4032178
4027047,4032048
4027047,2466009
195527,444485
195527,2831267
195527,595058
3374587,3400923
3374587,979719
1122467,155962
1122467,1438320
1122467,4558530
1122467,137808
1200067,18154
1200067,1513133
1200067,15656
4699087,4669122
4699087,71968
4699087,439290
4699087,8814602
1755442,654945
1755442,3387521
1755442,2170796
1535562,1535373
4669122,5421029
4669122,6863622
4669122,1907605
2647242,3402
2647242,376971
2647242,284688
1735242,2136
1735242,120076
1735242,213358
7086082,6618449
1071982,1112774
1071982,837774
1071982,4018
1071982,3887
1071982,135083
1071982,3276379
1071982,1815835
626842,69009
626842,565734
626842,3402
914922,1017728
914922,3580055
914922,20742
4224902,2342701
4224902,3470993
1454862,10232148
1454862,2265511
1454862,9040287
1454862,3492685
2336743,739758
2336743,95863
2497003,76652
2497003,2496981
2497003,994515
2497003,2339
897423,4065003
897423,5421029
897423,1142893
897423,897256
2779003,1208690
2779003,1590968
2779003,6930781
2779003,2152929
4042323,4680740
4042323,8357908
4042323,71143
3400923,729937
3400923,4042323
3400923,7814524
629944,7496
629944,91155
629944,32405
629944,4018
768884,6640
768884,2151763
768884,3275796
768884,979532
7814224,3400923
4103664,3424574
5950744,91789
5950744,3417
5950744,4409765
57284,993374
57284,169514
57284,508429
57284,3402
57284,5060779
57284,152923
47344,3384159
47344,6692227
47344,53767
408124,431875
408124,1310383
408124,90259
408124,1230106
408124,552217
29424,995017
29424,598234
29424,23803
2290584,3278172
2290584,1769451
2290584,455843
2773384,16496
2773384,72709
2773384,451148
2773384,689505
5659904,1323275
5659904,5659728
5659904,6834610
5659904,3034257
932104,1769451
932104,932008
932104,213358
932104,2764513
1332684,47164
1332684,1783557
951427,3225003
951427,536868
951427,195167
951427,70174
1213787,575983
1213787,1950370
1213787,1202400
1213787,3174444
4152447,1858841
4152447,285421
4152447,1292980
4152447,3400923
4152447,186361
4875227,1494022
6833467,3202311
6833467,1720
3404367,981983
3404367,4382455
3404367,207909
3905667,3438399
3905667,6830009
46827,6231
46827,68532
46827,46643
46827,115081
5847387,3174444
5847387,18097
2768687,1450
2768687,432351
2768687,4379076
2768687,574229
2768687,82831
1426227,69009
1426227,1705325
1426227,71968
1426227,3682963
1578487,1835814
1578487,198990
1578487,29424
1578487,52828
1578487,8784050
604602,1502641
604602,4966222
604602,53767
4860062,2811600
4860062,2441411
4860062,18154
4860062,119478
4860062,47344
4860062,226967
44442,194943
44442,654945
5988142,96661
5988142,8292305
5988142,620759
5988142,7597575
20742,7010593
20742,8780824
20742,4007675
28882,444485
28882,4680651
28882,53767
28882,10754570
28882,2561177
650422,8769533
650422,1187742
292862,4192743
292862,595058
292862,53767
25962,634555
25962,8765658
25962,5967498
25962,90259
5988442,4013547
5988442,293745
5988442,5951741
5988442,10571747
619142,6563651
619142,6565450
62402,113159
62402,3782763
62402,9417907
62402,28337
195362,1087255
195362,2831267
195362,3384159
195362,1353273
512102,8769533
512102,4624742
512102,982057
512102,3492939
1494022,4875227
1494022,1493372
1494022,986824
282382,429236
282382,653771
282382,455190
282382,273356
4679422,4679779
4679422,4679819
4679422,4679646
4679422,8810518
13162,262837
13162,69009
13162,456022
13162,493566
7790603,7798033
7790603,3377763
7790603,4020700
1750943,8766782
1750943,21624
1750943,1750971
1750943,8800669
1876863,4652
1876863,3821398
1876863,2339844
1876863,2848344
1876863,1349110
455843,185365
455843,2290584
455843,13950
455843,1208690
443723,683630
443723,3227859
575983,4889688
575983,1213745
441663,9329281
441663,925418
441663,2963505
441663,5894646
441663,39365
294603,7214963
294603,293077
294603,3332872
294603,5768158
152923,8764421
152923,925418
152923,90259
152923,5993506
152923,57284
913203,4474872
913203,8973030
913203,194943
71143,4955020
71143,4042323
4806863,1709772
4806863,7432335
4806863,1735242
4806863,1503388
3225003,4014648
3225003,951427
1377203,572000
1377203,195167
1377203,1161997
150243,8773897
150243,642495
150243,8798189
150243,2370236
150243,9508702
1310383,1310143
1310383,288368
981983,1022209
981983,4117486
981983,11252407
981983,225411
95863,2336743
95863,2336804
95863,8952489
1528223,72537
3682963,4042323
3682963,3390909
2397063,4126841
2397063,3379298
2397063,1149365
2397063,625914
421943,694931
421943,90259
421943,207120
2802203,4669122
2802203,9168545
2802203,260596
2802203,1503388
2802203,1288152
2802203,8850590
2802203,251365
4243803,681819
4243803,3231571
4243803,2280603
4065003,1948485
4065003,897423
4065003,4065032
671304,534
671304,667832
671304,383874
47164,2831267
47164,6565450
47164,1087255
376904,1835814
376904,803284
376904,137808
376904,1236439
650744,1507186
650744,1951077
536844,8787588
536844,407326
536844,717999
1063324,39365
1063324,2843424
1063324,90259
1063324,9081360
575584,619137
575584,2778617
575584,1970088
575584,1276042
621804,2386995
621804,53767
621804,1850197
621804,3885905
564964,4441745
564964,429236
564964,5474370
1422764,199436
1422764,5454932
1422764,39365
1422764,633569
427564,228189
427564,3166295
6893784,2066528
6893784,6893786
6893784,10664366
214324,232905
214324,1019629
214324,2894691
214324,13024
15744,1208690
15744,6609909
15744,2290584
15744,4082580
4186764,25659
4186764,18154
3922324,4042398
3922324,8773831
3922324,2359623
3922324,4072917
45484,7479596
45484,3455868
45484,3452534
45484,402012
45484,8765658
5987824,4124469
5987824,4043402
5987824,38234
5987824,547178
5987824,4124170
827644,891006
827644,909079
827644,1703748
151424,90259
151424,2804863
151424,1768648
151424,7708470
3364,53767
3364,3266557
3364,592356
3364,1087255
3364,2561177
7814524,3400923
6533707,1628997
6533707,2066528
6533707,1848189
4013547,4012070
655687,457715
655687,5384246
655687,53767
655687,1161997
1518987,385285
1518987,72537
1518987,385294
8472687,6624967
8472687,7132008
8472687,9081072
8472687,5438235
8472687,4019047
8472687,7131895
1201847,4164932
1201847,61844
1201847,2697731
1201847,3439374
697507,8766797
697507,317596
697507,101856
697507,898738
1663167,8787588
1663167,2056963
1663167,599144
1663167,109743
1663167,8878438
226967,4861192
226967,1161997
226967,444485
226967,53767
226967,4860062
186347,9558132
186347,263328
4397967,8765685
4397967,125136
4397967,7675712
4397967,4013370
4397967,3309472
284687,5475141
284687,4684680
284687,32571
284687,6902699
6692227,7279836
6692227,72169
6692227,47344
4402927,5483701
4402927,2461098
4402927,5483448
955727,1383005
955727,5474370
955727,5398459
230447,5475141
230447,185365
230447,1926810
230447,5476600
230447,10389884
230447,13950
222047,1781693
222047,1700607
222047,1765623
205767,2265952
205767,1019451
205767,1835814
3887,2831267
3887,2363940
3887,6565450
3204407,1485124
3204407,99625
3204407,1219189
3204407,3220885
400047,69009
400047,194943
3487,2831267
3487,1087255
3487,6618412
3487,6565450
2443982,2442892
2443982,448013
45642,45690
45642,1033013
516942,54603
516942,8652785
580962,253327
580962,175020
215102,9671920
215102,198990
215102,90259
215102,1210502
131882,386077
131882,131212
131882,1559358
131882,2347962
131882,242642
1220602,2266143
1220602,8843454
1220602,2265543
427702,2175663
427702,694931
427702,90259
427702,9359979
1239762,535351
8549022,1323275
4724962,635810
4724962,3594741
4724962,1424
4724962,447791
4624742,606646
4624742,292862
4890682,2474484
1276042,1463370
1276042,712956
1276042,45484
229802,3402
229802,117112
229802,18154
229802,1978097
229802,89068
1084442,2103552
1084442,963056
1084442,917430
4198422,71968
4198422,16013
6043642,5994113
29862,90603
1187742,1610797
1187742,1187020
1187742,644910
212402,512194
212402,1384148
212402,228724
2400902,5416573
2400902,1132985
2400902,2400901
1148622,125577
1148622,16013
1148622,421648
1148622,43835
1148622,455843
91742,2363940
91742,1353273
91742,2561177
4043402,4123632
4043402,5987848
4043402,4124469
4043402,1980728
4043402,1191839
4966222,932733
54603,4042323
54603,1202051
54603,92325
94703,496206
94703,3402
94703,119446
1310143,9106417
1310143,1328462
1310143,9106416
2427543,9002092
2427543,1735242
2897783,6801259
2897783,2897781
976863,3955247
976863,1276042
976863,8768921
618123,47344
618123,455843
618123,1539411
3091763,4414474
3091763,7062730
3091763,3087615
131443,4000297
131443,903853
131443,8797606
131443,90259
1706383,3417
1706383,47344
1706383,79647
1706383,2106748
651043,281386
651043,270831
651043,271275
651043,235795
7214963,294603
6513143,203356
5341843,5337436
205803,16013
205803,3379530
109743,109418
109743,700227
8292403,7646974
2317603,603181
1060263,90259
1060263,8762941
1060263,12852
1060263,8773916
1060263,744928
1198083,72537
1198083,119478
1198083,1392572
1198083,47344
4192743,3402
4192743,292862
4192743,91789
4192743,444842
2168783,2168726
2168783,534
3782763,7496
6963,1087255
6963,444485
6963,53767
3066203,5535657
3066203,4330496
3066203,5501897
93503,2811600
93503,456022
93503,37213
93503,269788
2804863,25659
2804863,292862
2804863,151424
2804863,195563
2977503,117730
6851463,1074072
6851463,6841952
1765623,267289
3393983,1381805
3393983,3393663
3377763,7798573
3377763,6747228
3377763,9275933
21624,20826
21624,43558
21624,1336634
92584,99075
92584,116092
92584,29462
2848344,59913
2848344,84291
2848344,1040624
2848344,39365
1023204,1311341
1023204,3117289
1023204,651688
3384764,195167
3384764,1704733
3384764,194943
3384764,16013
5890864,91789
5890864,3402
5890864,119478
5890864,28882
5890864,2867446
986824,986264
986824,661420
13024,214324
13024,1062836
13024,513679
1639024,49908
1639024,1638790
1639024,186347
2336804,95863
1326024,94703
1326024,2151100
1326024,1920958
1326024,65367
2453024,213358
2453024,18115
2453024,4631469
2453024,39895
2453024,2339
803284,232214
803284,376904
64164,68308
64164,7496
64164,991276
1535584,1535373
2529324,963056
2529324,197997
2529324,262733
1840544,99075
1840544,85644
1840544,245153
2339844,8812810
2339844,5250318
2339844,2712076
2339844,3111958
2339844,8788848
1485124,2185299
1485124,3204407
1485124,1346940
1485124,90276
2716564,119478
2716564,456022
2716564,269788
2716564,18154
2716564,3402
293664,5469625
293664,1331854
293664,3162552
47604,7409998
47604,1502641
47604,53767
3410084,4114793
3410084,1739255
3410084,284688
3410084,2764513
61844,95845
61844,1835814
61844,61953
61844,61670
5386564,887407
5386564,203356
518927,90259
518927,8764421
518927,8763510
2067127,3291389
2067127,2274152
2067127,90259
3144027,6537029
3144027,6863805
3144027,3087615
5324767,1349110
34607,1629388
34607,79066
34607,113956
115927,70936
115927,718460
1576647,5502557
1576647,4109139
1576647,561727
1576647,5773
1576647,4631469
2265227,7761041
2265227,7900486
2265227,3424574
2265227,280514
94907,69009
94907,47344
94907,932733
2778607,575584
53867,8121005
53867,621804
8573207,2134773
16147,1502641
16147,3384159
16147,2831267
16147,645415
3377207,13100
3377207,216481
3377207,979719
219567,26849
219567,5689
219567,219098
219567,3912126
6814367,444250
6814367,3403
6814367,2339
6814367,2432762
148147,1050186
148147,1206455
148147,694931
148147,63680
148147,424531
1577167,709175
1577167,619632
1577167,702688
1020167,3390931
1020167,2465603
1020167,4042323
1020167,78945
1020167,4000297
377007,376558
377007,142428
377007,155769
423407,34194
423407,187814
288407,3887
288407,39895
288407,534
288407,2339
288407,982276
1540447,421648
1540447,290308
7427,69441
7427,68532
7427,6640
7427,165134
3252547,650744
4230367,2842559
4230367,269788
4230367,456022
728167,515292
728167,1674005
119067,14441
119067,411343
119067,995017
119067,635810
119067,54576
119067,1677554
5820287,516150
289807,16013
289807,376500
289807,6640
289807,565734
289807,3402
6716367,195527
6716367,18154
6716367,3402
6716367,72169
8420327,2474515
252887,534
252887,2067622
252887,1582462
252887,29104
45602,45642
45602,1835814
45602,2702152
45602,1019812
91802,2561177
91802,1087255
91802,2831267
91802,2363940
4954522,2314913
4954522,47647
4954522,47164
4954522,796663
4954522,462753
4954522,1070436
2672782,6893786
2672782,1508908
2672782,54447
2672782,9017521
37562,2831267
37562,1087255
37562,53767
37562,185365
1382722,111498
1382722,158511
1382722,4329061
1382722,111415
335082,95845
335082,3148262
1328462,25659
1328462,2339
1328462,121193
1328462,213358
4227082,9879567
4227082,10468965
4227082,3366338
4227082,549485
252262,2347600
252262,1706530
252262,1301284
946742,4133508
946742,946311
823842,5993506
823842,8764421
4514282,39365
4514282,8814089
4514282,3681790
7187482,1629776
93442,8765658
93442,93503
202442,3274540
202442,505475
202442,947468
202442,913203
202442,53983
4150842,10533928
4150842,93503
4150842,1097344
6810742,619142
6810742,210729
248502,5329
248502,694931
248502,426605
248502,2885182
248502,8765041
29462,221427
29462,569359
29462,198990
29462,2070981
29462,101856
597042,597074
597042,9642993
597042,8766797
597042,870914
597042,41049
597042,133775
397922,592356
397922,9723486
397922,2775894
397922,2130814
16242,2831267
16242,2561177
16242,53767
16242,185365
16242,1353273
444842,429236
444842,53767
444842,4192743
444842,1161997
444842,444485
202202,634555
202202,236327
202202,10552840
202202,5967498
14782,2236509
14782,198990
14782,195167
14782,207120
117602,1332536
117602,13950
465782,8421394
465782,10482485
465782,8764421
1582462,781009
1582462,53983
1582462,1381805
5480702,1019629
5480702,5714392
5480702,1235726
242642,78834
242642,113358
242642,16013
227522,16013
227522,630439
227522,78834
619602,195167
619602,1850197
619602,429236
619602,10609546
4340062,121335
4340062,9083865
4340062,9333458
4340062,8877510
194582,1087255
194582,62232
194582,4441745
194582,195167
194582,8337309
194582,618733
6725222,54889
6725222,47162
6725222,54006
2432762,1351324
2432762,1288152
2432762,6814367
839782,2595828
839782,9586343
376822,6929300
376822,7239707
376822,8763510
376822,3153065
45402,28337
45402,130235
45402,1631339
45402,90259
493682,39365
493682,20256
493682,8764421
5322,1631339
5322,198990
913362,53767
913362,4082580
4195942,6734436
4195942,1293434
4195942,4114793
4195942,25659
4195942,619088
5497642,5497636
141222,90259
141222,380961
141222,116144
6535782,4124170
6535782,39365
6535782,9876201
6535782,6820914
6535782,7091952
150663,2526990
150663,2527176
150663,2527001
150663,2527301
264423,3403
264423,213358
264423,3402
264423,22464
264423,5478982
662703,3402
662703,240156
662703,3417
662703,226967
2465603,3117289
2465603,16270
2465603,1020167
2465603,98209
22603,10942894
22603,8773911
22603,7479596
865623,8764417
865623,52828
865623,18178
865623,90259
865623,2702152
865623,8765670
3403,7907844
3403,563276
3403,11230838
262123,262160
262123,8763510
262123,8286525
262123,2396031
239643,8768055
239643,239726
239643,6929300
239643,8778144
239643,2702152
2277763,6618449
2277763,7790603
2277763,294603
2277763,46115
2277763,3235261
407603,155474
407603,90259
407603,3188882
407603,407326
2175663,420786
2175663,427702
671223,119446
671223,195167
671223,68532
4082263,9826329
4082263,4082553
4082263,4864149
3393663,3393983
3393663,3393958
3393663,9562346
3393663,1656316
1538783,7787287
1538783,3930182
1538783,42900
1538783,160185
2266143,1220602
2323,1353273
2323,444485
2323,1149365
2323,6707390
7253923,56077
7253923,54262
5831683,2171532
5831683,56382
5831683,3830
2265543,1220602
6708223,10202179
6708223,11220037
24963,1143379
24963,1143448
24963,5398459
6604883,47575
238243,5893681
238243,4860062
238243,16466
238243,195167
1343123,220968
1343123,8767492
1343123,584597
1343123,2137432
645143,59913
645143,1546239
645143,90259
90603,3990503
90603,239126
90603,8799526
90603,29862
4159143,9428681
4159143,1438320
4159143,959046
4583,4684680
4583,1208690
4583,185365
4583,53767
2124383,96661
2124383,295703
2124383,34178
2124383,29862
2124383,9411132
401383,188116
401383,90259
683623,683655
683623,683630
683623,127932
683623,90259
1314163,3386060
1314163,10542364
411343,4935713
411343,4936419
911523,9522157
911523,9522236
911523,8770773
1191063,670438
1191063,77960
1191063,3345979
1191063,919496
1191063,79914
2120343,2702152
2120343,4148033
2120343,7230655
2120343,29424
80223,93503
80223,8942126
80223,1146628
80223,1494853
23803,202580
23803,2785043
23803,15874
23803,917231
430043,8783337
430043,1797321
430043,1797971
430043,1803861
53983,3387261
53983,195167
61443,3153584
61443,3153065
482463,20256
482463,9384882
482463,9384969
482463,39365
482463,402012
13643,13616
13643,684545
13643,468
1236984,2387451
1236984,492050
631164,13950
631164,39365
631164,571172
631164,921142
1021164,22861
1021164,33214
1021164,403902
1606224,10935252
1606224,5469639
1606224,11228953
697944,115927
697944,3357363
697944,101856
3123604,8816097
3123604,102488
451664,788709
451664,2422359
451664,166243
451664,2422396
85644,374666
85644,85756
85644,1840544
2474484,10296930
2474484,6928840
2474484,10197847
2474484,8769572
194024,1493801
194024,33234
7259044,6906510
7259044,8808018
228724,8915716
228724,212402
228724,8776287
986264,8770017
986264,90259
986264,8898488
986264,4349150
986264,8765658
7425264,201880
7425264,4517098
7425264,2878948
1290964,1171916
1290964,4996497
1290964,536868
1290964,80586
3349504,3349760
3349504,3350321
3349504,5487965
3349504,5724383
3349504,9117105
22464,99625
22464,263328
22464,8765658
140064,248315
140064,571031
1258844,924554
1258844,300979
1258844,121335
8693024,1958175
1393204,8878670
1393204,9230873
1393204,3227859
1393204,134082
1393204,2862612
598404,2430171
598404,3915979
3463944,4853029
3463944,8765658
3463944,417177
3463944,3449392
1654864,54999
1654864,1490806
1654864,1143362
1654864,9424809
29104,125110
29104,8775267
29104,7286176
216044,3151595
662504,2417566
662504,221001
662504,2417531
662504,13950
4020544,3365634
4020544,4046390
4020544,3365711
125544,9747449
125544,402012
125544,186348
674964,667832
2608864,248468
17467,80586
17467,107999
17467,1053383
17467,3184862
17467,8783337
55567,2831267
55567,185365
55567,1353273
55567,6565450
55567,2363940
55567,53767
4020907,4014648
4020907,49908
4020907,1424
4020907,1381805
4020907,230447
79647,1502641
79647,1706383
79647,3384159
79647,185365
3167807,8783560
3167807,20256
3167807,6923406
3167807,1529180
658207,8765658
658207,99625
658207,1366920
887407,5386564
887407,8764421
887407,1648078
887407,8776623
887407,10365104
6765187,6893786
6765187,649649
6765187,8764939
6765187,6502925
6765187,6617739
3164787,534
3164787,81092
3388687,6719957
3388687,5903650
3388687,202801
3388687,1828506
3039347,4013874
3039347,3356170
3039347,4802612
1889547,3327055
1889547,804630
1889547,6930905
1889547,4396794
443687,621051
443687,7112451
443687,3387261
3955247,2694018
4669667,6893786
4669667,6923266
4669667,9081078
4669667,4130167
547247,455843
547247,565734
547247,40474
65367,119446
65367,125353
65367,3887
1697127,2317943
1697127,2236834
1697127,90259
1697127,165134
1697127,6841526
700227,9079712
700227,59913
700227,109743
700227,3508308
700227,9322101
45687,1019090
45687,45642
45687,2894691
66007,66135
66007,66152
66007,66201
66007,8789176
66007,66341
46467,997396
46467,1642477
46467,288103
46467,2082800
20027,606786
20027,101856
20027,243018
20027,198990
2826827,925418
2826827,2963505
2826827,2504345
2826827,2508524
253327,5703243
253327,4132706
253327,25695
253327,582703
253327,8906553
201607,218558
201607,8780824
201607,116000
201607,2835207
201607,5592592
4453307,4453297
700167,8780760
700167,535341
7442467,8794296
7442467,946742
7442467,2168783
2627587,68961
2627587,2699168
2627587,4993566
379807,90259
379807,4567392
379807,1577450
379807,52828
379807,185652
2173127,39365
2173127,9086177
2173127,9536440
561727,4688780
561727,1704367
561727,4140756
561727,495394
272387,4431512
7918247,7640149
7918247,6200335
7918247,8767493
2325187,4198246
2325187,4438063
2325187,2062791
681787,6540014
1375907,407048
1375907,1737207
8646807,8648577
8646807,1157812
8646807,1327925
8646807,81868
38002,47344
54262,1504737
54262,53767
54262,1208690
881402,590668
881402,645019
881402,797152
881402,14565
1624602,19836
1624602,185828
71062,70696
71062,70701
71062,194821
71062,70850
495862,8763510
495862,2396031
495862,8779601
495862,90259
495862,39365
47162,1087255
47162,53767
47162,3384159
4167302,4167299
24482,190319
24482,424531
24482,694931
3237222,456022
3237222,195167
3237222,269788
720382,3342945
720382,720375
720382,45436
720382,1161636
5889402,1879027
1143362,565734
1143362,24963
1143362,54576
3184862,17467
25442,53767
25442,5475141
25442,185365
25442,2363940
6903502,10565
6903502,1140718
6903502,1770127
1188322,1187020
1188322,117112
3427322,6907168
3427322,3417830
3427322,4377587
293622,4164932
293622,981573
201762,52800
201762,1190895
201762,7496
201762,1559766
1020802,14754
1020802,387773
1020802,445643
134082,72169
134082,3402
134082,404810
134082,1381805
2423942,2445658
2423942,3498816
32182,641757
32182,534
32182,740554
32182,1873929
646502,92173
646502,71968
646502,195167
646502,194943
5501962,5501897
5501962,207909
255142,617015
255142,62959
255142,59128
255142,165134
255142,914319
1017022,5988029
1017022,1108472
1017022,4406805
150922,408202
150922,9147929
150922,90259
150922,198990
3148262,335082
1341582,72537
1341582,1336634
2265122,878272
2265122,5241277
2265122,858271
2265122,617592
2265122,225242
2086082,49908
2086082,599762
2086082,4018
990842,951477
990842,946742
990842,662703
990842,1778949
990842,533247
150502,40546
150502,90259
150502,215237
150502,645
1387542,5994113
1387542,67035
1387542,4575756
7101682,18020
7101682,11229218
3679382,2339
3679382,739328
3679382,3117289
3679382,7496
3679382,411343
1016142,91102
1016142,69009
1016142,452415
3916502,1392572
3916502,3190431
1392702,535379
1392702,5045524
110402,39492
110402,127900
110402,735857
110402,401959
110402,107301
3407122,411343
3407122,3117289
1892582,447791
1892582,232153
1892582,3358910
1892582,1942279
3930182,4018
3930182,4158727
3930182,194582
3930182,3478031
5478982,16466
5478982,195167
994903,506679
994903,1386627
994903,505923
994903,2813201
299323,297447
299323,3365711
16383,15574
16383,14772
16383,5773
16383,16890
1083783,400506
166243,253327
166243,451664
166243,873602
166243,148737
166243,411131
746183,1129011
746183,3918904
746183,9333130
746183,3919009
2114883,26409
4686143,181455
4686143,1970686
654063,24501
654063,2247775
654063,3402
4438063,2325187
4860683,226967
4860683,2106748
4860683,462753
4670903,2206741
4670903,37213
3310123,3307591
3310123,1352284
401083,154714
401083,5988442
401083,60679
2056963,30820
2056963,1663167
2056963,536850
80503,71968
80503,1294191
80503,654945
80503,43835
1332703,213358
1332703,1239600
1332703,1190895
1989363,1989361
664143,101374
664143,407148
186623,90259
186623,1835814
186623,426605
8690403,117961
8043703,2327
8043703,4330496
111803,4378779
111803,5720039
111803,1908323
111803,4082580
111803,3238194
7943303,5988356
4080623,432744
4080623,1147472
4080623,1149873
4080623,43129
4080623,1706368
4080623,3711985
696723,781345
696723,376913
696723,1835814
696723,616728
696723,8785974
2779523,38436
2779523,5400853
2779523,12469
1053383,673657
1053383,22820
1053383,8121005
557943,2441411
230403,4076407
230403,3925888
230403,3319104
3328423,1536678
1433683,604602
1433683,284688
1433683,3589428
1433683,61728
1369443,1629776
1369443,142264
1369443,200362
1369443,415730
7425223,1423117
7425223,116817
1578163,28544
1578163,788638
2280603,1329059
2280603,6893786
2280603,4243803
2280603,13950
4708343,267705
4708343,1354332
1186643,3387521
1186643,195167
1186643,2169240
1186643,456022
1186643,69009
8467143,1830745
8467143,7062606
3990503,422829
3990503,4385541
3990503,23332
3990503,34926
537683,1701441
537683,704297
537683,1228640
537683,76806
972663,1349041
972663,933615
4687563,1970686
4687563,4352767
4687563,1788601
796663,4860062
796663,572000
796663,3592349
796663,2831267
3386983,407048
3386983,2472449
3386983,1847860
3125663,3125661
444123,6565450
444123,444485
444123,1755442
444123,3919009
295703,148253
295703,71968
295703,654945
295703,18154
295703,269788
3393163,1920980
3393163,1498657
3393163,1020266
3393163,3393300
3393163,4717775
582703,253327
6835283,1202400
6835283,2496105
6835283,6834610
2317943,2323
2317943,2339
2317943,1514596
2317943,6688
3351223,3351138
3357363,3290156
1739223,1739213
1739223,1369610
1739223,17389
1606583,185669
1606583,14699
1606583,186347
1606583,125629
905883,69009
905883,16013
905883,654945
90323,379322
90323,729898
90323,12646
90323,64395
90323,424531
1348443,397967
1348443,2443565
1348443,573848
2060644,415338
8446664,6811073
8446664,18101
116144,144649
116144,451939
116144,99955
8411724,3487
205784,708714
205784,256373
205784,141147
205784,152913
5045904,1068372
5045904,781009
2907744,1391007
2907744,249342
2907744,3488239
2907744,451645
2907744,800481
2508524,186347
16464,1850197
16464,1483123
16464,1313233
8465024,196476
3590364,655157
3590364,238898
6895464,1019699
6895464,9787297
6895464,5385534
6895464,10664929
70704,100116
70704,8433197
70704,2881178
70704,28337
1721384,639413
1721384,3116438
1721384,232214
2894884,1048171
1675884,502746
1675884,3199230
1675884,3503033
25724,241768
25724,2426894
25724,69009
3153584,61443
618544,480525
618544,16013
3343324,443723
3343324,3322855
3343324,234046
7907844,1753610
7907844,3403
1177584,767484
1177584,859772
1177584,852213
1177584,147875
69324,694931
69324,3188791
69324,69554
7041564,89068
7041564,6586106
568724,8785974
568724,1835814
8754404,8357660
2906924,2603693
2559204,693514
1705124,185365
1705124,3384754
1705124,621051
1705124,195899
2646424,92173
2646424,3417
2646424,3387521
6507544,203356
2464764,865514
2464764,169755
2464764,165590
3368744,3435195
3368744,1470950
2769484,7456261
2769484,2641459
2769484,62154
2786844,5910606
2786844,576780
2786844,25081
2786844,819901
3287304,12890
3287304,1784481
3287304,45484
220384,1042808
220384,551626
220384,386077
655204,621666
655204,18154
655204,16013
655204,2811600
1301284,34858
1301284,3487
1301284,1629776
561584,946705
561584,979719
561584,697944
1765504,963434
1765504,796285
1097344,4150842
1097344,692513
1097344,1212468
1097344,72412
89404,654063
89404,3663304
89404,11157294
89404,2604660
6533084,18154
6533084,47164
2258544,386457
2258544,151130
2258544,8079
36284,283296
36284,655953
36284,913602
36284,903853
1351324,47344
1351324,195167
1351324,456022
1351324,2811600
7600447,4976911
7927107,7926869
3429627,5047593
3429627,290154
3429627,4421225
1613127,1612803
1391627,98209
1391627,186901
1391627,186708
2613427,880924
2613427,4583
2613427,28882
2613427,4856313
1584287,116092
1584287,23074
1584287,2934104
1700607,1377203
1700607,4018
1700607,1007470
7787287,1538783
565567,3086621
565567,629661
565567,2474484
565567,2397298
781647,1349110
781647,45690
781647,696517
221427,694931
221427,8766797
221427,198990
221427,90259
1184527,2701051
1184527,1181873
7119367,1436848
7119367,11126
4001327,515292
1310487,262452
1310487,1310143
1310487,651688
3622987,7496
3622987,963056
827087,1431140
827087,1641875
1686227,6701981
1686227,420756
1004327,395832
1004327,876747
1004327,2078325
2401667,729898
739147,4123771
739147,2280648
739147,119446
4130167,1090484
6545667,154292
7880267,4908817
3942747,60679
3379487,2285953
3379487,97173
47647,7177310
47647,4860668
47647,4954522
387987,62329
387987,527976
1547407,451879
481507,7496
481507,3948694
481507,797152
2395587,186901
65187,1087255
65187,4210226
65187,3297547
65187,2831267
1704367,18732
1704367,561727
1704367,3403
1704367,17389
203827,203820
203827,1149248
203827,5728864
203827,2635003
3362327,4109139
3362327,606646
3362327,1452961
1737207,2721552
1737207,8764421
7943227,5988356
4959487,1249658
4959487,44057
4959487,46115
7675927,8002558
7675927,7647017
1562587,283025
1562587,1149197
1562587,125686
1562587,684550
1562587,79137
4280847,82944
236327,565110
236327,454029
236327,262989
378727,424531
378727,1298079
378727,1115164
378727,896585
54447,195167
54447,92173
54447,3387521
1972887,2183768
1972887,3402
2622087,2622026
1140487,217659
1140487,195167
1140487,565734
438987,696517
438987,451664
438987,1919896
438987,2603693
858187,2042905
858187,90259
858187,8764421
858187,6508394
2355727,64435
2355727,5994113
382202,571031
382202,227612
382202,90259
382202,1958009
888042,8764421
888042,121647
888042,995849
888042,134894
13582,913602
13582,101856
13582,90259
13582,13650
379322,90323
379322,571031
379322,9202029
379322,90259
723602,175428
723602,4007675
723602,991721
1382622,194943
1382622,69009
1382622,47344
403902,8799766
403902,262160
403902,1222575
1174522,780305
1174522,383725
118422,1861699
118422,661242
118422,2290584
31462,4176147
31462,743446
8449942,6617768
8449942,8912853
8449942,52828
8449942,8449991
5479602,429236
5479602,2117046
5479602,195167
378562,67223
378562,8866866
3898402,654945
3898402,6820914
3898402,1329059
3898402,6820807
2095362,8820670
2095362,1493801
913602,512176
913602,165134
913602,684550
913602,197306
873602,9609408
873602,3239087
225242,3502934
225242,3502851
225242,226994
3498702,39365
3498702,20256
3498702,4042323
3222022,1329196
3222022,25953
3222022,1329152
3222022,8765317
3222022,90259
210982,8822466
210982,8766797
210982,1584061
210982,211133
210982,8847160
1516102,5331089
1516102,619479
1516102,5331020
1516102,4229533
1516102,2646424
200362,9000022
200362,1042808
6565942,4124226
6565942,1665182
6565942,5884496
620062,3384159
620062,53767
620062,195167
118242,53767
118242,2785498
118242,1502641
118242,730992
384662,467963
384662,412416
384662,242085
41842,41646
41842,106068
41842,1926355
41842,1178906
174982,595058
36482,8774244
36482,149546
36482,1020899
36482,9016467
644982,272737
644982,8766797
644982,1835814
644982,1623900
644982,8767688
2331922,8424134
2331922,243999
2331922,6540128
2331922,8783337
697622,1611762
697622,8765894
697622,1207159
697622,8774597
697622,8767246
408202,424140
408202,99117
408202,226278
408202,109299
408202,38993
2376482,8780941
2376482,16466
5571702,5571537
448582,426605
448582,139248
448582,121335
2926902,9270119
2926902,121335
7627002,5522620
7627002,239748
7627002,9272111
7627002,3420622
3123402,1366920
3123402,13950
3123402,2062791
3123402,569359
3899482,598934
3899482,1610499
89442,9422899
89442,194943
89442,1706530
5702202,121335
5702202,1547152
5702202,8945342
520782,2171137
520782,8472687
520782,7496
520782,3358378
1070722,24659
1070722,1207968
1070722,583880
1070722,1070726
1070722,1207977
525482,780325
525482,780713
525482,376913
525482,113326
249342,5484375
1216362,192497
1216362,201833
1216362,539269
70862,79066
70862,101797
70862,12928
70862,4000297
70862,45642
3437982,1610499
3437982,8597558
3437982,1040359
3437982,3407072
1483123,16464
1483123,1162175
445643,714348
445643,1175361
445643,220239
445643,198990
4717643,138753
4717643,613566
4717643,808785
4717643,2171532
46643,195167
46643,7529636
46643,53767
46643,1071982
46643,402826
13183,381349
13183,8872128
13183,1958009
13183,2419892
38963,1143621
38963,176089
38963,2443949
1022943,196476
1022943,556188
1022943,2136
1022943,71356
600803,1666571
600803,600818
600803,2974148
600803,8910763
600803,90259
2120043,2720009
7072443,222754
7072443,5716314
481503,9501426
481503,2306
481503,2783978
481503,2343554
481503,3662435
481503,158814
3396483,2137454
3396483,455190
3396483,400047
3396483,2417417
3396483,6927975
1908323,120076
1908323,4082263
1908323,5675681
1908323,91789
1908323,1143112
4976703,8827134
4976703,215690
4976703,4456501
8361163,2321337
8361163,16464
2635003,203827
2635003,3370257
6602023,456022
239543,11134738
239543,5842267
239543,547587
239543,599750
551023,1083844
551023,1953723
388343,12928
388343,198990
388343,1776656
2659023,549463
2659023,1349110
658443,973299
658443,426605
658443,15874
658443,231160
1956183,1949834
1956183,1815835
1956183,241998
195923,2831267
195923,185365
195923,2363940
195923,53767
219703,8770773
219703,185365
219703,1173574
219703,195167
4684163,4684241
4684163,8768055
4684163,4224743
4684163,4684226
4684163,39365
1612803,8765359
1612803,9218828
1612803,12852
1612803,4525963
2437823,441521
2437823,98209
2437823,70779
1329703,1329780
1329703,2137432
1329703,9113575
4613183,5519060
4613183,8764399
4613183,1489092
4613183,946742
4613183,57284
505923,39365
505923,9367602
505923,9643209
505923,20256
5914783,5936249
5914783,2018550
5914783,5925678
5914783,8769533
5914783,90259
638303,195508
638303,90259
638303,641046
638303,640571
1540203,8765658
1540203,1629388
4745363,1431140
4745363,3503969
4745363,39365
14423,52828
14423,5331020
14423,90259
685643,3372559
685643,595058
685643,1489404
685643,121335
3401603,10552962
3401603,4152392
3401603,8948175
3401603,10387146
1666523,16216
1666523,1516475
1666523,7375
7251743,581033
7251743,1958175
2449843,8874356
2449843,8765698
2449843,8765136
2449843,1750971
23543,90259
23543,3306377
1765403,1083123
1765403,64406
3390923,221001
3390923,1605485
3390923,1735242
3390923,128601
448283,90259
448283,448347
448283,1836011
448283,12975
12604,90259
12604,101856
12604,8766754
1433804,270698
1433804,8803862
1433804,1433815
1433804,12852
517524,8767492
517524,9349472
517524,15889
517524,8765317
517524,4853029
493204,4258945
493204,2830148
715824,1602455
715824,140385
715824,5011036
715824,8772773
35344,34616
35344,59096
35344,723476
35344,90259
35344,95845
1380624,272737
1380624,9254951
1380624,198396
1380624,1835814
1380624,1714328
7744,402826
7744,10777398
7744,6176543
143704,8876524
143704,8881999
143704,163075
143704,567830
1668184,195899
1668184,1696170
1668184,3118738
1668184,16216
3319104,1017980
3319104,1753564
3319104,3321555
3319104,2953078
3319104,4323808
1070684,5993506
1070684,1070723
1070684,1070741
1070684,9038330
2934104,9847526
2934104,8790735
2934104,1600099
70864,289487
70864,289729
70864,248050
70864,107999
4066104,20256
4066104,4013874
4066104,4066115
4066104,5904549
4066104,39365
2175644,239526
2175644,1510195
2175644,8778433
2175644,8765658
129044,1369969
129044,39365
129044,8915003
129044,9134919
81644,9557134
81644,9557258
81644,9556816
81644,6567851
402224,13950
1445024,4228645
1445024,8536
1445024,78388
1222404,443696
1222404,10092662
1222404,1000937
1222404,2825426
1227544,3402455
1227544,4941731
1227544,1470950
1956044,4158575
1956044,651688
1956044,619296
1956044,669171
1352284,9031564
1352284,5983213
1352284,5328858
1352284,9079794
3663304,534
3663304,429194
3663304,953063
3663304,7496
4152424,2717103
4152424,2200402
4152424,9409273
4152424,8850384
2002804,693968
2002804,451939
287784,8766814
287784,283296
287784,8866157
227644,571172
227644,227612
227644,1958009
227644,8904450
227644,571155
82944,9585734
82944,90259
82944,16387
4978944,8767492
4978944,4995892
1533744,1455664
1533744,1463261
4444044,2400934
406984,8765658
406984,7177310
406984,101856
406984,116294
946684,3402
946684,654945
946684,2323646
946684,269788
383384,8766797
383384,2118372
383384,84540
481364,4042323
481364,8433197
481364,3507053
481364,559166
6569084,935215
6569084,28882
6569084,2044637
6569084,962899
641624,9881547
7637564,7690072
7637564,7640978
7637564,7923547
7637564,7640296
1090484,8882374
1090484,3316153
1090484,9595833
1090484,4130145
198984,63680
198984,317596
198984,645267
1115164,8783560
1706004,244112
135684,407326
135684,90259
135684,201734
1071084,5421029
1071084,1349110
1071084,1070843
222444,70174
222444,10185932
243824,624719
243824,113956
243824,2137454
28544,2963505
28544,1578163
28544,5590332
28544,59913
44064,1087255
44064,1353273
44064,2363940
3396744,1331073
3396744,8767492
3396744,39365
3396744,13950
99104,70656
99104,8607
99104,1742297
405344,1512092
405344,3416680
405344,195167
405344,626842
187924,412674
187924,90259
187924,1835814
299444,551626
299444,1622827
299444,1622359
55124,1512092
55124,3345542
55124,2560954
55124,195167
142264,9134620
142264,9134603
142264,1835814
142264,751825
142264,121335
142264,8766797
14884,218558
14884,144649
14884,540234
432324,8765317
432324,9354224
432324,1577450
432324,4567392
432324,90259
18084,6738972
18084,6573517
18084,5856392
259024,3359034
259024,255388
259024,1085417
259024,130305
259024,405819
5728864,5728910
5728864,2762811
1311624,1610499
1311624,4120845
1311624,3407072
2174867,1654864
2174867,2339
2174867,213358
2174867,407048
1386627,2783978
1386627,2183863
1386627,994903
1054607,1196412
1054607,1228809
1054607,272737
2940047,288616
2940047,952599
2940047,7827686
2940047,90259
1042107,194943
1042107,411343
1042107,71968
1042107,1499952
963047,8627265
963047,1686227
671667,1498657
671667,3104927
671667,3104878
1158627,3067972
1158627,93503
1158627,992230
4210527,901605
415407,1087255
415407,2831267
5987867,7787662
5987867,7690909
5987867,7690870
195227,1497785
195227,1331273
195227,10353860
195227,2069920
8607,232153
8607,99104
8607,621804
659947,741735
659947,1438320
659947,1426834
659947,3244352
2662487,1508954
2662487,226967
2662487,3278172
2662487,256955
250987,8842559
250987,251487
250987,1061699
250987,251598
1283307,1171777
1283307,685643
1283307,25659
1283307,3506351
1029887,225061
1029887,1029653
1029887,2386539
2327,8043476
2327,8043703
2327,8008175
128627,2831267
128627,32571
128627,1353273
766127,39365
766127,9026145
766127,8794309
766127,239726
766127,388818
297447,299224
297447,5847387
297447,298611
4377587,8923313
4377587,8770017
4377587,6899263
4377587,6898973
19887,99075
19887,113358
19887,125221
19887,15926
141147,2341
141147,205784
141147,90259
141147,691033
141147,198990
184207,907898
184207,9155949
184207,7295061
83707,84486
83707,39365
83707,85145
682587,2783978
682587,998105
682587,723476
682587,443696
22427,116294
22427,246489
22427,189751
22427,198990
63567,116213
63567,8766690
63567,1286413
122687,1958009
122687,101856
122687,571031
3297547,3402
3297547,1017728
4158727,4007441
4158727,2087020
4158727,3930182
4158727,8768033
780467,676803
780467,97666
780467,52828
780467,454862
780467,694931
780467,293622
3911247,4681991
3911247,10394982
3911247,1291740
3911247,3390317
4076407,8752559
188507,12928
188507,79066
667767,429236
667767,72033
667767,195167
667767,16466
667767,4868373
7923547,5359252
7923547,7690072
7923547,8042911
7923547,7918410
1164887,8768055
1164887,39365
1164887,9003114
1164887,215690
4352767,7814415
4352767,4687563
4352767,10355502
4352767,1180034
397967,90259
397967,5453457
397967,1348418
397967,2894765
6702027,20256
6702027,39365
78847,240271
78847,90259
78847,412268
78847,187830
627427,23326
627427,195623
627427,114776
627427,46115
665507,2021021
665507,5708166
8633807,2697532
645147,144649
645147,1835814
645147,63680
645147,59913
645147,90259
30327,185365
30327,4080737
30327,444485
533247,38401
533247,217798
20347,3428465
20347,671304
20347,1752337
20347,2396219
20347,90259
20347,52621
6834347,11212562
6834347,6923755
6834347,11212429
253507,8766797
253507,5968764
253507,233734
253507,2766394
1879027,5889402
1879027,8809340
4042887,3474171
4042887,10134701
4042887,2686186
876747,465437
876747,1283307
876747,1049548
1770127,195167
1770127,3384764
1770127,619479
1019187,2430171
1019187,2430100
1052602,195167
1052602,264408
1052602,2811600
1052602,456022
567002,1629776
567002,151206
211002,40997
211002,22600
4664602,1645132
4664602,2764532
6899202,6898540
295405,135916
295405,422570
295405,512724
295405,512540
1823605,1690101
1823605,9292617
1823605,2137432
46805,125577
46805,1515658
46805,1382473
1498805,1057271
1498805,8607
1498805,2537608
245805,1021178
245805,244944
245805,85768
1636005,8767492
1636005,2477570
1636005,8767493
1636005,39365
2669605,4672
2669605,404377
1988605,39895
1988605,671020
1988605,113183
6936813,2687706
99613,616620
99613,617592
99613,47164
99613,5060779
5983213,1352284
116213,228233
116213,451939
116213,550258
116213,45687
116213,14714
2831813,40415
2831813,1381805
2831813,1294063
2831813,2236530
2831813,213358
84813,4109139
84813,1456397
84813,4249685
160413,40415
160413,47164
160413,76652
3390613,4123771
3390613,284688
3898213,3897925
3898213,668058
3898213,5398817
2311413,1381663
2311413,111800
2311413,70253
2311413,56669
1287813,654945
215231,70253
215231,215158
1366431,432744
1366431,31896
1366431,91696
1366431,667564
3143231,217798
3143231,445062
3143231,1450
3143231,16242
3143231,16013
2458047,468273
2458047,2894676
2458047,661088
898647,1425650
898647,10762004
898647,1904231
1231647,3071686
1231647,1581161
1231647,1230511
1231647,1879027
2834847,2834021
3166047,3402
3166047,4018
3166047,89068
3166047,154292
1223264,53767
1223264,195167
1223264,572000
1455664,456022
1455664,15656
1455664,3402
1455664,69009
1140064,517297
1140064,1133805
2378064,44057
2378064,194943
2378064,398358
2378064,194702
1202464,259424
1202464,7496
3236664,5892589
3236664,18753
3236664,3719797
3236664,106885
3236664,68676
1447264,898693
1447264,2323
1447264,4022920
682464,700454
682464,26849
23268,9163057
23268,3206587
1656068,4652
1656068,985560
1656068,6656
999068,119446
999068,4209713
999068,1020842
106068,10425233
91268,629
91268,78945
91268,90259
91268,655953
91268,59096
4150068,2894545
4150068,3594741
4150068,556138
4150068,4724201
4150068,6841952
4150068,519509
4150068,1907605
6192268,743338
6192268,5994113
1203871,1445013
1203871,7790603
1203871,1682214
1203871,1445024
407671,33214
407671,45031
407671,69554
240271,468
240271,113261
240271,269788
240271,69009
381682,606646
381682,2767362
381682,121193
653682,269788
653682,194943
653682,389841
2692082,700058
420682,613245
420682,4450393
420682,787281
2184082,4264216
2184082,8802987
2370882,8079
2370882,16026
2370882,2768051
2370882,2370825
5842482,3174444
3408286,3407934
3408286,3174444
8134886,8121005
84486,7496
84486,176542
84486,599857
84486,4909324
84486,161090
1020486,5407733
1020486,1873532
1020486,2622026
1020486,224443
1020486,157539
4117486,4116951
8415286,954930
5686,654945
5686,148253
3176286,397157
3176286,89068
3176286,195167
3176286,195527
3176286,214324
578886,7496
578886,253327
578886,1320082
5807486,2456084
5807486,619632
5807486,8079
5807486,115081
153093,1119827
153093,153080
153093,1823204
4270693,385294
550093,1835814
550093,32182
550093,694931
524493,129697
524493,1994277
524493,32609
524493,8079
524493,898693
524493,22026
8563293,6612008
8563293,7091839
677504,626265
130504,14737
130504,79914
130504,241768
1953904,379156
1953904,1953903
1953904,379807
1953904,1714673
2236304,668501
733905,654945
733905,888042
733905,195167
8566105,594892
780305,780325
780305,9072601
780305,1174522
1709305,47164
1709305,40415
1709305,194943
1709305,154292
998105,194943
998105,269788
998105,1222607
1494905,2206712
1494905,4109139
1494905,1083054
1494905,606646
1060105,534
1060105,185669
1060105,616089
1060105,1452961
2647118,5819
2647118,27477
2647118,87502
2647118,101543
5702318,5702202
5702318,203356
1718,92173
1718,195167
1718,16013
1714328,3475461
1714328,1380624
1714328,979719
5610728,5605673
1190936,43129
1190936,37213
563536,563509
563536,64395
3316536,3318192
3316536,3318211
3316536,3318415
3316536,3316762
3316536,9878052
442336,194943
442336,269788
442336,2441411
453337,47164
453337,25659
453337,18154
453337,388296
3043337,2474484
3043337,4167305
3043337,4021300
1000937,35792
1000937,1817940
1000937,1000801
1000937,7496
7604737,1220285
2321337,16216
2321337,7375
2321337,8361163
2321337,195167
2171137,10988805
2171137,6557366
2171137,956168
899537,412648
899537,420798
899537,645019
596537,4040675
2443949,743338
2443949,2442892
381349,102875
381349,130115
381349,1209106
381349,115699
6632549,6933776
6632549,3898402
6632549,16325
481349,54603
1559749,2878378
1559749,1588922
1559749,1329165
640755,1553605
640755,971533
640755,39365
1031955,1348116
1031955,629661
1031955,217798
1031955,292862
6714555,68961
6714555,262837
6714555,117829
1926355,41842
1926355,155895
1926355,1393531
1926355,1640068
571155,783394
571155,227644
571155,122557
3321555,94160
3321555,1505933
3321555,1320082
7231755,3428159
7231755,174968
381956,1179012
381956,1958009
381956,9606321
4531956,2203831
60956,1052681
60956,614049
3282756,14714
2068756,262452
3922156,258876
1315556,232153
1315556,1279829
4224156,1323276
4224156,6834610
4224156,1323275
140157,387773
140157,85716
140157,533454
140157,136897
1602757,53983
7142357,5513035
7142357,5497885
7142357,8000901
7142357,8002558
2147357,904313
2147357,45484
116957,1348116
116957,16431
116957,646545
116957,599191
991757,505395
991757,2439139
991757,505046
991757,7319373
991757,505515
7401158,2082152
8618758,6765140
1177558,852213
1177558,89068
1575758,109215
1575758,410513
1575758,45577
1575758,410488
1575758,51902
1575758,116289
557958,4143454
557958,1111563
557958,32405
4939558,37168
4169958,5736598
4169958,5675570
256972,654945
256972,1326122
256972,6530714
256972,226846
2118372,65187
2118372,383384
2118372,154292
102972,424531
102972,155769
102972,571038
790772,377542
790772,2260061
737172,737118
737172,534
737172,995676
8735772,1068032
2042572,122557
6738972,6738930
6738972,7900486
70772,4000297
483581,1421570
483581,90259
483581,4939704
8120181,4330274
560382,115746
560382,559577
560382,17186
560382,17175
1314582,39895
1314582,1156508
1314582,2713410
1314582,32405
4844382,37865
547782,1706368
547782,630809
547782,404810
654392,113956
654392,5659
654392,5968764
654392,80586
998392,28882
998392,963047
998392,6834610
998392,2474484
7251992,3001258
7251992,1605598
7251992,7273280
5783792,2934385
1581192,69009
1581192,269788
1581192,16013
215392,154292
215392,116289
215392,215158
215392,46115
45392,424531
45392,45031
8313992,56382
5856392,18084
5856392,3174444
5417992,796663
5417992,72413
5417992,269788
1290997,241768
1290997,551768
1290997,71968
1290997,3402
6899197,6898540
1031597,195899
1031597,429236
1031597,1755442
101797,113358
101797,131443
101797,125256
101797,101537
4857997,116621
4857997,287875
4857997,293438
1000801,39365
1000801,116144
1000801,1000937
1000801,8930168
1000801,5604252
453601,10673869
453601,2341
453601,9142107
453601,4014034
453601,8767492
107201,53767
107201,185365
107201,2561177
107201,1313233
1553605,206039
1553605,1048171
1553605,2395716
1553605,3403
636805,9152235
636805,1419682
636805,1419856
636805,1419771
636805,1419639
47205,2561177
47205,4186764
47205,2831267
47205,1087255
3394005,8781168
3394005,8768116
3394005,7587781
6612008,7085648
6612008,8446664
6612008,5453606
78808,3163798
78808,199436
2537608,482902
2537608,3319104
2537608,151522
2537608,1498805
200408,429236
200408,1847796
200408,4416117
557618,3887
557618,490749
557618,17389
34819,36066
34819,8765975
34819,34616
34819,95845
34819,3148262
82831,2561177
82831,2614460
82831,53767
82831,1087255
1118431,4042323
1118431,39365
23231,1493801
23231,101814
23231,5659
23231,113792
6618431,1559749
6618431,2114883
6618431,39365
19236,1958009
19236,571931
19236,1022209
629236,1351324
629236,185365
629236,5962030
629236,8594275
2790043,4343588
2790043,5900844
448843,4007675
448843,1838256
448843,90259
448843,103285
448843,39365
2175243,8765658
2175243,1329059
4518843,1920980
4518843,7226503
4518843,4169888
4518843,4677909
224443,9573087
224443,3166295
224443,9572882
1323644,947395
1323644,1610499
1323644,1605076
4625244,10756454
4625244,217621
2066460,1519037
2066460,79936
2066460,9287032
794062,7953493
794062,628228
794062,794794
794062,794248
1640068,7651893
1640068,1178906
1640068,1926355
1640068,2482597
1057271,153379
1057271,47164
1057271,71968
1057271,18154
1057271,119446
4696473,195167
4696473,4696487
4696473,2137454
4696473,443372
5605673,8778105
5605673,8773831
5605673,8820125
538477,899103
538477,90259
538477,8766797
538477,1607462
538477,1434044
178877,90259
178877,9671727
178877,2950305
91295,91255
91295,1563162
91295,4014648
4302095,5993506
4302095,8764421
4302095,2396031
4302095,1210805
4302095,90259
1964895,617187
1964895,1964865
3360500,121335
3360500,3360526
657700,666109
657700,13950
657700,442336
60900,9060952
60900,71049
60900,115927
4021300,4531675
4021300,4681584
4021300,3043337
888904,620759
888904,3166295
888904,13950
4939704,37168
4583714,2561531
4583714,10176314
4583714,2360860
5469714,5470338
5469714,5470165
5469714,5470263
5469714,8779328
5469714,5470152
697719,1835814
697719,3043123
697719,90259
697719,198990
535719,4395267
535719,6909717
535719,8576685
2921719,8783560
2921719,29862
2921719,4310031
1064130,3503411
1064130,8418807
1064130,639975
1064130,8418792
1064130,7527064
1287330,429236
1287330,2333892
1287330,4230367
1287330,7597289
1287330,60426
1287330,11043792
6738930,6738972
6738930,8765658
6738930,8773831
695330,780713
695330,90259
2236530,2347237
2236530,2399509
1109338,4042323
1109338,9992483
1109338,9992579
3368938,118619
3368938,3417
3368938,226967
3368938,3098589
3368938,71665
6617738,6617768
6617738,6930932
6617738,6850987
6617738,8467284
6617738,7076107
3386139,579450
3386139,3356170
4448939,9880169
4448939,39365
4448939,8767492
644539,52828
644539,1915886
644539,1915644
1736139,38239
1736139,3417
1736139,3402
257753,54999
257753,68990
395353,1239491
395353,9579036
395353,5659
5408953,5408955
5408953,1611762
5408953,1357521
5408953,3288536
151353,8764421
151353,90259
151353,8763510
267753,467050
267753,43835
148157,8779491
148157,1606583
148157,1834360
2767362,4212992
2767362,4686805
2767362,2108946
2767362,4687086
7893362,7923547
7893362,7637638
7893362,8120181
1096573,551510
1096573,1222721
1096573,56912
237773,160185
237773,42900
237773,681170
237773,680727
7319373,946742
7319373,991757
7319373,5918
7319373,2899782
7319373,8765712
3406573,3406596
3406573,5453250
3406573,3406586
3406573,2702152
113389,194943
113389,125208
113389,400047
113389,92584
113389,5577663
113389,62232
873389,8767492
873389,54031
873389,90259
3622201,39365
3622201,8767492
7943001,7942795
467401,37753
467401,8764399
467401,8987807
1133805,1135164
1133805,1140070
1133805,1134310
985405,1443757
985405,7435136
985405,1761281
1904605,1904576
153005,9478817
153005,1686227
153005,653771
1919409,11228060
1919409,8592719
1919409,4703187
1919409,8588175
1919409,4012738
121009,70772
3415409,4703187
3415409,1329059
3415409,4243803
260213,3588094
260213,3365793
260213,560463
264613,491417
264613,195167
264613,1114897
830213,1207660
830213,8780941
830213,9757438
830213,2621362
830213,100294
1910615,3351223
1910615,79936
1910615,39365
1910615,4804635
1910615,4212171
287015,2963505
287015,121335
287015,903580
55021,1015734
55021,1502641
55021,8302907
55021,444485
7951021,4169888
7951021,5513016
7951021,7637638
7951021,8119754
7951021,2833534
387021,8862479
387021,4278001
387021,732857
387021,4276916
709021,5565107
709021,1329780
709021,198990
709021,8597558
4530621,129097
4530621,4379553
4530621,611415
148221,3006087
148221,4275023
148221,9453482
148221,3005980
148221,3050814
2707823,4225265
2707823,52828
2707823,9826949
2707823,121335
2707823,806264
5901023,1512835
5901023,17774
5901023,4864149
5901023,1143112
1469423,639413
1469423,1463370
1469423,2694018
4476623,153379
4476623,439142
4476623,932733
4476623,46115
197423,91300
197423,1759643
197423,11142
197423,1723064
1033824,2416735
1033824,4831250
1033824,8770978
963424,963488
963424,90259
963424,726138
259424,90259
259424,84540
259424,1202464
85832,39919
85832,29424
85832,2789207
85832,90259
230632,11191
230632,3718
230632,23803
230632,539831
395836,395840
395836,1005016
395836,3488630
55436,90259
55436,8768921
55436,793295
55436,116925
62636,1329059
62636,20256
62636,10020845
3315046,3315073
3315046,3594891
3315046,3503379
3315046,5556340
3315046,3482657
81446,335706
81446,563276
81446,473838
1419046,8770773
1419046,618544
1419046,7287678
1419046,3297547
1419046,195167
505046,5993506
505046,39365
505046,20256
2910246,6811322
2910246,7126113
2910246,90259
2910246,32182
2910246,1329059
379050,231160
379050,5146881
379050,1958009
3579050,9312243
3579050,5052159
1735850,186348
1735850,195899
1735850,1512092
1735850,655204
144650,94823
144650,8765658
144650,1389330
144650,1785200
1841856,225061
6656,1502641
6656,1937531
6656,3145615
6656,2831267
6656,4860062
268262,5904549
268262,9890065
268262,9878011
52262,2831267
52262,4441745
52262,1755442
513462,3166047
513462,21624
513462,1468011
513462,8768921
513462,3320698
445062,2363940
445062,1353273
1171068,1489092
1171068,13950
1171068,569359
655868,656011
655868,9531598
603868,8767492
603868,8038284
61068,8843876
61068,677848
61068,250134
61068,90259
1224279,2523250
1224279,200426
1224279,925418
1815479,20256
1815479,90259
1815479,39365
1815479,9230873
2394679,2394710
2394679,2394737
2394679,8767493
435080,1837675
435080,54031
435080,70852
4628280,6816538
4628280,2259740
153080,153093
153080,547782
153080,694931
153080,550106
59080,417510
59080,1006888
59080,645989
59080,952599
603882,8767492
603882,1128799
603882,90259
603882,8904294
227082,9274490
227082,241071
227082,90259
227082,226708
898282,898080
898282,1090073
1743887,2456541
1743887,99625
1743887,2501553
31896,3384159
31896,8783337
31896,53767
1011496,2289335
1011496,9313612
1011496,7941045
1011496,8042291
461496,10262056
461496,10261939
461496,10262033
461496,4040675
388296,453035
388296,424649
388296,453630
388296,136625
6530714,1109379
6530714,7590150
289514,2271912
289514,136660
505515,3933625
505515,5993506
505515,90259
39515,1910751
39515,9866954
39515,509968
39515,3283918
387115,71968
387115,1508954
269518,194943
269518,1113038
269518,18154
269518,47344
269518,55586
559118,4650473
559118,260596
559118,5895353
559118,135307
559118,9081078
5891518,9277690
5891518,1735242
187918,8780824
187918,3191303
187918,9819722
187918,8765975
525518,8841986
525518,8868540
525518,9022727
525518,121526
125520,14597
125520,15926
125520,2003839
125520,5819
125520,415749
1879920,5481523
1879920,1581278
1879920,3407072
1781123,5884571
1781123,8914586
87923,9031153
87923,2089116
87923,1895934
1385940,419775
1385940,1385601
5542740,987543
5542740,8768921
5542740,300766
5542740,5547568
5542740,5546075
6765140,6690427
6765140,7072236
6765140,8267773
6765140,5349926
511942,8767492
511942,4838534
511942,90259
377542,39365
377542,790772
377542,8815093
1781943,4686643
1781943,53767
1781943,195167
772343,2087020
772343,4727905
127943,207120
127943,739121
127943,739147
127943,12928
101543,113250
101543,3100603
101543,90259
766351,5861303
766351,1623900
766351,8765320
766351,778548
124751,8942635
124751,400047
667564,4944991
667564,10259206
667564,1192997
667564,1164573
423966,1278373
423966,8949549
423966,9095565
423966,1278363
423966,992153
1138784,702278
1138784,2885826
1138784,2100853
1138784,1217304
1138784,8762941
1108384,3368744
1108384,3316536
1374384,39365
1374384,932104
1374384,2151100
1374384,9533688
1374384,3416680
23194,3651728
23194,7355229
23194,20194
23194,10168309
669597,568108
669597,10107695
669597,2419145
669597,1702580
259997,207120
259997,8042291
259997,1340198
695997,8768921
695997,8951286
695997,256496
695997,409153
695997,6929300
3110797,90259
3110797,69324
3110797,29424
3110797,706345
3110797,8762941
5621603,2621334
35210,667335
35210,12646
453630,37213
453630,47164
453630,3402
453630,388296
295240,59313
295240,1349110
295240,150926
295240,3948694
1706453,1628997
1706453,6537029
1706453,3087615
1706453,1191839
2100853,1138784
3036053,566435
3036053,3188990
3036053,681779
4505657,8299400
4505657,3314796
4505657,4505656
6628066,3417
6628066,16013
6628066,3001258
2490471,8376012
2490471,885351
17671,951899
17671,17531
17671,195227
3154471,3154334
388086,53767
388086,1850197
388086,4080737
56912,194943
56912,18154
56912,47344
56912,262890
56912,16013
6909717,48017
6909717,630878
6909717,13911
6909717,1629776
6909717,69382
3590528,4163709
3590528,4176848
3590528,151914
1208128,455563
300130,299960
300130,1132936
300130,650247
300130,1436352
1371330,16201
1371330,148846
1371330,55567
1371330,152730
1371330,4018
249730,1658693
249730,153379
249730,1379372
5060933,5060779
68939,436976
68939,78418
68939,113183
68939,1314099
3480139,3480067
3480139,3319163
3480139,558519
1569739,28984
7879350,7878164
7879350,7690545
7879350,7878559
5895353,559118
37753,37747
37753,467401
37753,37716
7141762,8640247
7141762,7961241
7141762,8043703
7141762,11112757
6555377,5884496
6555377,565734
6555377,3087615
6555377,1885835
1702580,262452
1702580,282643
1702580,7496
4416180,4043097
4416180,3161067
4416180,1064493
4416180,195167
6617780,6923266
6617780,5884496
6617780,456022
6617780,1769451
217784,34050
217784,40415
217784,2113802
217784,796663
217784,2467552
3406596,3406573
2119401,2119399
2119401,549698
2965811,2311
2965811,3493
2965811,430609
2965811,1693
1160220,127522
1160220,4570346
1160220,1329165
1160220,645120
2417825,118629
1728225,705861
1728225,881531
1728225,2350337
7755425,295955
2773025,119478
2773025,2764636
2773025,2281581
2773025,3402
2773025,47344
2773025,404810
5707425,3386139
2885826,2100847
2060238,3345359
2060238,979719
2060238,732288
2060238,444842
890656,410472
1206663,197306
1206663,522834
1206663,556177
241071,54476
241071,227082
241071,78869
241071,242714
241071,68532
4896272,1349110
4896272,96853
115487,1344024
115487,25371
637091,16013
637091,43835
637091,150993
4123512,2001501
4123512,604602
7493112,6688
2872312,2044637
2872312,4881840
2872312,31773
2872312,681859
2872312,593781
3475525,3475461
3475525,534
7819525,535719
2687531,195167
1752337,288368
1752337,20432
1752337,889135
1752337,43558
2394737,4169958
2394737,8107764
2394737,7141880
2394737,2394679
4042748,5840428
4042748,4162166
4042748,10537869
4042748,8838261
570748,4652
570748,4077849
570748,20482
570748,92368
2973952,1213928
2973952,262174
5728352,5728321
1042755,13952
1042755,83779
1042755,16431
3322755,3319163
3322755,2397298
8119566,7951195
1446766,70704
1446766,70751
1446766,108946
1446766,402689
2159566,599191
2159566,2323
4799590,8799356
4799590,4799595
4799590,546957
981191,43558
981191,7496
981191,933615
2185992,2482597
2185992,700896
2903592,3402
2903592,2758755
2903592,91696
2903592,16201
6289992,5994113
6289992,7142304
6289992,7666126
6289992,7951195
6289992,4790443
412393,240256
412393,3935641
412393,574187
412393,1479803
412393,1180147
5724398,2649224
1859598,295380
1859598,6578544
1859598,1518832
1859598,199693
1859598,1859574
3854004,8393627
3854004,7496
5507621,3911247
5507621,7142193
40432,40474
40432,806790
40432,27276
40432,545128
40432,134367
242033,1121152
242033,61048
242033,23240
8618833,1780242
8370833,2456084
2087646,76009
2087646,40415
646046,1382388
646046,512176
646046,562535
4578049,950816
4578049,6618431
4578049,4578048
2654849,11107927
2654849,6917748
722050,251983
722050,722215
722050,787879
722050,722332
113250,19236
113250,101543
113250,69009
113250,142070
113250,238243
5453250,5421029
5453250,5994113
1514863,13952
1514863,11126
55663,194943
7642063,7951021
7642063,7923547
7642063,4169888
4531675,3319109
4531675,4531652
4531675,5727447
1217280,2241015
1217280,237634
1217280,3230832
1217280,8768033
1217280,1036279
898080,898216
898080,239450
898080,90259
898080,903853
3594891,1907605
3594891,444225
3310091,3307591
3310091,5994113
1094091,100906
1094091,1094087
734891,78869
734891,43468
3148506,3887
3148506,335082
3148506,35281
550106,51755
550106,1980810
785309,1185005
785309,70036
785309,631723
6057322,5994113
2206925,39365
2206925,1458339
2206925,1590922
2206925,8767492
3360526,3360500
3288536,218509
3288536,5408953
726138,696517
726138,254948
3490138,1111010
3490138,4224768
3490138,4949046
8471738,5982933
445338,6381339
445338,1643772
445338,8885010
445338,1516038
445338,1629452
1066138,8121005
1066138,7496
1066138,1066106
874945,421166
874945,7238758
874945,1518004
874945,9646516
874945,9646472
874945,2963505
7234145,3428159
7234145,174968
415749,1504402
415749,125520
415749,90259
1834156,85768
1834156,1701441
1298161,558712
1298161,7496
1298161,399686
7442961,1202547
890171,410472
5884571,5812799
8733375,4193097
419775,105954
419775,273356
419775,6986737
8471775,5982933
7587781,3071686
7587781,454003
7587781,1167329
4022988,1369086
2558988,4042323
2558988,3088507
2558988,195167
1573390,11142
1573390,2323
1573390,97173
1573390,241784
7986990,7923547
7986990,3617029
7986990,5513017
6783811,1450
4194218,1512092
4194218,6574097
4194218,53767
3883818,1623051
3883818,3883810
3883818,4077849
4995828,274212
4995828,2041453
2686228,3955247
2686228,10092301
2686228,992153
2686228,3451558
1055034,40821
794248,794062
71863,2321219
71863,53767
71863,4441745
5470263,5469714
806264,206039
806264,606646
806264,797152
806264,4109139
1723064,1724665
1723064,1723659
1723064,1635067
111864,194943
8428664,7120775
7527064,1064130
7527064,2059646
1873464,1910615
1873464,2464062
1873464,7333
1873464,112179
766265,97173
1083865,1292980
1083865,551023
1083865,59072
2043885,23234
2043885,693257
8576685,5477491
2771890,2771845
2771890,1349110
2771890,581606
654290,24501
654290,451939
654290,1897661
1120698,15647
1120698,869564
1120698,429226
1120698,550093
4901498,8820340
4901498,4371526
4901498,7202490
4973510,242186
4973510,3203488
4973510,3358910
4973510,4973497
417510,34194
417510,1753610
1134310,1133805
1134310,1140118
3283918,39515
381518,3441
381518,44057
381518,386108
1656719,556177
1656719,1917091
5518330,133172
183130,129642
183130,23803
183130,297831
1162336,2397063
1162336,3104464
1162336,3034773
79936,79465
79936,2323
79936,40474
79936,2066460
4841544,1217299
4841544,702306
7135150,6704841
6794350,206738
6794350,67035
6794350,292862
3111156,2339
3111156,4713906
1515156,195167
1515156,16013
1515156,69009
99956,5993506
99956,8780211
99956,8803453
99956,100197
8597558,635947
8597558,8694062
8597558,3403
1281568,630809
1281568,8121005
1281568,7496
1281568,955727
903968,1098304
903968,1322
903968,128830
973572,670438
973572,216391
973572,7496
675172,268262
675172,76652
675172,2339
675172,294603
690372,1806513
690372,1423359
690372,598934
690372,90259
5843972,3174444
5843972,4124467
391178,54476
391178,3402
391178,148253
7915987,4169888
4703187,1332383
4703187,3275796
1966395,444555
1966395,3574
7084800,81868
1193600,2151404
1193600,140385
1193600,562696
78418,28587
78418,1536374
78418,79066
78418,101856
476833,4221243
476833,1421570
476833,1165199
476833,3316153
4790443,97857
4790443,7666882
4790443,5675570
4790443,7228487
7428843,1715498
697685,8765167
697685,158511
697685,2187513
697685,158814
513701,10519478
513701,5757722
513701,10519421
513701,10519354
187303,291923
187303,62232
2771303,619367
2771303,429236
2771303,16216
2771303,195167
4976120,782600
5931331,5914783
1220967,1419682
1220967,9954341
856172,7814224
856172,56798
856172,4898353
856172,3023472
60992,79066
60992,655793
60992,614049
60992,1630587
60992,412213
60992,283296
2435392,4695118
2435392,3341859
2435392,1292361
2435392,194943
1830601,1830549
1830601,913371
1830601,4379076
4206629,8596
4206629,504055
4206629,6533954
3416241,3416611
3416241,8773831
3416241,4042323
3416241,3415031
8640247,8000051
1838660,1838781
1838660,154556
1838660,904313
59478,25724
59478,59383
59478,542533
1917091,4818166
1917091,52828
1917091,1210805
4069091,4067561
4069091,49908
1133116,5007244
1133116,2324026
1133116,5007289
3357116,8767492
3357116,785836
3357116,3282935
3357116,1964895
3357116,77446
1350718,829107
1350718,52828
1350718,1910211
1350718,285304
5470723,2275016
5470723,121335
1163534,1835814
1163534,90259
1163534,121335
1163534,1163755
1163534,1164359
445134,195899
445134,3387261
445134,195167
445134,228076
7227545,5512924
7227545,7141880
7227545,7214749
7227545,8107764
704370,2656136
704370,694931
704370,1529078
387570,9030442
387570,5349886
387570,251943
606771,566985
606771,606786
606771,8764421
22792,2830148
22792,9512723
22792,2477746
897992,164849
897992,3165690
897992,447525
150808,2845674
150808,702954
1056408,292337
1056408,90259
1056408,1056337
1056408,54031
950816,91071
950816,5758284
950816,5758310
3318817,3430899
3318817,1189699
3318817,1553869
34050,217784
34050,128918
34050,33902
34050,128830
6624461,3384764
1805261,195167
1805261,1355429
1805261,619479
1805261,4630503
224461,8764421
224461,9549147
224461,59913
224461,2151907
224461,8911946
3104464,2341
3104464,140112
3104464,2112189
3104464,39365
3104464,195926
2814899,121193
2814899,1679538
2814899,160617
2814899,899103
1314099,4221598
1314099,7530428
1314099,1988579
290105,893073
290105,614049
5573321,8773831
5573321,2067609
5573321,8930200
5573321,8767492
3347744,4042323
3347744,3347803
3347744,4507331
1514150,445140
1514150,1765046
1514150,1735242
1514150,13955
3496565,2306528
3496565,1420300
3496565,44266
3496565,4080098
4162166,3324214
4162166,800481
2166,7228487
2166,7961014
2166,11252239
2166,7639907
5063040,8767428
5063040,5063078
5063040,7731114
5063040,52828
5063040,8776399
5621444,7594
5621444,447806
962295,42890
962295,11045511
962295,11045366
962295,8811446
1037500,1765046
1037500,2845731
1037500,195167
1037500,11024091
1037500,7441781
898300,898080
7840743,8002558
7840743,7248821
7840743,4169888
7840743,4169958
7840743,7951021
2071152,9383324
2071152,266546
2071152,542269
2071152,9383339
175159,290205
175159,90259
175159,8780824
175159,8923210
175159,8848629
175159,39365
3429561,3360262
3429561,10625126
3429561,654939
3429561,1858746
1139996,8775121
1139996,741735
1139996,1378634
1139996,296116
1139996,160185
40821,1054903
40821,1055034
40821,8811310
1575240,8763201
1575240,90259
1575240,79117
149641,529468
149641,1047597
149641,527692
149641,529527
149641,116294
149641,8890605
39241,995681
39241,5709844
39241,149230
448846,411343
448846,103285
448846,16890
448846,3402
2493,9097104
2493,955138
7141701,7983126
7141701,4169888
7141701,7226612
7141701,4330377
7141701,7923547
5512924,4330278
5512924,7923547
5512924,4169888
5512924,7141146
527326,9886847
527326,8304024
527326,9886792
527326,9740646
1624934,1555327
1624934,98062
1624934,2828252
1624934,1633733
4508134,8776255
4508134,641716
4508134,4508151
4508134,8774160
7690545,7879350
7690545,7879382
7690545,8776240
7690545,7690909
6740152,1329059
6740152,2420697
1269753,1349110
1269753,89068
4013771,4042323
4013771,8537438
4226592,10074193
4226592,1209470
4226592,52828
2247400,4222868
2247400,4042323
1607419,8573897
1607419,11215300
1607419,4007675
207421,101856
207421,8780760
207421,388590
207421,376580
1980221,1559749
1980221,8765658
1980221,8838437
1980221,10630044
1980221,1083684
282643,1020266
282643,8774244
282643,10478234
282643,9377170
282643,1939857
1711457,696876
1711457,192573
1711457,407894
677906,2871422
677906,1329059
677906,3942879
1815506,3100603
1815506,3100373
1815506,1815536
1815506,3100572
401121,4451297
401121,213358
401121,44072
401121,1349110
508342,5993506
508342,9037923
508342,8778270
508342,8764421
1121152,242033
1121152,2836450
1121152,41429
617169,146004
617169,617187
617169,4025874
97220,1202051
97220,8802617
97220,2813379
97220,97857
97220,98136
3087621,4957545
3087621,1755442
3087621,572000
3087621,3379298
3087621,3061946
1030036,5987660
1030036,1031025
127653,450535
127653,2897252
1094087,18393
1094087,571031
1094087,1835814
1094087,1094103
1094087,2637749
1094087,1094091
1367687,399586
1367687,1083191
1367687,238898
1367687,9164
239692,8773897
239692,239643
239692,8794309
239692,8766797
3682898,10420330
3682898,3447627
3682898,52828
3066919,2206856
678137,289725
678137,8843876
678137,1278099
678137,613527
678137,250034
700549,1856272
700549,215690
700549,6570481
700549,140385
4124549,4125150
4124549,2325187
7071760,1818321
7071760,1818001
7071760,8373526
25367,8866110
25367,113956
25367,2043562
25367,8808493
25367,5659
25371,115487
25371,35370
25371,113956
25371,5659
825378,4659515
825378,90259
825378,36693
825378,8786121
383790,90259
383790,2130130
383790,52828
52638,1313326
52638,4524313
52638,300394
52638,9422234
124646,9454054
124646,8765103
124646,1056337
967866,5498409
967866,10392492
967866,2507909
711866,1611762
711866,713767
711866,8766797
1955072,1016142
1955072,1955115
1955072,160185
1955072,1955122
559886,10223120
559886,2845731
559886,1741245
559886,560463
151914,4281016
151914,2122975
151914,676270
4215957,49908
4215957,38436
4215957,3979634
3918365,8767812
3918365,3482551
3918365,3475951
3918365,4977011
111967,1889547
111967,107656
111967,3402
111967,3619541
134367,29424
134367,90259
134367,40432
470394,3513089
470394,946742
470394,732857
470394,5993506
470394,90259
5812799,5884571
5812799,5667564
5812799,8588175
1513600,18154
1513600,92173
1513600,195167
1360118,56382
1360118,371941
1360118,822912
1360118,3402
1360118,547005
7270523,31896
7270523,3333492
7270523,13952
1555327,1624934
1555327,781009
1555327,19836
5750563,1313282
5750563,47575
5750563,1322407
5750563,216829
5750563,8528
4694630,3594475
4694630,72413
4694630,3417
25856,14905
25856,101820
25856,645928
25856,621804
893073,290105
893073,282901
893073,59925
829107,107636
829107,118242
829107,797152
227552,125619
227552,4225557
227552,4368899
5501201,5501167
5501201,697480
2058047,690812
2058047,5994113
2058047,1139714
3405276,3405142
6819685,39146
422912,90259
422912,422913
422912,8996806
3347803,3347670
1031025,1030036
906242,496563
906242,1015804
906242,828473
3335090,8791812
3335090,8819768
3335090,617015
960716,14772
960716,1931
960716,404810
3415141,10183
3415141,3415031
394347,473331
394347,394293
394347,4103678
394347,840661
394347,839255
400820,3475461
400820,78362
400820,154714
400820,9164
3581677,2943089
400877,154714
400877,3402
400877,4124549
400877,1430118
400877,630439
6570481,18515
4631308,6537029
4631308,8596246
4631308,1769451
6698509,5047614
6698509,3402
6698509,796663
61728,54403
61728,29564
1223345,120835
1223345,91299
1744945,151981
2477746,5951168
2477746,369135
2477746,1375101
2477746,22792
2525752,32405
2525752,292862
2525752,230447
2845752,150808
45783,468
45783,1313282
45783,6231
45783,40415
4977011,3471363
730651,1318780
730651,214926
730651,493566
2801082,1042973
3236323,22998
1815536,1088058
1815536,913371
1815536,1815506
2657204,625485
2657204,5045251
2836450,1121152
1642887,242186
1642887,1069444
1642887,1642860
1201324,92173
1201324,264408
1201324,47344
110196,17467
110196,292862
110196,399586
110196,107301
295892,295612
295892,3152532
4043092,185624
1982303,16013
1982303,1150777
1982303,3402
1982303,195167
1982303,121193
932750,119446
932750,3719797
932750,6618449
932750,16325
3025598,2847839
3025598,402267
3025598,37508
1982427,71968
1982427,262890
1982427,43835
3646446,7496
2104046,233750
2104046,66333
6532865,15322
6532865,16252
6532865,3417
6532865,217798
6824078,289913
6824078,2344071
6824078,217659
6824078,241998
1854545,408366
1854545,1591501
1854545,78834
1854545,1629776
721768,150018
721768,272737
721768,10031335
721768,4010059
721768,109851
3332982,4065919
3332982,2363153
3332982,5380549
3333003,3351131
3333003,3351114
3333003,3351126
3333003,9880814
7281820,111800
7281820,3188791
7281820,3225339
4677028,4676940
110633,3364
110633,110466
110633,402263
110633,142652
4881853,4881840
8248323,3309498
1614723,69009
1614723,1682214
1614723,103390
7141146,4169888
7141146,4169958
7141146,8107764
7141146,7923547
7141146,4330274
4856378,47991
4856378,2697532
4856378,385941
4856378,6618449
4645224,4631469
149230,20256
149230,8764421
149230,39365
62868,90065
62868,39688
62868,779564
62868,122392
62868,19836
430903,641600
430903,67318
430903,430323
430903,2291798
430903,98209
430903,1607817
1054903,461496
1054903,40821
4002103,3438
4002103,2339
4002103,515592
7224503,7951021
7224503,7248369
7224503,8000160
1538115,443172
1538115,46643
1538115,641717
1538115,62115
1538115,849540
4818166,30327
4818166,3174444
4818166,1917091
4818166,6841952
8565396,2575
8565396,6825733
8565396,2458047
2882200,5974133
2882200,3121349
2882200,4789471
1240696,696929
1240696,32405
1519116,3417830
1519116,72537
1519116,3424574
1519116,33391
1519116,4050075
2623172,18097
2623172,264408
2623172,1323275
4661605,8596628
4661605,8859225
4661605,12975
7621629,1503314
1368834,8773298
1368834,1329196
130437,1020167
130437,45687
1900049,3417
1900049,2339
1900049,2632270
376849,708916
376849,260083
44072,185365
44072,3384159
44072,4210226
568878,1745674
568878,645147
568878,2865066
568878,149182
2239325,528013
4508151,4508134
5445771,1309655
5445771,5421029
5445771,7790603
3580174,1303051
1833034,3477012
1833034,1215831
223438,194943
3276267,510828
3276267,3276262
3513089,1065439
7493899,496469
3164316,95975
2415525,125577
447525,3417
447525,16013
447525,447510
447525,18154
447525,119478
693928,272737
693928,8766786
693928,1744945
693928,116000
693928,1089885
562737,562622
47592,195167
47592,1249658
47592,2169240
47592,654945
633216,92173
633216,654945
633216,195167
633216,16013
649354,4018
649354,79647
649354,682095
649354,619296
3388563,4025874
3388563,4122974
3388563,1148993
1814169,2136
1814169,235949
1814169,7758915
1814169,5238790
889447,63189
1321510,1319571
1321510,2654849
1321510,6841952
7731114,7731058
7142314,7980446
7142314,4330498
7142314,5675570
620714,386249
620714,1149365
620714,983579
4831928,4831902
4831928,3617029
