1187821,117112
1187821,1187020
4456501,4122807
1502641,456022
1502641,92173
1502641,654945
1502641,195167
1502641,16013
4095348,2041453
4095348,3424574
4095348,25659
4095348,1349110
5785388,576780
3920428,258876
2342701,6257400
2342701,733898
2342701,1654479
2342701,258507
2342701,5726193
4875348,8773831
4875348,1656940
4875348,3428519
4875348,1511130
2309185,3121262
2309185,70253
2309185,1381663
2309185,4867107
185365,16013
185365,195167
185365,69009
39365,5913112
39365,11092452
39365,11092583
39365,8830418
2300385,70253
2300385,3435233
2300385,516881
2300385,134618
644685,8766797
644685,9048623
644685,90259
7381951,3062543
7381951,284688
7381951,195527
32571,71968
32571,284688
32571,1293434
32571,18154
32571,16013
32571,3417
535771,537352
535771,1680563
535771,748223
4406805,1750971
4406805,3111017
267705,1087255
267705,3085536
267705,1850197
267705,185365
4409765,195167
4409765,16216
8121005,8764431
8121005,52828
8121005,8762970
8121005,8844480
654945,2831267
654945,1087255
654945,1926810
4970325,3010366
872325,3003886
872325,9740538
872325,8764421
3930191,1438320
3930191,10168114
3930191,2078794
3930191,4573446
2441411,1850197
2441411,2831267
2441411,2529660
1535371,2368536
1535371,9853157
1535371,1290555
1535371,2066528
376971,891006
376971,8765658
376971,8872887
1069751,552873
1069751,2144316
1069751,5561648
1069751,58465
1769451,53060
1769451,7110948
33391,32571
33391,5476600
2701051,7956882
2701051,1426227
2701051,4152447
244411,10230022
244411,377045
244411,4074736
244411,8573257
600611,654945
600611,5884496
600611,47344
4408385,1499506
4408385,3278172
4408385,16013
4408385,269788
99625,125577
99625,1739255
99625,3204407
99625,932733
444485,47344
444485,654945
444485,71968
444485,226967
444485,269788
2504345,186347
229605,89068
229605,14735
229605,117112
3885905,3403
3885905,3402
3885905,2136
3885905,621804
377045,706222
377045,286165
377045,376558
377045,151424
8292305,7646974
1735845,1280118
1735845,4806863
1735845,411131
1735845,2474427
95725,739758
95725,1663167
581565,15744
581565,26849
581565,47575
581565,399586
160185,194943
160185,4009390
160185,55586
6126645,5994113
8550785,17661
1433365,1456397
1433365,385294
58465,1069751
58465,955727
58465,3923853
58465,3402
58465,117992
1332805,1331141
1332805,1190895
32405,1087255
32405,2831267
3143605,422008
8368265,18115
2445105,606646
2445105,2346536
2445105,37589
2445105,3487
6563651,2339
6563651,429194
6563651,3402
1202051,175020
1202051,3594206
1202051,1063324
1202051,161090
6231,46827
6231,947395
6231,999406
1750971,1750943
1750971,4406805
4953931,5741107
4953931,4953910
1132985,8781059
1132985,959046
1132985,8807273
1132985,2400902
1132985,1438320
1705325,1502641
1705325,621051
1705325,429236
992925,8800539
992925,922480
1381805,3933501
1381805,3384754
1381805,4080737
1381805,3393983
1496625,62154
8652785,3377193
8652785,516942
8652785,5380180
730985,730992
730985,39365
730985,20256
3356265,5993506
3356265,9275933
3356265,5380549
1907605,1048448
1907605,4889688
946705,2323811
946705,2324337
946705,950051
946705,2324026
286165,2906905
286165,8767492
286165,8785974
286165,8780760
286165,590225
23045,113956
23045,45642
23045,3166295
23045,4073017
6816985,3309730
6816985,11204077
6816985,439290
6816985,8838437
59105,551626
59105,1768120
59105,584597
2312145,4494378
2312145,2527317
2312145,3557666
3492685,284688
3492685,121193
3492685,69009
3492685,117992
16591,595058
16591,8765658
16591,710740
7235011,174968
7235011,3428159
694931,148147
694931,1197257
694931,108646
694931,8766797
694931,90259
535351,1239785
535351,1239753
535351,1299056
535351,1239762
696971,1835814
696971,63680
696971,90259
13911,1087255
13911,8604068
1640551,1186675
1640551,52828
1640551,386234
3202311,6832669
3202311,6833163
3202311,6832630
3202311,1143379
536811,536829
536811,1570614
536811,8762941
536811,8893720
7476311,1007092
682931,925418
682931,5057332
682931,2963505
682931,5056841
2265511,1220602
35591,8900121
35591,891006
35591,10003403
411131,259620
411131,429236
411131,603836
411131,455190
606531,8913092
606531,606610
606531,90259
606531,282037
16431,1087255
16431,3384159
16431,185365
16431,53767
1770031,976863
1770031,6963
1770031,6231
1770031,2387451
2344071,16216
2344071,6540014
2344071,4124170
2344071,1679666
1233445,1629776
1233445,3897159
1233445,1232977
7429925,147477
292425,1171916
292425,4186764
292425,4441745
385285,1031474
385285,4051149
385285,1518987
1197045,218509
1197045,1025117
132005,1381805
132005,257959
132005,269788
132005,3417
132005,119478
232905,3589428
232905,179076
232905,244958
232905,774681
1948485,865750
1948485,1449010
1948485,4065003
1210805,583912
1210805,2339
1210805,7496
1210805,120076
2906905,2603693
61385,61953
61385,946742
61385,62154
61385,61794
648905,440275
648905,3402
648905,4018
648905,53468
106805,3020900
106805,7259044
106805,399586
251365,92173
251365,654945
251365,16013
251365,53983
251365,195167
1865065,505475
1865065,7496
1865065,1115164
1865065,5044354
1944145,76652
1944145,659655
1944145,213358
999325,9003039
999325,9002991
999325,39365
4838805,2056630
4838805,700219
4838805,187332
4838805,1841621
95105,7496
95105,415730
95105,740554
95105,1349110
95105,25938
6618385,6919761
6618385,6537029
6618385,18101
6618385,235795
6618385,16325
1083225,29770
1083225,1328995
1083225,165134
1383005,16013
1383005,18154
1383005,3402
1383005,269788
426605,718460
426605,34194
426605,451939
426605,23803
3034805,207889
3034805,3493
293745,5988442
293745,189286
293745,696517
921385,1323276
921385,2632270
921385,631164
1690045,3428159
1690045,165134
5385,269788
5385,1230511
5385,455843
5385,16013
7538905,2949800
1505445,621666
1505445,3322855
1505445,4323138
1239785,535351
3153065,61443
3153065,1753035
913865,165134
913865,163036
913865,17389
913865,912989
92325,45687
92325,207889
92325,92205
92325,562535
1149365,399586
1149365,238898
1149365,2323
1149365,1197456
1149365,1147472
706345,64435
706345,644739
706345,19836
706345,85755
2963505,736541
67165,1348154
151885,1780109
151885,13950
151885,1779712
151885,569359
1981905,3471405
1981905,3176369
1981905,55586
1981905,984834
4441745,1382473
4441745,18154
4441745,3417
4441745,119478
13525,13616
13525,13650
13525,39365
13525,13643
13525,136625
1905831,3422372
1905831,859185
1905831,1715969
1905831,3851261
4520111,4520081
3478031,237634
3478031,1378510
3478031,6156909
3478031,42900
7879531,4382455
2359091,1517280
2359091,43558
2359091,576129
55511,4210226
55511,3384159
55511,185365
55511,272387
411551,161090
411551,3948694
2697731,62154
2697731,2641459
2697731,982057
2697731,1389911
380011,424531
380011,376822
380011,154714
380011,400506
4680651,4680461
1331251,979719
1331251,4227082
1331251,7623415
1331251,1190895
1468011,5994113
1468011,1463370
1468011,89068
1468011,3821398
1468011,6841952
621051,4114793
621051,3417
621051,71968
4851091,4851079
3231571,4243803
3231571,4123657
3231571,2391724
2387451,1910206
2387451,5570446
2387451,242930
2387451,1236984
460991,401383
460991,535351
645151,134618
645151,622518
645151,3610918
54031,3925888
54031,195167
54031,264408
54031,2426894
1239491,25659
1239491,698030
1239491,397157
1239491,3887
1239491,3402
1239491,1450
950051,637220
950051,946705
950051,61556
653771,194943
653771,69009
653771,654945
2323811,946705
5769251,6701640
5769251,3359901
5769251,1320112
5332031,1785313
5332031,116294
5332031,2341
377931,377905
377931,23240
377931,25682
377931,23271
4669171,1907605
2894691,1048171
2894691,60679
2345831,154856
391471,1445915
391471,4948075
391471,391431
4109851,33391
4109851,4109139
4109851,1629776
4109851,7646974
7453971,1697127
7453971,7442467
7453971,6688
1019451,97971
1019451,45690
1019451,1629776
1019451,561727
3185,273356
3185,6986737
3185,1022513
22185,376558
22185,3049950
22185,113326
377905,377931
377905,8859358
377905,90259
377905,88515
119265,7889609
119265,8767493
119265,2341
119265,8809220
119265,15889
7273225,54545
7273225,25442
7273225,65187
6863805,39365
6863805,7085648
6863805,5853406
6863805,545199
6863805,18020
7022445,2041453
480245,1514446
480245,248948
480245,2336
480245,13955
480245,640254
4105625,3390677
4105625,6829326
4105625,10654752
2622425,267289
2622425,40474
2622425,998755
16325,1329059
16325,186348
26445,9080347
26445,1288152
26445,300979
26445,8779491
26445,90259
2099005,8931487
2099005,1017022
2099005,8767492
2099005,39365
83465,86230
83465,70174
1177525,1177529
1177525,1561038
1177525,424617
1177525,9074785
176525,2341692
176525,11212562
176525,4639072
176525,998392
17505,148253
17505,107712
1185005,9407964
1185005,1594012
406545,54576
406545,11929
3711985,5385
3711985,2137419
3711985,2399509
3711985,8765712
3711985,8834111
130305,1899071
130305,619296
130305,241768
130305,288368
136625,1013598
136625,654945
136625,3278172
3342945,720382
3342945,16216
3342945,666109
3342945,428140
1229945,447791
1229945,53468
1229945,4212599
8023945,8804322
8023945,11108722
4753845,7432335
4753845,2630
4753845,9518627
4989225,3505900
4989225,605599
4989225,8834111
859185,1905831
859185,88518
859185,8767492
859185,584155
796285,1765623
796285,1765877
796285,1765645
796285,1765504
149505,1378510
149505,928370
2443565,1348443
2443565,572000
694145,9381492
694145,8411724
694145,8816097
694145,2018550
598365,76652
598365,2070276
598365,210729
4023345,1341550
4023345,218134
4023345,239726
92205,92385
92205,8767493
92205,290205
92205,8800257
984185,1970088
984185,9655575
984185,8842695
6523305,1298770
6523305,9549861
6523305,3067972
6523305,10738200
858885,29862
858885,1210805
858885,2137432
858885,996685
858885,946742
140385,696876
140385,696986
45525,179976
45525,1631339
45525,2117035
5469625,9021943
5469625,565567
5469625,5469639
852205,1391445
852205,1391561
852205,90259
852205,1019629
2110425,3593316
2110425,10992594
2110425,10992434
2110425,53550
2110425,10992525
2894545,4343588
2894545,3407072
2894545,10386991
1674005,1686227
1674005,1333037
1674005,1686498
2884985,16619
2884985,12486
2884985,64406
283025,919628
283025,723476
283025,1329780
283025,1562587
780325,780713
780325,1835814
780325,525412
620791,6865241
620791,3387261
620791,11160862
620791,54999
620791,8747316
3335951,8778270
3335951,9879698
3335951,9879707
1055611,35912
1031631,2341
1031631,90259
1031631,39365
1031631,8767492
423191,8764421
423191,1232742
423191,9869443
423191,63636
2510991,54447
2510991,3212598
2510991,8791443
391431,8864536
391431,8794309
391431,5831683
391431,20256
391431,391471
109871,109851
109871,5045904
109871,1277774
109871,412674
669171,1497785
669171,185365
669171,16216
669171,1765623
669171,2686186
199411,199436
2321511,16619
2321511,18097
2321511,513
7690251,7690939
7690251,7690374
7690251,7787630
7690251,7690909
22311,1043877
22311,62232
22311,678261
22311,90259
22311,8843876
447791,8265475
6811,7112451
6811,46827
6811,195167
6811,402826
6811,8674843
2311,272387
2311,273356
2311,2607994
2311,7114615
2311,4210226
424531,90259
424531,8766797
424531,2099417
23271,24878
23271,10085842
23271,9709355
23271,377931
4346251,8822567
4346251,8620488
705211,1196285
705211,57284
705211,1197045
705211,53092
270831,8824577
270831,280938
270831,651043
270831,8781172
270831,2066965
270831,4452875
270831,651028
226271,8780004
226271,115927
226271,198990
7567911,52828
7567911,1391915
7567911,1854400
933411,8767493
933411,121335
933411,924554
933411,215318
81271,228076
81271,273356
81271,8765658
871851,1343756
871851,1343771
871851,2608055
871851,90259
419311,8880243
419311,2275016
419311,7375
419311,39365
2002011,113956
2002011,1168913
2002011,8807153
2002011,1835814
101251,279026
101251,1004327
101251,8765658
101251,5890864
101251,42900
101251,265049
3365711,1747780
32291,231374
32291,444485
32291,15874
97971,8613038
97971,3332872
97971,2062791
97971,13950
97971,195899
1294191,80503
1294191,9100716
4976911,628228
4976911,11046093
4976911,7600447
667431,572000
667431,1087255
667431,3384764
189751,288368
189751,186623
377111,9556837
377111,782496
3405011,3402621
3405011,1142561
3405011,18097
1230511,5385
1230511,7375
1230511,2205099
1230511,16216
429311,626842
429311,272387
429311,6707390
429311,4210226
429311,8344774
1389911,7496
1389911,2697731
1035731,6540014
1035731,402840
1048171,2894884
1048171,7202490
1048171,13950
1048171,971533
1539411,2265122
1539411,20256
1539411,10547377
1539411,618123
1539411,5958297
86771,8797737
86771,86781
86771,86810
86771,8765103
3307591,9099981
3307591,9877953
3307591,9877950
3307591,8446664
3307591,3310123
3307591,3307805
8286525,674199
8286525,83950
1709765,738441
1391445,17175
1391445,69009
1391445,4114793
1391445,1949834
4696725,3348540
1584625,16890
1584625,1612803
1584625,601343
78945,70779
78945,684550
78945,70704
26085,7496
26085,1616116
26085,37213
26085,16890
8592925,583545
191585,293416
191585,1892582
1332625,2339
1332625,7790603
1332625,1190895
566985,151206
3307805,3307591
54545,106805
54545,7273225
54545,1149365
54545,4080737
54545,4082580
290205,70864
290205,1209106
118165,8578138
118165,16216
118165,1485253
118165,6690427
118165,196620
224285,194943
224285,195167
224285,16013
5459705,5463232
5459705,8765317
5459705,5463258
5459705,8762970
5459705,8769370
1111265,439886
1111265,7496
1111265,280514
1111265,51985
1497785,195227
1497785,195167
1497785,69009
46045,14890
46045,1806481
46045,684550
549485,7496
549485,879514
549485,2370825
549485,4227082
2950305,70862
2950305,98209
2950305,571879
2950305,1020167
1283125,1331854
1283125,43129
1283125,12646
92385,92205
92385,37865
95845,1540203
95845,21857
95845,705217
95845,14890
95845,1588713
901605,10065636
901605,2168783
901605,4210527
901605,951477
1937285,3392646
1937285,8775110
1937285,3392538
6502925,2247775
6502925,6537029
6502925,4669667
6502925,6617739
2413285,911523
1196285,1025117
4141665,4075616
4141665,117602
8544325,128627
8544325,216481
1327925,3174444
1327925,868693
1327925,3290156
1327925,4012070
241505,234106
241505,194943
241505,78869
241505,195167
947005,979719
947005,18097
947005,946705
160045,160061
160045,8817281
30145,1493801
30145,1382622
30145,1489821
684545,78945
684545,13650
645,1536670
645,1783557
645,135670
5487965,113832
5487965,39895
1623565,245794
1623565,2561008
84291,34158
84291,83707
917231,141222
917231,23803
917231,145201
571031,379675
571031,693373
571031,571038
6720571,133331
1084311,1084289
1084311,116621
2357871,415328
1169211,740554
1169211,3645219
1169211,2430405
1169211,7496
1185231,1185005
1185231,1181873
1185231,1857717
1303231,699872
1303231,697934
1303231,280514
1303231,659947
1303231,2056630
8042291,6746950
109851,299581
109851,109418
7528391,2089937
5687111,2332149
5687111,1953698
570871,7962570
570871,45687
570871,92368
570871,374854
570871,422008
946311,4042323
946311,620759
946311,1590922
946311,8984546
946311,946684
1233371,1232977
1233371,3403
1233371,2311
1233371,1295200
4440351,2325187
127911,1785716
127911,2635003
127911,127761
1171291,454789
1171291,5826993
1171291,13950
1171291,10524309
1149851,34607
1149851,1392572
190511,129696
190511,376953
190511,453945
190511,299444
1583171,226271
1583171,16890
1583171,2529617
3404731,96648
3404731,4695614
3404731,4695578
2396031,2395716
297831,5466137
297831,1071084
297831,4065634
5597931,700219
5597931,5994113
4174531,4174436
125891,155769
125891,424531
125891,379096
7112451,38239
7112451,207909
7112451,6688
6725971,962806
6725971,4397773
5721291,2327
5721291,5907380
5721291,2461699
5965271,2078325
5965271,1450
5965271,121193
2762811,2762689
2762811,5728864
1343771,871851
1343771,89068
2417531,662504
2417531,1227544
1836011,705211
1836011,3307591
1836011,1520705
158511,157549
158511,156176
3145771,867076
3145771,6457
3145771,3594475
2430171,2339
2430171,97173
2430171,3887
2430171,117602
2430171,1019187
699111,1835814
699111,272737
699111,8783693
699111,4558530
109311,411343
109311,4050075
109311,107301
109311,5994113
109311,621649
1098371,1098350
1098371,3912126
1098371,203506
718491,451939
718491,3049950
718491,2095362
571931,571920
571931,23543
571931,1349110
571931,376822
5974631,5974608
1797971,430043
2062791,96853
2062791,3123402
2062791,918665
2062791,2325187
2934385,10505169
2934385,1547229
2934385,10505340
2934385,5783792
2934385,10505257
2958105,98209
10565,8618758
10565,39365
10565,2423942
3430485,3430562
3430485,4151010
3430485,4992009
3430485,3403341
2636365,4046390
2636365,381956
483345,39365
483345,43500
483345,5993506
483345,90259
112165,1462929
14565,2484993
14565,12928
14565,221427
14565,412674
3357005,1149062
3357005,3219323
3357005,6929332
3357005,2035386
3357005,10491168
429285,195167
429285,3278172
429285,6528612
429285,654945
4857325,4792457
4857325,2825321
4857325,8769572
4857325,9149104
6701525,2280657
6701525,10606079
6701525,6632549
6701525,2112189
3353405,195167
3353405,262837
2951585,11142
2951585,5513035
2951585,3404635
2951585,898462
2951585,97173
2951585,13952
583545,8592925
6905445,6535977
6905445,4675657
6905445,5898501
282785,1602757
282785,8765658
282785,8764421
282785,139248
282785,90259
4011665,4011620
150985,9148250
150985,7118767
150985,7814415
150985,9148285
781345,554842
781345,979532
453945,90259
453945,584344
453945,1835814
453945,15889
1830745,2885870
1830745,11218062
1830745,7062606
51985,661242
51985,53767
51985,262160
93385,93503
93385,198990
93385,4080210
93385,90259
93385,984156
1520705,9299090
1520705,1222612
1520705,455190
1520705,1531321
1520705,8767688
2496105,6835283
2496105,7375
2496105,16216
2430405,1430807
2430405,1169211
2430405,11085678
2042905,26849
2042905,1417258
7077085,7077084
3320745,1040359
3320745,8811446
3320745,10104540
194565,195167
194565,195899
194565,195056
4140025,3492708
4140025,6917380
4140025,384657
4140025,4504932
4167305,9888725
4167305,614430
4167305,3043337
561845,2614460
561845,5351678
561845,2117046
480525,4534343
480525,618544
3577245,1231647
3577245,2205099
3577245,10608144
20305,20432
20305,694931
20305,90259
20305,214972
20305,2188507
85785,8769494
85785,4251339
85785,1902369
2370825,2290273
2370825,2370882
2370825,787055
2370825,1161099
2370825,90259
525645,90259
525645,1335475
525645,59913
896585,1835814
896585,896275
896585,378727
896585,52828
896585,571031
37865,1328586
37865,4844382
37865,92385
918125,1706530
918125,1508908
918125,1573443
3624925,5993506
3624925,39365
4965285,2960715
4965285,2959859
148345,5993506
148345,8764421
4421225,4421246
4421225,8764922
4421225,4916878
4421225,299497
4421225,4141036
3897925,3898021
2078325,3564287
2078325,53767
626265,677504
626265,90259
626265,39365
1858005,385294
1858005,3477048
1858005,696876
1858005,1358938
431785,5516620
431785,7375
431785,613416
451645,59913
451645,421529
451645,1835814
133331,185365
133331,1087255
133331,6720571
8480271,6623784
4672771,10001
129131,13950
129131,195167
51431,7795618
51431,570871
51431,92325
51431,2106435
71671,951427
71671,1113038
894831,240457
1623051,8917363
1623051,2306528
1623051,9891626
1623051,4803789
1623051,3381578
188311,90259
188311,239450
3317711,3368744
3317711,32405
3317711,3316536
2203831,4531956
2203831,9295996
2203831,9985467
2203831,2962902
15391,925418
15391,2508524
15391,2504345
6609991,1848189
6609991,9876201
6609991,7075071
6609991,1305196
6609991,1329059
4967071,444716
4967071,462753
4967071,1485537
4967071,1450
4123771,4124170
4123771,10181784
4123771,9223890
3009051,1735242
3009051,196620
3009051,1292578
3009051,4225285
3009051,11050808
427771,3930092
427771,9015437
427771,1290555
1494851,1494853
1494851,1494885
1494851,90259
4012851,43558
4012851,454218
4012851,63670
4012851,66333
5477491,195167
5477491,11217770
3188791,1879027
3188791,1516333
3190431,4277974
3190431,3916502
3190431,8821762
3033371,1420300
3033371,3204818
3033371,4792457
3033371,4673640
1866871,1331073
1866871,2417566
1866871,1747780
186931,550093
186931,780374
216391,9302592
216391,973572
216391,194943
216391,771085
216391,1849485
707151,710740
707151,789454
707151,2963505
38891,842109
38891,487556
38891,194943
25971,1235893
25971,224780
25971,29176
598471,187830
598471,4042323
598471,1653059
598471,1124009
598471,8771327
1092011,1043230
1092011,9466384
1092011,9619204
1092011,8278956
1092011,90259
6491,2205099
6491,3384764
6491,10792903
6491,9878481
6491,979397
885351,121335
885351,2491297
885351,2504345
885351,997834
696131,109851
696131,90259
696131,137808
696131,272737
696131,1835814
45031,84540
45031,1143621
45031,1631339
4116951,618544
4116951,3155218
4116951,5610728
858271,359974
858271,2265122
2124803,401959
676803,2339
676803,620062
109403,129633
109403,227082
109403,107301
109403,129632
4789403,4788629
400003,512852
400003,512540
400003,513081
400003,4302095
3505603,3505045
3505603,3504878
1814403,594698
681804,1518994
681804,1628997
681804,1781123
1518004,2134773
1518004,96853
1518004,72537
7816604,5987894
1235804,405357
7792016,7790603
31816,780663
31816,63636
31816,780713
31816,525412
5513016,7214759
5513016,5513035
5513016,4330316
5513016,7248813
1748216,1299214
558816,1208557
558816,684492
558816,7051
558816,5737970
558816,3417
5522620,5032136
5522620,89068
2087020,76009
2087020,4158727
2087020,772343
4573620,245669
4573620,23194
3204820,739758
3204820,1227544
3204820,1450
7787620,7787724
7787620,2701051
7787620,1691884
5516620,32405
5516620,3071686
5516620,69009
1143621,879074
1143621,45031
1143621,39006
175421,2655438
175421,148737
175421,3821398
2021021,3622201
2021021,665507
2021021,112179
125221,9822768
125221,273356
125221,9046231
1528821,1735242
1528821,8894964
1528821,11039451
1528821,4323611
1816621,35792
52621,20347
52621,20536
52621,667832
4684622,4684610
640022,63680
640022,694931
640022,721793
64022,60679
64022,19836
64022,151353
64022,451939
3420622,7627002
3420622,3417830
395823,45484
395823,395836
395823,2762689
67223,1082965
67223,1348154
2310223,256955
2310223,70253
2310223,7541394
2310223,1381663
2608423,1143112
2608423,15744
2608423,248468
7593027,1515658
3587627,5470692
3587627,4684286
3587627,2790043
3587627,1517280
113827,195167
113827,16013
113827,24146
113827,654945
1622827,165134
1622827,134618
1622827,8646807
1622827,954075
2177627,859772
4703033,222444
581033,9092857
737233,737118
737233,984233
737233,37213
1164833,20108
1164833,37562
1164833,194943
1083833,551023
1083833,610412
1083833,2312467
1083833,2312481
691033,142070
691033,81446
72033,16431
72033,28042
201833,11002654
201833,417177
201833,655415
201833,1493801
465437,705698
465437,16013
465437,15656
6152437,5994113
3323837,984233
3323837,2445658
3323837,1889547
16437,20194
16437,195167
16437,654945
16437,3278172
695039,696517
695039,451909
1295239,603868
1295239,603882
1295239,1295200
1676039,3402
1676039,18154
1676039,89068
1676039,502746
1676039,6529854
5807239,71074
5807239,594892
5807239,89404
85839,487083
85839,16013
85839,456022
85839,197180
85839,272734
5865239,207909
5865239,186380
5865239,116621
456439,20027
456439,130219
456439,1563396
456439,14737
456439,402689
456439,79647
4684241,4684163
4418641,133986
4007441,700896
222241,149907
222241,1050186
222241,513679
222241,144649
2998041,1629776
2998041,4163709
2998041,714489
3896241,2846874
3896241,1118431
3896241,2785896
3896241,20776
554844,8766814
554844,8882374
554844,8766797
1689444,3364
1689444,1007092
1689444,420756
1689444,593452
1689444,2106748
903844,45687
903844,72537
903844,1663483
3885844,284688
3885844,25659
607044,5988029
607044,4372164
607044,654945
607044,1527081
1345444,195167
1345444,2441411
1345444,69009
1083844,551023
7446449,5779455
614049,5949888
614049,384662
614049,13626
5936249,5914783
71049,124751
71049,60900
71049,107038
287649,507890
287649,262837
287649,16619
287649,37213
2680249,422508
2680249,954075
2680249,256003
379049,90259
379049,8859358
379049,101856
12649,22328
12649,148221
995849,888042
995849,45484
995849,3402
995849,3463944
218049,195167
218049,148253
218049,951427
218049,654945
1145049,56382
1145049,154292
1145049,257753
1145049,8692380
3505650,3504878
3505650,3505045
2523250,152334
2523250,5400853
2523250,1224279
248050,247910
239450,2254946
239450,510050
239450,188311
239450,3996305
239450,239366
622250,412674
622250,937520
622250,655953
3502851,4406805
3502851,154292
3502851,76652
1541051,3295841
1541051,379971
6567851,18515
7207451,1629776
4128051,1784481
3113256,1436352
1325456,9975774
1325456,8778105
1325456,3364750
1325456,299233
1325456,4142166
203456,1124114
203456,5918
203456,10909433
1776656,1132257
70656,3386139
70656,7496
70656,1054578
70656,99104
1714856,3474719
195056,194565
4792457,4043097
4792457,2474484
4792457,4530083
3370257,1171137
3370257,5987587
3370257,2635003
3370257,6834347
1559857,1559766
5453457,5421029
8271257,1166736
4675657,3357502
4675657,621804
4675657,91789
78057,4000297
78057,1736139
732857,99955
732857,561727
732857,2432762
732857,185669
2493457,26849
2493457,422626
2493457,263108
2908057,3402
2908057,89068
2908057,1349110
240457,563276
5615257,32638
5615257,111800
384657,2339
384657,2323
384657,118242
6907260,3221988
6907260,5884496
2360860,1445024
2360860,60583
2360860,4583714
1207660,185669
1207660,2764532
1207660,830213
1207660,490206
549261,460266
549261,71968
549261,1319713
8406261,8596
1463261,3402
1463261,119478
1463261,3151370
43261,14884
43261,43130
225061,8780941
225061,101856
225061,1841966
225061,1841453
225061,1841856
454061,1171068
454061,657700
454061,454029
7295061,3887
1584061,404377
1584061,210982
1584061,211169
4660261,4631469
705861,1730356
705861,1731088
705861,1835814
705861,1731428
705861,9137197
4138861,422508
4138861,2056174
7787662,7690512
7787662,7787724
7787662,5987867
48862,257769
48862,23297
48862,694931
48862,99075
4279462,2058398
4279462,441220
1149062,287784
1149062,1149873
1149062,1446789
2068862,58200
2068862,262452
2068862,4137628
454862,43129
454862,3438712
454862,695946
454862,886196
2182462,6636051
2182462,1857717
2182462,2140876
2182462,8079
1062462,2273962
1062462,864756
1062462,1499952
1062462,448843
5995662,8000160
5995662,4169888
5995662,7140852
5995662,8107764
36066,195167
36066,1386627
36066,1386533
4160066,800481
4160066,530222
4160066,3488239
6520866,203356
25266,1463261
25266,1087255
25266,6526220
2142866,34974
2142866,684469
1204666,461496
1204666,984752
408466,4372164
408466,259997
408466,147308
71067,4371526
71067,4042323
71067,2137844
7603067,5047593
7520867,7400838
5842267,3174444
645267,477497
645267,214921
645267,60679
645267,63991
645267,198984
1599877,715824
93477,93503
93477,647709
93477,90259
37477,3385034
37477,2426894
37477,92173
5577477,6919761
5577477,379675
1090077,8829791
1090077,4131793
1090077,4400977
1090077,10101209
2719681,2120043
2719681,1419046
5675681,8777526
5675681,2669605
5675681,931453
8258881,3328710
8038284,4133508
7077084,2341
7077084,9001837
7077084,7077085
5985884,485008
1638685,13950
1638685,3147749
1638685,3995165
1638685,185365
887085,131212
887085,8781454
887085,584155
887085,10505934
771085,766351
2772285,3402
2772285,154292
2772285,878272
77085,77034
77085,154292
77085,5994113
77085,216481
386085,429236
386085,16466
386085,53767
386085,185365
386085,6519053
242085,384662
242085,101820
1605485,39895
1605485,2339
1605485,2136
1605485,3887
1605485,28461
5712885,7979064
5712885,251162
5712885,5994113
3245485,385294
3245485,385285
1494885,3174444
1494885,1494851
4225285,399586
4225285,604602
4225285,2707823
2785498,23803
2785498,26849
2785498,118242
4080098,2905263
4080098,984233
4080098,2445658
837098,70036
837098,705861
837098,797152
837098,192497
2151907,2488033
2151907,2151863
2151907,2151763
133907,249418
133907,78834
133907,513878
89307,112165
89307,3323232
2051514,257769
2051514,470269
2051514,32494
1170714,103371
1170714,389841
1170714,138158
5728915,5728864
3262515,1217299
3262515,690812
3262515,699872
7431315,147858
18515,444485
18515,3384159
18515,2561177
18515,6574097
1584715,32405
1584715,3400923
1584715,455843
1584715,284688
287916,4402996
287916,2323
5764716,346177
5764716,24295
4830716,1857717
1971316,875157
2424116,379169
2650316,684100
3593316,194943
3593316,18154
3593316,195167
3593316,71968
99117,645091
99117,8777576
99117,408202
99117,1162002
664117,2339
664117,79914
664117,2169240
5910117,5907380
387917,90259
387917,1854007
248317,4251339
248317,729898
248317,1563701
8637717,6586106
6573517,18515
937520,78834
937520,113358
937520,107438
937520,101820
937520,60679
3121520,1450
3121520,47344
3121520,444250
3121520,1436848
1982725,3799615
1982725,5527172
1982725,828633
2455725,116092
383725,1174522
383725,8764421
383725,5993506
6608525,2339
6608525,1515658
6608525,3402
144934,39365
144934,194943
144934,267753
144934,8764421
144934,20256
433534,456022
433534,269788
433534,1230511
550934,28461
550934,6537029
550934,4896630
550934,2344071
8424134,2331922
250134,655868
250134,289885
250134,199128
3502934,225242
201734,621804
201734,52800
1895934,596360
1895934,87923
1895934,39550
1895934,113389
1895934,700166
598934,7761041
598934,3899482
598934,4449678
598934,1740345
452134,402689
452134,70936
452134,452126
4838534,949964
4838534,511942
4838534,127778
4838534,5799167
599144,739758
599144,536844
599144,693944
599144,19382
4167346,4167305
149546,141222
149546,451939
149546,797152
149546,32058
1964750,1964748
6611150,3904610
260350,5741046
260350,211087
260350,203356
260350,4018
599750,15009
599750,72537
599750,71528
693950,9263052
693950,1746744
693950,8948175
693950,1165199
5771950,2461745
2669550,1074072
2669550,1628845
2669550,404377
2957752,98209
2957752,1020167
2004952,4629589
2004952,2058398
2004952,2136
2004952,1208935
4321752,963056
4321752,28882
4321752,1064493
4321752,1064492
8471352,5788360
4518160,558519
1483160,739758
1483160,4530083
421560,1498689
421560,5658466
421560,253101
421560,90259
1200760,507890
1200760,376737
1200760,1381663
231160,379539
231160,403760
231160,113193
3450560,915460
3450560,264613
3450560,45484
432371,288616
432371,444485
432371,429236
432371,195167
432371,572000
432371,2321219
796571,795187
796571,96328
796571,4736289
3474171,7496
3474171,21516
1500571,92173
1500571,18154
1500571,269788
1500571,16013
5952171,238793
4212171,1323644
4212171,1910615
56771,194943
56771,71968
56771,654945
56771,69009
640571,1478325
640571,377811
188176,90259
188176,29564
188176,165134
188176,4890095
986576,1062628
986576,986264
986576,1298079
425376,644739
425376,346560
1322176,1298079
1322176,573848
1322176,1190895
6917380,4800391
1907380,32405
1907380,138772
1907380,119270
8421180,2058398
2642180,641624
2642180,180007
2349980,864536
2349980,89068
2349980,12890
2349980,282276
90180,169514
90180,43835
90180,194943
90180,148253
90180,16013
3884580,1741313
3884580,3402
3884580,32405
3884580,119478
2179380,535483
2179380,3402
2179380,1151541
2179380,3417
2179380,1293434
7488190,6688
3306190,735857
103390,13950
103390,2716564
103390,16466
103390,3416680
736590,644539
736590,736615
736590,244713
4681991,4583
4681991,3911247
4681991,1876978
444391,1190895
444391,2635003
444391,37213
444391,76652
3469391,15744
3469391,3887
3469391,4082263
6811191,6537463
7430591,1878778
8449991,8449942
2559198,693514
5455598,2207107
3566798,2813201
1165199,693950
1165199,94412
1165199,1165156
418199,148157
418199,419833
418199,417761
6899199,6898540
952599,69009
952599,18154
952599,153379
952599,119478
1128799,550093
1128799,449047
1128799,658876
6698799,291175
6698799,1424
7606599,53932
243999,2331922
243999,61680
107999,2136
107999,107301
107999,128883
14011,272737
14011,18178
14011,954170
14011,1835814
4323611,256955
4323611,456022
4323611,404810
4323611,3402
4323611,47344
4323611,16013
447620,54447
447620,101856
447620,59913
447620,2968083
3986420,11073639
53620,47344
53620,1107539
53620,654945
195220,32571
195220,2831267
195220,1313233
195220,53767
195220,444485
49620,6719957
49620,2773025
441220,99625
441220,4279462
441220,16216
144830,184594
144830,9464775
144830,2279023
144830,194943
144830,892452
212830,5732391
212830,53767
212830,3143231
212830,730472
212830,513590
502430,8916452
502430,1285128
613245,2767441
613245,420682
613245,194943
3001645,1329059
3001645,194943
3001645,11184241
6636051,7375
6636051,7261700
6636051,7261675
8000051,7915987
8000051,7218227
8000051,1675702
8000051,7228677
8000051,7639259
8000051,9530557
196861,70656
196861,8909309
166861,13950
166861,296693
166861,2137454
166861,330724
1777261,194943
1777261,47344
1777261,18154
1988061,184569
1988061,12852
1988061,736590
653261,1419708
113261,113159
113261,227522
113261,937531
5658466,2778492
4076476,9871301
4076476,39365
3408076,3407934
3408076,32405
2140876,1515156
2140876,8928571
2140876,2182462
2140876,7561440
720876,56798
720876,2871422
658876,8904294
658876,90259
658876,125110
787281,508887
787281,213136
787281,420682
787281,722050
3396081,6927996
3396081,620175
3396081,3395808
2312481,3061946
2312481,4957545
2312481,7375
1944481,2768094
669281,8866157
669281,10269741
669281,1202051
669281,400047
669281,2815472
669281,7107485
2456084,8825682
2456084,5807486
2456084,8370833
2456084,9238767
3104484,4196049
3104484,4673640
3104484,1867283
3104484,11028240
3104484,11028159
527284,2058172
527284,502084
527284,8764421
527284,9309098
714489,407326
714489,2998008
714489,8787588
714489,59913
1070889,1070843
3406089,9885264
3406089,199566
3406089,195899
1166091,538480
1166091,199143
7239707,3428159
2180107,398059
2180107,8767493
185307,394793
185307,90259
185307,300626
185307,3153065
1336512,1835814
1336512,8770017
1336512,1336516
6601712,4013874
6601712,1329059
6601712,7090348
1778124,119478
1778124,16013
1778124,3402
1778124,47344
1778124,18154
7130124,1336817
7130124,6617748
398124,4192743
398124,195167
398124,1497785
7787724,7690870
7787724,558321
7787724,7690512
7787724,4152412
452126,13643
452126,401393
452126,452134
452126,90259
3315726,3117289
3315726,3174444
3315726,4021143
3315726,2997194
1386533,9669130
1386533,1741330
1386533,9669155
71733,10473940
71733,3885844
71733,10473977
71733,9928450
5982933,8471760
5982933,1786382
864536,8764421
864536,8804689
864536,9720359
864536,2349980
5032136,20256
5032136,39365
20536,1964026
20536,90259
20536,113956
20536,635855
20536,8784627
3118536,2341
3118536,407940
3118536,1735242
3118536,39365
5725342,2342701
2322942,637088
2322942,297189
2322942,9242997
2322942,2894467
2322942,8767492
114149,4054654
114149,377520
114149,1216995
114149,20194
238549,1386692
238549,29862
238549,2137419
238549,5968764
238549,7373
3147749,79647
3147749,1331854
3147749,1691884
1851759,4408385
1851759,1470885
7878559,4802612
7878559,1141936
7878559,7879350
7878559,3374587
7878559,3117248
4960,29564
4960,90259
4960,41429
403760,1872638
403760,106961
403760,4441874
403760,5612114
1963768,8766814
1963768,9885773
1963768,9928297
23368,234782
23368,655793
85768,1834156
85768,198990
85768,8434234
956168,6640
956168,5777780
956168,2171137
15770,113956
15770,29564
15770,412674
154170,89068
154170,153798
154170,534
5765374,4372838
5765374,8768055
402574,2883751
402574,223817
402574,68990
878574,5477024
878574,3449392
878574,925418
262174,9723159
262174,2973952
262174,2973723
262174,286868
2130974,2396031
2130974,2130978
2130974,39365
2130974,20256
2130974,1463261
2130974,946742
34974,919628
34974,3145684
34974,2142866
34974,567932
4400977,1090077
2333382,3297225
2333382,90259
2333382,8780824
19382,2958969
19382,8910317
19382,8820340
19382,1570686
19382,116294
3342182,3342174
3342182,388086
1603782,2040916
1603782,741981
1603782,35210
3188990,2830148
3188990,4258945
3188990,3036053
7010593,2041453
3230993,645074
3230993,738442
3230993,114149
4131793,1494022
4131793,4130434
5481008,234164
5481008,9899339
5481008,9101289
5481008,5481813
5481008,8767493
7227408,2327
7227408,2654849
7227408,7214749
7227408,7141762
149408,194943
149408,39365
149408,186100
149408,5993506
3318211,1369086
3318211,3316536
3318211,4025874
377811,1836798
377811,39365
377811,90259
377811,8859332
377811,8765103
1180211,406221
1180211,1903726
1180211,658776
1180211,118845
7205811,8764399
7205811,7129373
7205811,1985864
7205811,8767492
712211,70036
712211,192512
712211,192573
1706611,13950
1706611,4703187
1706611,7107485
430211,27477
430211,122557
430211,424531
3617029,39365
3617029,7690072
3617029,8820340
1279829,90259
1279829,8843044
1279829,3999716
1279829,646441
629,131443
629,29770
629,903968
117829,10664296
117829,53767
117829,6800681
117829,1706383
117829,4192743
118629,2422831
118629,1796299
4896630,72050
4896630,2066528
4896630,258507
4896630,200239
7943030,7942795
3342234,3342174
637034,291923
637034,637088
190637,1960362
190637,90259
5713437,5331020
5713437,10463415
5713437,52828
3438,1066138
3438,195167
3438,7637317
107438,937548
107438,87846
107438,937520
107438,2395587
107038,2205099
107038,53767
107038,185365
5742638,3564501
5742638,455190
257838,694931
257838,575849
257838,194024
257838,190319
2847051,125353
2847051,7942795
2847051,7790603
433451,195167
433451,16466
433451,5890864
433451,429236
2451051,5507621
2451051,11254431
2451051,3364750
5993851,3016099
5993851,4169888
5993851,7659448
6529854,226500
6529854,1515156
6529854,1376073
571854,2843117
571854,97507
571854,1088863
571854,603282
533454,1835814
533454,85756
533454,338256
533454,198990
533454,2534422
213858,90259
213858,8767492
213858,8764421
489071,8764421
489071,5993506
489071,20256
489071,39365
468273,8884671
468273,282037
468273,8765658
468273,13950
1149873,8601000
1149873,1149062
1149873,6819644
6533073,646502
6533073,1629452
6533073,4568616
6533073,7244441
1714673,9444337
1714673,2378763
1714673,9444293
661088,1389159
661088,4669667
661088,7634452
661088,39365
4169888,7640357
4169888,3903949
557888,4042323
557888,3064296
557888,3595386
557888,1084442
1753092,9081078
1753092,9247547
1753092,931996
1753092,260596
5470692,2168783
5470692,4121835
5470692,10388771
3595092,3594469
3595092,2894545
3595092,5988442
3595092,4120212
1427100,8767935
1427100,571031
1427100,381349
1427100,59913
6033100,11251155
6033100,4963265
6033100,8270848
88303,262452
88303,43468
88303,101820
1953903,8767492
1953903,8768055
232303,2656136
232303,1902369
232303,198990
1777503,6836
1777503,65367
727904,727943
727904,946742
727904,90259
5416304,4697834
5416304,454218
5416304,47344
5416304,256681
1317104,619088
1317104,55567
1317104,38401
1317104,16201
2207107,2702152
2207107,1211436
2207107,8810960
2207107,4147154
2207107,52828
3067107,2206856
3067107,3948694
3067107,3979634
149907,59913
149907,63680
149907,90259
149907,8780760
451107,2347821
451107,443696
451107,6909717
3407111,4177627
3407111,8773831
3407111,3407072
3407111,2040916
3407111,5496878
21516,1332536
21516,8720715
21516,1643574
21516,4966222
135916,1133704
135916,20256
135916,8042291
135916,4741457
4677516,9188591
4677516,4677926
4677516,2331
4677516,4677915
4330316,6257400
4330316,4169888
4330316,5513016
665524,241768
665524,24659
665524,16013
3116324,12801
512724,10020644
512724,20256
512724,39365
512724,8764421
1931,9646201
1931,2845731
1931,2144079
1393531,216829
1393531,1926355
1393531,1393386
11539,5499853
11539,2290584
11539,195167
11539,4416117
1162339,1106595
1162339,34050
1162339,452283
1162339,71968
1458339,696927
1458339,1178698
379539,571031
379539,8774260
379539,231160
379539,9535790
1740345,598934
1740345,8767493
1740345,930341
554747,68532
554747,694931
554747,4840639
554747,5329
554747,52828
554747,1128799
1042347,1314582
1042347,11012226
1042347,1509376
1042347,444485
2781547,13950
2781547,3345542
2781547,402840
70752,613416
70752,288616
70752,194943
3509952,3310091
3509952,5355757
3509952,1936617
1436352,8766797
1436352,3113256
1436352,3113321
1436352,300130
13952,53767
13952,185365
13952,5475141
13952,1208690
13952,32571
13952,8614256
428752,1290964
428752,2441411
428752,654945
428752,69009
428752,1508954
492352,39365
492352,1910794
492352,90259
492352,125208
984752,984483
984752,1043230
2607955,2882059
2607955,9064794
2607955,946742
2607955,8763387
295955,7755425
295955,3494794
295955,7755145
240355,59913
240355,422913
240355,196620
240355,1767443
2758755,734759
2758755,8764421
2758755,3155218
1317155,4248292
1317155,3081041
1317155,3385034
2236755,4526558
2236755,10797011
2236755,2399509
1329165,1160220
1329165,1559749
1329165,11126952
1329165,376809
4325965,11213390
4325965,548100
4325965,8878670
45577,200426
45577,257732
45577,2060238
559577,1835814
559577,8780760
559577,90259
559577,8765317
559577,8766797
8692380,2418167
8692380,682876
8692380,154558
892380,8942126
892380,8768921
892380,892452
197180,421166
197180,1042755
197180,1605318
399580,195167
399580,951427
399580,16013
399580,92173
121180,1446766
121180,121189
121180,1389330
121180,678242
1976380,8765041
1976380,5400223
1976380,645857
1976380,90259
661196,1494853
661196,6831701
661196,90259
7227196,7675927
7227196,2702152
7227196,4169888
7227196,7214453
2464396,8646807
2464396,550123
5453606,6919761
5453606,1368835
5453606,235795
5453606,5421029
40012,2790043
40012,5675681
6612019,18101
6612019,6610101
3933625,505515
1868831,341077
2360843,796663
2360843,153379
2360843,18154
2360843,226967
4673643,4672824
249649,40415
249649,55035
249649,71067
7185649,1629776
3030449,207889
3030449,194821
1234454,32405
1234454,46562
1234454,22631
16054,654945
16054,195167
4790454,10744926
4790454,7084265
4790454,3903949
287258,32405
287258,43558
287258,2468718
287258,606646
287258,177350
1140070,1133805
1140070,68539
1140070,5994113
1948073,696369
1376073,604602
1376073,71968
1376073,194943
1376073,2247775
1376073,47164
4650473,4631469
25680,226967
25680,1096841
25680,3417
25680,2771303
538480,8780760
538480,29424
538480,90259
538480,1835814
288088,288368
288088,8613
4630503,1805261
4630503,127653
3191303,741066
7607309,53932
5336910,195167
5336910,53767
4209745,4209713
553752,32274
553752,5146
553752,135670
553752,40415
553752,135693
553752,692032
4526558,43558
4526558,65187
154558,72537
154558,840773
154558,391136
3503379,3503199
3503379,3315042
88990,565734
88990,840349
68990,194943
3402592,3402277
3402592,3404953
3402592,5500260
113792,3718
113792,3417
113792,47350
113792,1227388
113792,46643
4212992,47575
4212992,2838665
4212992,2767362
3295399,5697604
3295399,3295383
3295399,4321910
930599,2816628
930599,1050186
930599,165134
930599,184380
2632199,1381805
2632199,43129
2632199,4711387
3407399,3407226
4836999,2847839
4836999,54545
433016,195167
433016,69009
433016,654945
433016,16013
1005016,395836
1005016,395832
97819,289913
97819,97220
97819,16890
97819,654945
97819,1624934
118619,5511845
118619,8843876
118619,1419856
5713019,251162
2432228,175567
2432228,192803
2429831,1019187
4226631,2808393
4226631,4226592
4226631,5398817
697037,568576
697037,741066
1748237,46562
1748237,43835
1748237,1156508
4553837,6535793
4553837,2299658
4553837,2474484
1557039,1284106
1557039,12852
1557039,1379411
3081041,8442958
3081041,10118917
3081041,10118711
3081041,10118686
3081041,1317155
4054654,114149
4054654,129813
4054654,4050075
5813860,5914783
5813860,365066
1822660,58200
4706660,8767493
4706660,3318029
4706660,4803789
4706660,954170
645074,1835814
645074,3230993
645074,736590
645074,198990
4441874,1382473
4441874,619395
4441874,1325873
1605076,453935
1605076,3324214
1605076,4078123
1605076,3323758
6564276,240215
1833076,1215831
4007485,700896
7107485,3402
7107485,16270
7107485,1706611
7107485,2339
1715498,7428843
1715498,7428828
1715498,2529324
1715498,4976120
1715498,1490744
570702,1770031
570702,4042323
570702,1297387
1622703,34852
1622703,189465
2089116,87923
2089116,161090
6830716,6829370
295522,457932
295522,54476
295522,3319163
295522,4021231
4209922,4209713
151522,39365
151522,90259
151522,39241
151522,8763510
1141936,13872
1141936,1141812
4963545,531580
7214749,7227545
7214749,7141775
7214749,5512765
7214749,8895880
490749,1023204
490749,557618
490749,4007675
490749,4042323
5728353,5728321
1213953,1424
1213953,575983
1213953,1162934
1213953,3887
1213953,552371
4379553,1020167
4379553,4631469
409153,408873
409153,1984747
409153,692076
409153,901407
409153,465182
790753,377542
790753,203356
2378763,1927430
2378763,387743
5871563,2247400
5871563,3174444
3374775,5988442
3374775,979719
3374775,285421
234782,654945
234782,194943
1062782,1150777
1062782,5988442
1062782,16201
25985,3274540
25985,1941915
25985,404425
25985,165134
1685985,419833
1685985,506372
1685985,1674005
2657185,962295
2657185,625485
5398785,46697
423596,101494
423596,35987
423596,62402
1992402,693205
125208,507890
125208,421386
125208,402299
125208,697685
2998008,714489
5327613,1349110
2064416,296283
2064416,2064383
5410816,47164
5410816,3577245
5410816,1230511
412416,384662
412416,684550
412416,241768
412416,846602
412416,131443
5962030,1706368
5962030,432660
7244441,3428159
7244441,6533073
6819644,39146
6819644,1149873
6819644,1150292
1205244,7576680
1205244,3474181
1205244,4860062
1915644,644539
1449244,241768
1449244,3001258
1449244,7252039
1449244,7270166
1044459,195167
1044459,16013
1044459,654945
7604459,914361
7604459,2314413
2882059,2882054
2882059,5063040
7327664,2082152
7327664,1342666
7730073,7731392
1090073,60426
1090073,9044853
1090073,1456842
1090073,39365
1090073,1501820
5146881,1349110
1761281,1001269
1761281,985560
1761281,7637
1761281,6148
22893,25367
22893,16890
22893,35281
1309293,554804
1309293,60679
1309293,262452
1309293,3417830
1309293,5988442
45296,175020
45296,44946
45296,7744
256496,134961
256496,35806
256496,483839
256496,387179
256496,692244
3034908,1349110
3034908,149322
3034908,1815479
4675711,399586
4675711,53468
4675711,7400838
7637317,3438
6632517,1695350
298924,297447
298924,1154783
298924,3319144
298924,148877
1734924,437256
1734924,3034257
1734924,5994113
1734924,436976
2289335,5914783
2289335,4667025
2289335,1011496
66135,71968
66135,456022
66135,3417
66135,262837
8119754,8001189
3241368,802541
3241368,699111
3241368,690812
3241368,5994113
58978,68532
58978,150050
58978,151528
3130989,912989
3130989,2888510
3130989,897992
3510198,2604965
3163798,10183
3163798,7333
3163798,7594
3163798,3830
1462998,1146779
1462998,1349110
1325406,436976
1325406,45687
1325406,102891
1325406,1178698
406221,245345
406221,11929
406221,54576
3488630,395836
8380641,8376012
2172645,4695167
2172645,2172481
616646,695946
87846,99104
87846,47344
87846,238243
87846,15926
115846,8766797
115846,139248
115846,8785974
7163046,1629776
4741457,135916
4741457,280514
4689457,4689280
847076,8765317
847076,8765712
847076,5918
847076,8767493
256681,1358914
256681,5416304
6936683,6882672
6936683,5797449
6843895,6841952
6843895,1629776
2159902,599191
2343908,676115
2343908,12096
2343908,103390
2343908,96853
2507909,967866
2507909,97971
2507909,798665
8720715,54545
2388715,1914255
523115,22864
523115,419833
523115,1685095
5501515,8646807
5501515,54262
5501515,3403
5501515,5501244
2331,3356868
2331,951427
2331,508342
2331,195167
930341,598760
930341,930159
930341,5519660
930341,108292
930341,1740345
1889541,4652
4841547,1217299
7090348,3001585
7090348,6601712
4147154,2207107
4147154,4147130
2467954,175159
2467954,180007
7214366,4790454
7214366,2050255
7214366,4169888
7214366,7676547
7214366,8002558
3332766,2339
3332766,620062
3332766,453601
300766,5542740
300766,851182
1231966,1879027
1231966,455843
1231966,1230511
1231966,705698
1231966,1937200
201566,201078
201566,644404
201566,449047
2597567,610412
2597567,30769
2597567,418594
36767,1861699
36767,4966222
2920783,499574
2920783,645019
2163983,599191
251983,256373
251983,72169
251983,689699
251983,22666
251983,16013
56798,71968
56798,69009
56798,654945
1423998,129632
1423998,1350718
1423998,1316082
1779203,151885
1779203,127423
1779203,3403
1779203,174968
401603,681670
401603,535771
401603,567932
291207,1982427
291207,1011106
291207,8799766
291207,8817649
1816024,5537060
1816024,182526
185624,8773897
185624,10032754
185624,4043092
41,681868
41,645
41,671304
148846,90259
148846,1371330
148846,8764421
3356868,655896
3356868,962466
3356868,39365
3356868,3405276
600080,600137
600080,28337
600080,384749
1806513,7496
1806513,1132872
1132936,10157249
1132936,760
296144,7730073
296144,7786621
296144,962138
296144,7786144
499344,90259
499344,39365
499344,20256
499344,2341
208149,9422950
208149,1538115
208149,1584287
208149,68990
3332955,3332934
3332955,4065419
3332955,297831
1006573,232905
1006573,262123
1006573,10082225
604991,8768033
604991,39365
604991,8780941
604991,4042323
782600,10283533
782600,4013874
782600,4042323
8299400,11148038
8299400,5702747
8299400,932750
8299400,9916395
1379411,70704
1379411,13626
1379411,512176
1379411,384662
5661027,10996694
5661027,10996699
5661027,1219150
5661027,1341005
5661027,7880013
5661027,8802555
2838665,4212992
2838665,4042398
918665,39365
918665,2062791
918665,2062929
918665,3798549
918665,52828
1553869,199122
1553869,2172921
1553869,2530502
249876,4584205
249876,4042323
249876,613416
4025908,4026787
4025908,1485124
4025908,10032518
4025908,5922925
38724,536793
38724,1198876
38724,3646446
505973,5968764
505973,1444387
505973,90259
531580,16252
531580,530647
65980,2366189
65980,90323
3117184,5721591
3117184,3117248
3117184,129506
3117184,1536119
1635597,617015
1635597,90259
1635597,15889
693205,9248139
693205,2076690
693205,8765712
5501244,3351818
5501244,10129058
5501244,4455910
2059646,1953723
2059646,7527064
2059646,113956
2059646,9209421
4531652,9230589
4531652,4531675
78857,4000297
78857,79066
78857,734891
693257,110633
693257,140385
539692,8791817
539692,222241
539692,232905
539692,1894028
539692,8780760
6502929,8565396
6502929,8578717
6502929,195167
6502929,8539663
7272535,4194218
4067771,4067561
29386,4977248
29386,10284325
29386,8765658
421386,8773911
421386,8766797
421386,4128051
542986,285761
542986,4010540
989386,38993
989386,1180159
989386,855616
3067797,2206856
3067797,443746
4152619,221020
4152619,1044708
4152619,195899
4152619,84918
4152619,7573633
421420,90259
421420,198990
421420,8766797
421420,8839148
730248,8765658
730248,8840977
730248,68990
730248,228076
2255,2897932
2255,16466
2255,195167
2050255,39365
2050255,5675570
2050255,7226558
2050255,11254211
3413465,9888165
4973497,221001
4973497,1762805
4973497,1642887
4973497,9523606
4973497,1944145
1098304,122442
1098304,4661605
616728,78834
616728,1190895
616728,6834610
4211936,4980072
4211936,1345444
4211936,10288050
402348,233734
402348,1019629
402348,9326895
402348,113956
3503155,5506928
3503155,4958416
3503155,9068300
3503155,8788944
869564,8765288
869564,8765317
4224768,8767492
4224768,7200538
4224768,3923664
4224768,4120308
13575,90259
13575,13650
13575,380961
511207,4570613
511207,10446910
511207,10446775
28009,402826
28009,195167
28009,26129
125619,903914
125619,227552
125619,131212
125619,227522
125619,70656
696847,2183155
696847,1541014
696847,606883
63255,8786255
63255,881402
63255,8800721
63255,62232
655266,2831267
655266,53767
655266,1087255
655266,3384159
48875,532666
48875,128469
48875,20194
26547,39365
26547,2237408
26547,4690815
26547,10226289
26547,672774
26547,9992579
37747,6783811
37747,3276267
37747,9434669
6917748,2339
6917748,2117754
205761,5181662
205761,9600615
205761,9600681
439376,662635
439376,3287406
439376,10100748
439376,2422831
439376,925418
295380,1485253
295380,10085403
295380,1859598
889003,8881476
889003,246489
889003,14880
889003,90259
889003,988839
889003,661556
892203,35210
892203,1351474
892203,8935726
3324214,1605076
3324214,4162166
3324214,8767492
3324214,4080098
1927430,54999
1927430,16054
1927430,1369331
695454,2341
695454,654290
695454,90259
695454,2119401
5500260,5499730
5500260,8995898
5500260,3403833
7084265,4169958
7084265,81868
7084265,7918247
7084265,4169888
2245865,1202400
2245865,2244800
3316305,3340251
3316305,2997194
3996305,8777526
3996305,20256
3996305,90259
3996305,3996316
1941915,8765103
1941915,25985
1941915,90259
1941915,7520052
1941915,62402
713122,2525296
713122,1835814
713122,140385
713122,2525279
127522,8815093
127522,448429
127522,1160220
127522,8793438
1474743,3207721
1474743,1431140
1474743,3212765
1474743,4114977
8111557,9395407
45957,2028266
45957,140385
45957,2034496
1329175,1329059
1329175,6690427
1329175,55663
1329175,134381
1329175,1538957
465182,4042323
465182,7549682
465182,10347780
465182,39365
465182,3903833
2362785,5592592
2362785,9503747
2362785,1835814
2362785,2362789
2362785,1902901
3366012,3366338
3366012,3366345
3366012,3366332
3484428,85294
3484428,9911326
3484428,18020
3484428,86620
697241,8797606
697241,85702
697241,198990
697241,1835814
7961241,7893362
7961241,8107764
7961241,7951143
1001269,194943
1001269,629736
1001269,1761281
7961269,4169888
7961269,7248369
7089269,3228853
7089269,5800179
7089269,7089970
1313282,7735378
1313282,1177304
1313282,5750563
636482,9025012
636482,9277458
636482,8787316
399686,7146578
399686,11097054
399686,11097303
399686,695963
270086,195167
270086,1960098
270086,455190
650889,650838
17289,17307
17289,702954
17289,8766797
17289,560463
2420508,2420523
2420508,2137432
3319746,3366193
3319746,8819768
3319746,5380549
2057357,9270196
2057357,2057362
938957,2423942
938957,4275023
938957,194943
938957,111415
546957,195167
546957,1013598
546957,654945
546957,3423668
1297387,34819
574187,253327
574187,69441
796620,10319626
796620,383190
796620,8776187
567825,8480271
567825,35370
567825,28337
3036643,657700
3036643,177350
3036643,129642
3036643,1191839
3036643,37213
5511845,3623305
5511845,3911247
5511845,54262
726245,12928
726245,198990
726245,8907854
726245,8799543
3036653,1178698
3036653,129642
625453,9376915
625453,8924304
625453,1218451
625453,2058047
7142304,8002114
7142304,7666882
7142304,7893372
7142304,4330278
702306,4841544
702306,1303099
702306,9104280
430323,59913
430323,241559
430323,8765041
430323,430903
2857527,933475
2857527,4458796
2857527,8773831
697530,923773
697530,563276
697530,121335
697530,1164359
4147130,4147154
4147130,4339413
4147130,2525752
4147130,8777526
4147130,232195
5726337,2342701
300737,129097
300737,68990
300737,59913
300737,8766797
2350337,9137875
2350337,946742
2350337,2702152
1414370,194582
1414370,3402
1414370,25659
1414370,3335090
798370,7417796
798370,9880893
798370,9920725
798370,9526342
387179,256496
387179,1012989
387179,9381365
387179,2559204
7455992,300766
7455992,2702152
7455992,52828
8304024,234702
3228853,1742653
3228853,49908
3228853,7089269
2963312,1347286
2963312,1864802
1830549,2504345
1830549,5717900
3798549,7496
3798549,83950
3798549,3648768
1388953,240215
1388953,889135
144180,1445619
144180,797152
4339413,4176848
4339413,5914783
672219,4193097
672219,2113802
672219,667832
672219,447806
672219,432371
1027499,624983
1027499,35792
1027499,1817940
2893135,4659515
2893135,8767492
2893135,641363
2893135,2449843
2893135,8779601
1056337,124646
1056337,1616116
4125150,4124549
5667564,6701271
5667564,5812799
5667564,5662790
3056412,1724689
2662830,98759
2662830,2778492
2525296,713122
730185,48869
730185,100906
151010,1037439
151010,90259
151010,1752669
151010,9604637
48648,37213
48648,4082263
48648,1293434
48648,654945
48648,195167
48648,456022
2106279,934812
2106279,951427
2106279,262837
1303099,702306
1303099,697934
5043920,781009
4176728,133331
4176728,4176466
1834328,703833
7312745,7744
16794,45687
16794,695438
16794,1043213
16794,15574
637636,780049
637636,63991
637636,696723
1594464,715824
1930478,89068
1930478,53468
1930478,269788
3623305,5511845
3623305,2762811
3623305,39365
2704929,1427100
1316161,129632
1316161,129633
7879382,7690545
781803,3407226
781803,696517
7226612,2327
7226612,7226492
7226612,7882719
3482654,635810
3482654,1051092
3482654,429226
186661,641363
186661,1493801
186661,59913
1716265,1552153
1716265,18154
7821917,5988036
292337,896793
292337,670438
292337,534
292337,667832
148342,8774244
148342,20256
148342,9747568
3614030,3034985
3614030,7496
1130865,547868
1130865,1835814
1130865,8920337
234898,194943
234898,71968
234898,16013
234898,654945
3207721,72709
2257333,8764421
2257333,2257349
2257333,2972922
1636601,1635597
1636601,15889
1636601,90259
1636601,61075
1764633,898216
1764633,6530576
3025505,78477
1764725,7790603
1764725,2473877
1764725,2136
1764725,119478
6852763,6841952
6852763,1074072
6852763,1088833
7748765,7735436
7748765,7735530
7579170,1205244
81586,81598
81586,81750
81586,27040
81586,45687
776008,1783557
776008,1706368
776008,670438
776008,7637
3684826,7496
1736053,8694062
1736053,889277
2177672,1643110
2177672,550365
2177672,15322
920090,1869153
920090,780049
920090,2603693
920090,963047
920090,3887
8539298,5697610
1019299,45690
721705,426605
721705,2434564
721705,5665544
3892905,654945
3892905,1329099
3892905,16325
3892905,735566
3099315,1123998
1345741,545693
1345741,3117289
1345741,76652
5000152,111800
5000152,509434
7441781,1374210
7441781,1037500
5006581,346177
5006581,1878378
5006581,154292
5006581,888109
1221013,120789
1221013,189153
1221013,422508
1221013,127653
203415,5737970
203415,43129
11472,30145
11472,1666523
6766679,49908
4673887,5994113
4673887,3111165
7089970,7089269
299589,18216
299589,107037
299589,25284
1198876,9164
1198876,955727
1198876,194582
1198876,482162
1198876,196890
2622901,2622576
2622901,81854
8050156,2893062
3403833,4670576
3403833,3404731
3403833,672712
3915893,207909
3915893,85999
3915893,598404
3915893,1287330
2309,195167
2309,94590
2309,3278172
79117,13616
79117,684550
79117,1636871
1141566,855616
1141566,81446
1141566,780376
1720786,4018
1720786,4194768
1720786,7380329
536793,40415
536793,69009
536793,47344
536793,283710
658393,2065058
658393,93959
658393,90259
658393,1554365
5007271,5799167
5007271,1133116
258485,4164932
258485,456022
258485,545199
258485,2280606
232937,505475
232937,47344
232937,18154
232937,37213
5564178,5564158
53778,456022
53778,3402
53778,551768
53778,5951609
53778,3278172
3474620,3474441
3474620,4515159
3474620,4515162
3474620,4448672
585131,4701676
585131,34630
585131,535771
585131,584816
3273139,27276
3273139,443339
741939,218856
741939,121152
741939,301326
5500376,1049345
1762805,451933
3423668,10207976
3423668,4132706
3423668,1389159
3423668,10208004
5506928,3911247
5884528,3123341
5884528,5812799
5884528,5884517
1369331,444250
1369331,7051
1369331,32405
175731,783320
175731,232214
5404552,5837008
5404552,5421029
5404552,2911502
1340560,1336634
1340560,1971942
1340560,6829370
3366243,3366012
1516643,4150360
1516643,2188569
1516643,7051
383871,861603
383871,508823
383871,5146
383871,22861
2143882,2143581
2044735,1658693
4134344,729236
4134344,2339
4134344,2791679
4134344,1718261
3212765,606588
3212765,1474743
3212765,72709
