4649046,4631469
576780,39365
576780,1312219
576780,535771
40440,3010366
40440,644685
242186,13950
242186,1502641
117112,1235707
117112,1188514
117112,2339481
117112,1187821
117112,3003886
117112,1931393
3470052,3470050
3470052,3470055
8637860,4684392
464040,9027724
464040,1222721
464040,39365
464040,5993506
464040,20256
1656940,376971
1656940,4875348
1656940,1112774
1656940,195220
1438320,421872
1438320,1122467
1438320,3930191
6257400,5994113
3885720,4027047
3885720,33391
3885720,1069751
3885720,606646
2363940,119478
2363940,54476
2363940,43129
6293126,5994113
7061026,56382
7061026,16252
7061026,89068
7061026,133094
3003886,117112
3003886,872325
3010366,4970325
3010366,947395
3010366,552217
3010366,2238281
5520806,5520787
3470050,1020918
3470050,600611
3470050,56470
3470050,16124
1511130,1148993
1511130,3407072
1511130,3417
13950,1191839
13950,32058
13950,69009
4558530,698539
4713950,43129
439290,4699087
439290,2325187
439290,4669667
3994752,3402
3994752,217244
3994752,534
3994752,12890
2702152,244411
2702152,1389753
2702152,2701051
8320952,56382
1022512,149923
1022512,18097
1022512,46562
622760,1071078
622760,1202051
622760,11205716
1202400,9561100
1202400,1929777
1202400,8763510
1202400,1186675
1187020,18178
1187020,1187720
1187020,1188599
4177566,4181779
4177566,534
4177566,3470055
44506,7814224
44506,4042323
44506,9472072
44506,687481
46166,195167
46166,69009
46166,456022
46166,16013
606646,259620
606646,606610
606646,2445105
12890,626842
12890,3905338
12890,8765658
12890,8368265
6834610,5659904
6834610,9867313
6834610,1332684
3417830,8765698
3417830,2449843
3417830,8765695
3417830,4659515
16270,4192721
16270,1502641
16270,1087255
56470,654945
56470,43129
56470,72537
56470,269788
56470,460266
6565450,3417
6565450,16013
6565450,18154
16252,53767
16252,3919009
16252,6565450
16252,1353273
421872,52828
421872,8854013
421872,1438320
421872,8797606
421872,295835
3407072,4456501
3407072,3034045
3407072,8930200
3407072,1610499
3407072,8783560
3407072,8773831
537352,259620
537352,535771
537352,567830
537352,2768687
5913112,789581
5913112,8882110
5913112,39365
6528612,2831267
6528612,1087255
6528612,6628269
4684392,39365
4684392,4684286
4684392,760
4684392,8637841
641420,7790603
641420,2339
641420,455843
572000,651415
572000,195167
572000,654945
221020,17389
221020,97173
221020,220668
221020,1559268
6640,195167
6640,13950
2529660,429226
2529660,47344
2529660,1349110
2529660,2441411
5424600,5421029
6533980,963056
6533980,4698263
6533980,411131
6533980,534
6533980,907135
6929300,4078409
53060,3417
53060,1769451
53060,6816985
2811600,1287813
2811600,4860062
2811600,429236
3212640,1643110
3212640,1392566
3212640,655687
3212640,72709
760,421789
760,3948694
760,91696
760,797152
2663540,175441
259620,654945
259620,194943
1187720,282606
1187720,1187020
1187720,1188748
5476600,3887
5476600,230447
5476600,451148
2055106,67180
4809486,1456397
4809486,292862
4809486,699030
4684286,195167
4684286,134217
4684286,71968
891006,890677
891006,827644
891006,35591
5499246,16431
5499246,3404953
5499246,5535657
460266,2151100
460266,1124158
460266,549349
460266,8798585
8551686,17661
402826,165134
402826,3830
402826,68532
119446,1329059
119446,572000
119446,671304
16466,72537
16466,92173
16466,16013
16466,195167
257986,69009
257986,71968
257986,125221
257986,1326063
3557666,245477
3557666,7293095
5993506,5988442
5993506,3400923
5993506,6841952
262890,185365
262890,1087255
262890,2980894
262890,5332066
1926810,654945
1926810,16013
1019090,195362
1019090,2456976
1019090,1629776
1019090,45690
4679670,4679422
4679670,5480481
513590,39365
513590,5993506
513590,8764421
513590,20256
4012070,8828620
4012070,13162
579450,4402927
579450,1124238
579450,984233
4009390,237634
4009390,42900
4009390,7572273
455190,2811600
455190,6528612
455190,195167
455190,654945
455190,69009
47250,195167
1024710,644739
1024710,565734
1024710,376904
954170,376677
954170,721034
954170,1314652
606610,606531
681670,2632270
681670,3385034
681670,1377203
4349150,4343637
1908970,99075
1908970,32058
2778430,575584
567830,194943
567830,654945
567830,148838
1239552,72537
1239552,262890
1239552,269788
1239552,195167
1239552,47344
6695512,66333
6695512,107037
1007092,7476311
1007092,400047
1007092,194943
730992,71968
730992,2441411
730992,730985
8348152,56077
8348152,37416
5555972,5555949
3244352,698539
3244352,15889
3244352,137808
3332872,1191839
3332872,1443960
6735492,564964
6735492,13911
8473752,6816985
1493372,13100
1493372,1494022
1493372,226967
1493372,1492397
1764792,46697
1764792,28461
1764792,1208897
376500,1042808
376500,39365
376500,90259
376500,289807
3327620,979719
3327620,3054608
3327620,18732
113620,1929456
113620,925418
113620,1639024
113620,8768921
113620,653771
1720,581565
1720,32571
1720,6833467
1720,1087255
251580,6763200
251580,185365
251580,572000
2280460,1329059
2280460,3064296
2280460,1944145
2280460,1021700
2280460,39365
2280460,8960570
648560,483793
648560,1495337
420180,121335
420180,4563918
420180,8808123
1114000,2449461
1517280,2359091
1517280,5951741
27040,243018
27040,59913
27040,377931
20680,8766797
20680,405378
20680,714181
20680,1835814
695480,272737
695480,1835814
695480,916390
695480,90259
1443960,1083225
1443960,620759
1443960,3332872
2151100,54576
2151100,4629589
2151100,2339
1292980,16466
1292980,195167
1292980,621051
1292980,3384159
1292980,53767
4680740,10287068
4680740,4042323
718460,1392380
718460,1392210
718460,426605
718460,31818
718460,101856
52800,9579196
52800,8765658
52800,53060
13100,2082800
13100,3377207
13100,3400933
13100,3401638
13100,13950
552360,653771
552360,1468011
552360,2336743
42900,4009390
42900,66732
42900,3478031
42900,269788
2040200,618123
2040200,3905338
2040200,1474618
2040200,2265227
175020,1631339
175020,66341
175020,263328
175020,580962
67180,8785974
67180,2345831
67180,380011
67180,67165
67180,54031
399586,53767
399586,1087255
399586,32571
391606,391559
391606,3439374
391606,165134
55586,4560
55586,160185
55586,3151580
55586,610753
55586,1981905
621666,6747376
621666,16216
621666,1505445
621666,195167
5332066,262890
5332066,5332031
12486,1087255
12486,1444808
12486,1497785
12486,402826
12486,1459086
1230106,4294812
1230106,518927
1230106,115081
4039526,4042419
4039526,4042323
4039526,408818
79066,70779
79066,684550
1392566,3347006
1392566,535754
1392566,1197045
3594206,94703
3594206,11032841
3594206,1210805
3594206,11032858
3594206,1735242
998326,3067972
998326,4196049
998326,286560
998326,3390317
999406,947468
999406,6231
999406,47575
282606,282037
282606,5910693
282606,8765658
1499506,4408385
1499506,400047
1499506,194943
7900486,5865977
4257470,2121789
4257470,3487
61670,137292
61670,61385
128830,6231
128830,269788
7406030,145013
7406030,15322
2632270,195167
16890,13950
16890,9699405
1450,6565450
1450,2831267
1450,5475141
1450,32571
117730,6043642
117730,2619775
117730,2977503
1208690,213358
1208690,15744
1208690,4583
1208690,455843
1208690,210729
1208690,129379
3830,195167
3830,2329329
3830,80586
3830,402826
699030,3440912
699030,8793659
1950370,10074070
1950370,2362378
1950370,4654556
1950370,8923313
2624790,52828
2624790,29299
2624790,2370236
45690,1019090
45690,45642
4953910,4953935
4953910,4953941
4953910,3574472
4953910,4953931
161090,411551
161090,4398949
161090,4398910
161090,391471
161090,8949072
13650,124651
13650,131443
13650,684550
13650,13525
2888510,8423973
2888510,1734999
2888510,8423992
2888510,8423975
635810,4724962
635810,13950
635810,1781693
29770,1083225
29770,113956
29770,377931
29770,2706959
507890,90259
507890,5993506
1012010,9947824
1012010,2559063
1012010,55377
1012010,919628
1643110,1343756
1643110,648905
1643110,8400206
1643110,648896
2056630,5408414
2056630,1303231
2056630,8781059
2056630,1438320
2056630,4838805
198990,215102
198990,376904
198990,248468
198990,696517
97050,4042323
97050,4013874
1349110,5324767
1349110,3955153
1349110,9566805
6841952,4890682
6841952,4857913
6841952,293664
6841952,6851463
6841952,1161400
979532,8775267
979532,12928
979532,768884
3278172,195167
3278172,3387261
3278172,2290584
3278172,4408385
1314652,195167
1314652,4925932
117992,53767
117992,16466
117992,195167
117992,429236
797152,52828
797152,8765317
797152,69554
1476492,90259
1476492,5993506
1476492,1574925
1476492,7538905
2274152,979719
2274152,2067127
2274152,285421
2274152,3404953
860692,29424
860692,18178
860692,90259
131212,295379
131212,107712
131212,241768
2442892,1415379
2442892,1750971
68532,132005
68532,90259
68532,7427
68532,635855
68532,2317603
76652,444485
76652,3341859
76652,1087255
76652,185365
510652,54603
510652,7496
552772,8767492
552772,239726
552772,290280
552772,8767493
552772,8775024
1420300,3167807
1420300,152139
207120,87535
207120,24659
207120,421943
207120,14782
2874320,374689
4955020,71143
922480,513878
922480,1031631
202580,4114793
202580,284688
202580,287508
202580,1054578
1366920,1528439
1366920,5170617
2996020,534
2996020,401383
2996020,238898
2996020,7496
262160,262123
262160,155305
262160,2456976
3209340,4566019
3209340,8765658
6763200,251580
5380180,3163610
5380180,2444768
1161400,4397773
1161400,3711985
1161400,4078169
1161400,3086621
1161400,2474484
4680580,4680461
4680580,71555
2125440,269788
2125440,16013
2125440,47344
2125440,195167
221260,40415
221260,221225
221260,492897
221260,933941
2693020,376500
2693020,5348116
2693020,47575
2693020,2935904
4020700,7790603
4020700,4014648
4082580,8121005
4082580,4082263
4082580,18097
4082580,15744
4082580,5348296
718880,508113
718880,1545509
718880,1445619
718880,451939
3151580,216044
2082800,13100
2082800,46467
2082800,97173
1768120,175020
1768120,59105
710740,534
710740,15322
710740,152879
710740,120050
991620,1190895
991620,455843
991620,4840756
4684680,3493
4684680,4410745
4684680,4583
4684680,284687
4449420,465782
4449420,528181
4690380,47344
4690380,119478
4690380,493682
4690380,217798
4690380,32405
14660,640486
14660,6929300
14660,121335
1021700,1739213
1021700,14941
1021700,1033088
1021700,2280460
1893300,7420468
1893300,140385
1893300,2980894
1893300,1553196
239726,1094636
239726,239643
239726,4023345
4993566,264423
4993566,1148993
4993566,1222759
1011106,160617
1011106,1314652
1011106,121193
1011106,826857
407326,536844
407326,407603
407326,11929
7635906,3356265
7635906,186361
7635906,37508
1514446,7051
1514446,480245
1514446,432660
1514446,4857816
1514446,2339
6915966,2106748
6915966,3364
6915966,72413
6882726,6919761
6882726,1328995
80586,150050
80586,3830
1178826,89706
1178826,4681
1178826,174982
2954306,2106748
2954306,213358
2954306,2136
5894646,441663
1459086,194943
1459086,1038422
6893786,2672782
6893786,3719797
6893786,6765187
6893786,2280606
60426,840773
60426,194943
60426,1739255
60426,69009
1434466,1643110
1434466,128469
2324026,946705
2324026,2706595
5384246,256955
5384246,72169
1507186,195167
1507186,194943
1507186,456022
1507186,47344
421166,780668
421166,45484
421166,645143
421166,705211
108646,694931
108646,107301
108646,424531
108646,1050186
954946,694145
954946,1696115
959046,1538783
959046,149505
8400206,1643110
3348066,1380620
3348066,258876
3348066,3348610
3348066,3348540
77446,194943
77446,654945
77446,69009
77446,1382722
2078946,5767770
2078946,605419
551626,8357660
551626,451664
3347006,1392566
1299946,3049950
1299946,63680
1299946,697394
1299946,1753035
546606,4896915
546606,769037
546606,4895486
5485250,1142893
4224810,3470993
3202670,3424574
3202670,20793
1292070,10467780
1292070,2176109
1292070,185365
1292070,195167
2334190,841875
404810,5332066
404810,1504737
404810,195167
3377190,2339
3377190,981983
3377190,8652785
3309730,6816985
3309730,3307591
3309730,1349110
3165690,14699
3165690,49908
2885870,2280648
2885870,7062606
2885870,3322855
2885870,6537029
613990,2339
613990,1517129
613990,2136
613990,3278172
613990,3417
4013370,4012070
4398910,280514
4398910,161090
1392210,5910606
1392210,718460
180150,3830
180150,594873
6832630,3202311
7708470,3948694
683630,7425264
683630,3887
683630,194943
683630,1208557
683630,683623
916390,23556
916390,141222
916390,142428
5474370,46232
5474370,3402
5474370,47164
5474370,91789
1640630,6920526
1640630,8646807
1640630,865623
564350,194943
564350,774681
4124170,1264700
4124170,4123828
4124170,119446
3915890,598404
1208910,3417
1208910,129379
86810,933411
86810,86771
684550,9201949
684550,79066
3309472,3307591
402012,45484
402012,412208
402012,482463
402012,125544
667832,8923313
667832,401393
667832,674817
667832,674964
4406572,5662790
4406572,4112135
4406572,1332556
1150292,4195035
1150292,54999
1150292,283296
1150292,1646842
6536672,1097292
6536672,545199
6536672,1606224
2265952,1220602
1702012,962886
1702012,912989
1702012,2474484
1702012,640666
4065032,3402
4065032,4065003
4065032,91802
81092,1493801
81092,90259
81092,1021164
81092,52828
81092,3164787
18732,2614460
18732,53767
3440912,45484
4925932,96853
662532,194582
662532,195167
662532,3402
662532,25659
666152,1127497
666152,2162426
666152,370855
5454932,1422764
525412,783320
525412,583880
525412,780325
525412,1907605
4294812,5918
4294812,946742
4294812,8765712
7675712,7647017
7675712,7918247
4164932,735913
4164932,62154
4164932,4799528
4164932,39365
4474872,53468
4474872,18154
4474872,1450
4474872,3441
4474872,4018
12852,600137
12852,2940534
12852,1739690
2960532,444250
2960532,932733
2960532,419311
1288152,2136
1288152,213358
1288152,1381805
1288152,79647
3067972,6523305
3067972,20108
3067972,28882
3067972,176525
3067972,48094
1872172,248502
1872172,1901610
3346512,1392566
7091952,1208557
7091952,6825797
7091952,16325
66732,1217290
66732,42900
66732,155895
6575032,18101
6575032,2280648
2818592,1020167
2818592,377111
2818592,1147472
107712,17505
107712,131212
5592592,63680
1709772,738441
7634452,4123750
7634452,4123828
7634452,5987848
2280612,1191839
2280612,5884496
2280612,6537029
2280612,4124469
2280612,16013
1343612,423191
1343612,97050
1343612,1228508
1343612,55567
1343612,1450
62232,22311
62232,234106
62232,20194
137292,2697660
137292,901508
137292,3439366
137292,62154
8423992,2888510
5057332,682931
6618412,6537029
6618412,3487
6618412,15322
5991272,5988442
661420,44442
661420,39365
661420,2137432
661420,946742
661420,121335
583880,1070697
583880,1584625
583880,654856
583880,525412
983440,3404731
983440,638412
983440,979719
983440,18097
2109560,16216
2109560,429236
2109560,194943
63680,2018550
63680,59913
63680,718880
63680,90259
63680,1546239
111800,3919009
111800,1042949
111800,32571
111800,1463261
4208980,3430437
4208980,10063813
4208980,10063822
4208980,8465024
879560,4080623
879560,20256
879560,6835283
8357660,8754404
8357660,8754418
8357660,9861364
8357660,9861418
424140,150922
424140,198990
424140,224780
424140,90259
1380620,3348066
1380620,1379589
1380620,2637785
1380620,2686186
5740620,41144
5740620,1669017
5740620,29473
1937200,5385
1937200,7375
1937200,16216
1937200,3384764
2949800,8820459
2949800,113555
2949800,1735242
23240,24878
23240,377931
23240,1721384
23240,8434234
23240,3165690
3348540,4696725
3348540,3348066
3348540,9149289
4015740,49908
4015740,5459705
4015740,4014648
4015740,3365711
4126760,10300224
4126760,9168127
4126760,4993046
4126760,1563532
58200,5893681
58200,1502641
5497640,5497636
63060,90259
63060,714181
63060,76233
63060,198990
1790400,2963505
1790400,90259
1790400,300979
706120,81292
706120,12928
706120,9142420
637220,3379298
637220,7319341
637220,4086690
637220,950051
2614460,447806
2614460,487556
2614460,7101682
2614460,18732
1264700,128830
1264700,4124170
1264700,1829866
3020900,9894370
3020900,4408385
3020900,9562346
346560,317596
346560,2702152
346560,8767493
633280,39365
633280,633569
633280,2137432
1346940,266963
1346940,1037356
1346940,1171291
1346940,10012795
1346940,5048960
1346940,3987055
2697660,2339
2697660,386108
2697660,37589
2697660,76652
2697660,7790603
2697660,2340
1623900,1783557
1623900,4142552
1623900,1208935
1623900,4011620
1623900,119446
507320,8764421
507320,39365
507320,224285
149220,9657199
149220,8814669
149220,9173305
149220,198990
149220,3165690
149220,9657378
6701640,2519206
6701640,8767492
6701640,9876201
101820,1629388
101820,9173305
101820,7115220
101820,613859
101820,241559
917940,12852
917940,1083783
917940,14570
917940,67165
917940,400292
783320,190511
783320,101856
783320,780325
783320,8785974
20826,2073974
20826,8766797
20826,90259
527226,858187
527226,60486
527226,827087
527226,5408701
28526,3830
28526,99075
28526,26613
7062606,2885870
7062606,4318190
7062606,8467143
7062606,6624379
496206,94703
496206,90259
496206,2419165
496206,8766814
429226,3384754
429226,3384159
2162426,8773897
2162426,4680332
2162426,1431140
1970686,8970174
1970686,4687563
1970686,4011401
1235886,12689
1235886,193998
1235886,18178
1050186,718880
1050186,90259
1050186,8780760
1020266,45690
5570446,2387451
673206,40474
673206,1937285
673206,18154
673206,1499952
189286,39365
189286,1835814
189286,293745
640486,2323
640486,599762
640486,3441
640486,216898
640486,3393163
6920526,6919761
6920526,10684350
6920526,8815102
1369086,185365
1369086,1610499
5910606,5910693
5910606,1198083
5910606,2400139
5910606,5910630
4674586,1972887
4674586,3173612
4674586,6915966
4674586,4860683
485626,1124114
485626,39365
485626,90259
485626,2187828
4895486,5993506
4895486,4074736
4895486,8768055
626186,2238339
626186,2710688
626186,1755442
400506,1577450
400506,9209421
400506,380011
89706,9381029
89706,1178826
89706,2065455
1829866,3087615
1829866,1628997
1829866,18154
447806,10672375
447806,10509276
3439366,4631469
3439366,297831
3439366,37416
3439366,37497
1430886,645636
40546,1191839
40546,107712
40546,70672
40546,1051516
40546,150502
790206,187107
790206,59913
790206,12928
790206,198990
3912126,10534549
3912126,8794296
3912126,2762811
3912126,1098371
3912126,9099981
110466,77772
110466,111415
110466,158511
110466,111498
281386,9465045
281386,2279772
281386,215690
281386,8781172
281386,9465072
2622026,9598168
2622026,158511
2622026,2622087
2622026,9598174
231466,1493801
231466,405819
231466,2148719
231466,9100780
231466,1294292
2168726,90259
2168726,2168761
640666,600818
640666,3145771
640666,1020266
640666,8778928
4210226,119478
4210226,53468
4210226,216829
4210226,46232
4210226,47350
1910206,2280603
1910206,32058
1910206,2387451
1169026,10652705
1169026,10652863
1169026,8773897
1169026,9963051
1169026,3379298
453966,384975
453966,8786525
84226,991475
84226,8785974
581606,10035614
581606,2771890
581606,4836999
581606,5904549
581606,4126841
2280606,6635530
2280606,13950
2280606,6893786
234106,704961
234106,62232
234106,196489
234106,241505
1828506,676616
1828506,5044960
1828506,1228293
1828506,3033643
1828506,16464
1325486,5687111
1325486,1607005
1325486,8774244
1325486,8767492
1638790,986824
1638790,2963505
1638790,2702152
1638790,2107276
4892690,3428159
4892690,1629776
4892690,96853
5662790,2716564
5662790,4908616
5662790,932104
1739690,8780941
1739690,9260007
3379530,983628
3379530,5721291
3379530,2122975
3199230,5952068
3199230,1675884
3199230,29862
3199230,5952275
3348610,9626864
3348610,3922230
3348610,3348066
444250,4193629
444250,4408385
444250,11265963
444250,935857
444250,3384754
444250,195167
4123750,4124170
4123750,7634452
4123750,4043402
536850,2056963
536850,1571236
536850,109743
536850,101856
1378510,1662429
1378510,149505
1378510,3478031
1378510,2400934
932470,12928
932470,2950305
5767770,2078946
5767770,2386759
5767770,1438320
5767770,642087
3163610,8042291
3163610,1892582
902870,4208980
902870,43835
902870,18154
150050,1826821
86690,9966018
86690,90259
86690,25724
86690,201762
698030,924554
698030,1239491
698030,121335
698030,1239399
415730,39365
415730,1369443
415730,95105
1901610,2888858
1901610,8872887
1901610,1872172
1901610,198990
115150,114740
115150,16890
115150,30145
1217290,134618
1217290,703119
1217290,699111
535790,68532
535790,1850274
535790,492640
535790,534
535790,1941483
120050,119995
120050,1710795
120050,710740
377630,148092
377630,696517
377630,696723
377630,376558
644910,1835814
644910,1301000
644910,144649
644910,90259
194930,2831267
194930,3085536
194930,744019
194930,4966222
3049950,282605
3049950,718491
3049950,3200627
3049950,18020
3049950,8767493
516150,39365
516150,20256
1449010,971533
1449010,5380549
1449010,10532830
1449010,7375
1449010,8767492
1463370,2168783
1463370,69554
1463370,90259
47350,53767
47350,32571
242930,71968
242930,194943
242930,16013
242930,269788
232090,23855
232090,93503
232090,223817
232090,412674
865750,6604539
865750,9331419
917430,188816
917430,1084453
917430,1084459
917430,1872765
917430,1084442
187332,8807273
187332,4838805
2109572,654580
2109572,3054608
1320112,4982886
1320112,2860853
1320112,8957563
1320112,6700930
1320112,4568880
3065592,4042323
3065592,6643219
3065592,8042291
3162552,39365
3162552,8767493
3162552,557943
619632,429236
619632,1311657
619632,4416117
20432,1630436
20432,1196517
20432,782459
20432,1752412
3316812,3327055
3316812,2423942
3316812,1420300
3316812,4803789
2103552,2103576
2103552,992230
2103552,1084442
1392572,3916502
1392572,1149851
1392572,426605
1392572,200426
665992,69554
665992,93949
665992,195167
665992,54576
1354332,20256
1354332,4708343
1354332,194943
1354332,7375
4225572,9149104
4225572,4452120
4225572,39365
4225572,13950
3422372,6929300
3422372,3979572
3422372,8898488
1074072,5889080
1074072,8780941
1074072,4042323
21392,119067
21392,8233917
21392,448429
21392,218558
515292,5993506
515292,90259
515292,4001327
4652,1876863
4652,822972
4652,134894
4652,1886554
46232,1087255
46232,5474370
46232,185365
46232,572000
1097292,128830
1097292,6536672
1097292,1829866
1097292,1329059
62432,479657
62432,8454761
62432,140385
62432,241736
5497672,5497636
547572,3384159
547572,6609909
547572,185365
583912,233734
583912,584816
583912,90259
583912,8769533
583912,113956
1938572,8765658
1938572,35193
1938572,1383005
1938572,8764922
1938572,8859225
1938572,2168761
2043992,52828
2043992,2044100
2043992,9370546
145992,948289
145992,1444808
59072,4080737
59072,730992
59072,618733
1147472,2818592
1147472,10227257
1147472,4042323
1779712,3887
685572,791006
685572,8765658
685572,584226
142192,3565934
142192,1222721
142192,645
142192,99625
617592,99625
617592,1807338
617592,186138
7626640,7623415
205680,1545509
205680,109871
205680,63680
5048960,5048953
84540,45031
84540,45039
84540,547572
136660,1348116
136660,626265
136660,253506
136660,13616
1185040,4788629
1185040,1181873
14880,2439808
14880,288368
14880,694931
3349760,3349504
428140,3316285
428140,20755
428140,4978944
428140,3342945
2347600,252262
77960,1421570
77960,132088
77960,129466
4011620,54031
4011620,10032162
4011620,4011665
1543660,404910
1543660,407048
1543660,5988442
1543660,573164
726700,113358
726700,14737
726700,188289
726700,241768
726700,918125
448420,5738435
448420,448283
448420,34607
492640,285761
492640,584816
3345700,79647
3345700,619395
3345700,47344
18020,6231
18020,2421674
18020,3595597
2199960,692536
2199960,25288
402840,239543
402840,5788360
196620,3009051
196620,5779455
196620,194565
1854400,406984
1854400,3390923
1431140,1266710
1431140,4745363
1431140,3367773
1431140,425450
1431140,479699
6928840,2671212
6928840,2474484
5331020,2433212
5331020,1516102
94160,520782
94160,1950828
94160,3587627
94160,39365
94160,20256
4889660,4048988
3386060,195923
3386060,17389
3386060,1314163
3386060,47350
1529180,3167807
1529180,72537
1529180,1122289
1529180,195923
224780,198993
224780,376904
224780,644739
4568880,4568872
4568880,6623784
4568880,1320112
4568880,1166736
709100,9298627
709100,8974565
709100,2002804
5044960,1828506
5044960,39365
5044960,1735242
6899040,6565942
6899040,6898540
6899040,3389876
1747780,3365711
1747780,3504878
1747780,2056174
3402280,11139640
3402280,8272540
3402280,3342195
3402280,2274152
134980,2120043
134980,2668449
134980,64435
1329780,205354
1329780,1329703
4452120,3357005
4452120,134729
4452120,1148993
4452120,4225572
4452120,4452119
5889080,97173
5889080,1074072
218640,245255
218640,1445619
218640,99955
218640,16890
4688780,561727
6555900,1436848
6555900,3277
641600,780713
641600,9048628
641600,780325
3901520,39365
3901520,4799528
3901520,3593489
3901520,4799563
1615880,705211
1615880,190177
1615880,20305
1615880,285421
1615880,411343
201880,14423
201880,2474484
201880,226967
1217300,703119
654580,90259
654580,3410084
654580,919628
7115220,132075
7115220,2311
7115220,196453
695946,439290
695946,62402
695946,571031
695946,101856
1680066,48221
1680066,513
1680066,32291
1393386,155895
1393386,786003
1393386,41894
1393386,1394017
1393386,42900
2306,94590
2306,654945
2306,195167
3595386,3594469
4077986,984233
6923266,2635213
239126,51985
239126,116621
239126,8079
239126,239074
7677526,7922856
7677526,7647017
7677526,8000160
7677526,7214759
2035386,195167
7797626,118422
7797626,7790603
7797626,18097
1235726,5480702
1235726,405357
1235726,619620
239526,2175644
239526,18154
239526,195167
239526,665101
6841526,3034257
584226,53468
584226,1158555
584226,685572
4523766,43558
2825426,1605598
2825426,1424
2825426,1883617
2825426,1322407
2825426,1222404
789486,1025117
789486,45687
789486,60679
13266,81644
13266,695875
13266,5829852
2003146,451939
37486,62154
37486,61794
37486,2641459
422686,198993
422686,85755
422686,198984
422686,85785
4993046,4126760
41646,41842
41646,41894
41646,42497
696986,8797606
696986,1034640
696986,1835814
696986,140385
4375086,1020167
4375086,47250
4375086,2311
4375086,5988442
1490806,117992
1490806,2339
1490806,1654864
2686186,1380620
2686186,2686009
2686186,4042887
1197066,456022
1197066,632988
1197066,621666
113326,1875889
113326,8785974
113326,780325
113326,1835814
64406,61039
64406,1765403
3481466,2397298
3481466,673657
3481466,4323138
3481466,7790603
374666,1147472
374666,85644
374666,374646
1381646,47344
1381646,4575756
1381646,194943
791006,68377
791006,70850
1624486,65283
1624486,19836
1624486,6841952
1624486,20432
4982886,6623784
4982886,6701271
4982886,2052254
54006,1087255
54006,5475141
565626,918125
565626,619296
565626,188646
200426,2260061
200426,1392572
200426,181665
6765226,1665178
6765226,1665608
6765226,1778921
6765226,954930
6765226,4999029
1073386,40474
1073386,262837
1073386,951427
1073386,18154
1073386,6537029
1490666,269788
1490666,18154
1490666,195167
2333786,841734
6829326,4105625
1445926,1445915
197306,645166
197306,9083337
197306,473692
4665926,4840756
4665926,4665695
2625286,1978097
2625286,3402
2625286,117112
2625286,2624790
1384166,534
1384166,1384148
53606,71968
53606,92173
53606,195167
53606,16013
4198246,2325187
4198246,25659
4198246,262837
4198246,3402
335706,105897
6923406,6919761
269886,69009
269886,1293434
269886,92173
269886,16013
420786,1956183
420786,2175663
5903570,3117289
130850,79289
130850,103326
130850,16431
130850,1569155
3922230,258876
3922230,3348610
3364750,7496
3364750,3365711
3364750,4046390
388590,284688
388590,234046
388590,3117289
1017590,3624925
1017590,7259044
1182130,1181873
1182130,1171361
2053790,585678
2053790,982276
2053790,1017728
2053790,226967
14570,1083054
14570,426675
14570,917940
14570,245669
5379610,284688
5379610,31773
5379610,4114793
1706530,918125
1706530,89442
1826770,410488
1826770,410513
2489490,186347
2489490,885351
614430,153668
614430,4167305
614430,432660
125110,69009
125110,29462
125110,2483041
125110,535457
1577450,400506
891630,962829
891630,456022
4391770,3323122
4391770,444250
4391770,1313701
4391770,256955
4086690,1526144
4086690,293438
4086690,637220
4086690,3424574
928370,695818
928370,149505
94590,1892582
94590,9986480
94590,3581815
4882050,3142945
4882050,91789
4882050,547132
4882050,234046
4882050,18154
6707390,194943
6707390,194821
6707390,44057
7202490,1629776
659430,453945
659430,165134
7787630,5987894
7787630,5987867
5750110,1623051
5750110,676115
6906510,5477491
6906510,3353792
6906510,2341045
2630,7431958
2630,473414
2630,147858
2630,4516710
1019510,188414
1019510,45690
1696170,659655
1696170,165134
1696170,2635003
4040650,4039995
4040650,2342701
4040650,71559
4040650,216481
4040650,116558
6635530,2280606
6635530,6618449
6635530,6610142
6635530,3898402
86230,100910
86230,600533
86230,697622
4318190,1867656
4318190,1354441
4318190,94160
1219070,1171777
1219070,9449
1219070,4708
3356170,2457982
3356170,222444
3356170,3039347
804630,1147472
804630,797152
804630,1889547
804630,645172
948630,7814048
948630,4838329
948630,10745324
215690,149573
215690,2751720
215690,4976703
989710,8765658
989710,566985
989710,8907854
480330,1438320
480330,155895
480330,2058495
480330,42735
992230,2103552
992230,992155
992230,1158627
61930,8763033
61930,2437823
61930,61953
61930,61417
61930,525482
7677090,7647017
7677090,7248821
7677090,457856
7677090,7226559
3681790,6636728
3681790,4514282
3681790,1311624
3681790,7496
8045570,4330496
2018550,489586
5910630,5910606
1753610,8767510
1753610,1753337
1753610,1105001
1753610,8773545
492050,8780941
492050,9092857
492050,2151907
492050,1236984
492050,984874
2526990,150663
2526990,245477
6700930,584823
6700930,1298152
6700930,71968
6700930,444613
5374250,5372766
1341550,654945
1341550,18154
1341550,482306
1341550,16013
5903650,3117289
252830,8775267
252830,1061699
252830,9211926
252830,200239
1298770,7496
1298770,241513
1298770,3402
1298770,25659
1298770,194943
4046390,3365917
4046390,4046477
4046390,3379310
5737970,7375
5737970,629736
5737970,10758903
5737970,558816
1144250,195167
7177310,1629776
3171690,25659
3171690,76652
3171690,5738435
2474310,632988
2721590,260258
2721590,1532601
81292,51431
81292,119270
81292,473838
3930092,427771
3930092,56382
3031292,207889
619012,2174867
619012,195167
619012,3384754
619012,2897932
2670972,404377
1785212,8797606
1785212,8814669
1785212,8773831
1785212,1785326
755852,752652
755852,187894
227612,227644
227612,116289
227612,102877
227612,382202
227612,122700
70672,4937441
70672,12928
70672,1314133
2697532,8633807
1783912,447791
1783912,4948075
1783912,230447
1783912,207909
1783912,2136
1019812,4020536
1019812,3049950
1019812,3400923
638412,10778823
638412,3353405
2341692,2474484
2341692,3904610
2341692,1349110
2341692,176525
4802612,374734
4802612,7926869
2862612,1393204
2862612,954930
2862612,2848344
1499952,3116346
1499952,200239
1499952,1042107
1393212,150985
4680332,2162426
1196412,1025117
1196412,43558
1196412,1054607
1752412,20432
1444372,28882
1444372,963047
4431512,946742
4431512,9708186
4431512,662703
185652,2940047
185652,122557
185652,122687
195772,2339
195772,5884496
195772,1179339
195772,1368838
3979572,2694018
3042072,60679
3042072,45687
571172,729659
571172,631164
571172,227644
77772,157539
77772,77034
77772,110466
8753472,1436848
4142552,1322781
4142552,4142837
4142552,1623900
4142552,1944475
2093232,978966
2093232,395353
2093232,6640
2093232,1167329
4963312,4894126
1221572,411343
3308752,3307591
3308752,6923848
3308752,6919761
3308752,1769451
3308752,15744
3299792,517297
3299792,1960670
3299792,4159143
3211512,284688
3211512,621804
3211512,4114793
3211512,69009
3211512,6640
3449392,6645991
3449392,45484
3449392,743338
1594012,1017728
1594012,715824
1594012,7900486
2137432,239074
2137432,1029300
2137432,534
2137432,243824
35912,1055276
35912,1055372
35912,1055611
4409252,47344
4409252,72413
6712232,48042
6712232,3402
6712232,3441
6712232,1450
822972,33948
822972,165134
822972,797152
822972,35281
66152,66007
5714392,5480702
244112,8607
244112,444485
244112,1704601
1294292,645019
1294292,231466
1294292,534
2135372,2389598
2135372,16619
2135372,1450
1157812,68532
1157812,1328995
250452,630439
250452,24659
250452,654945
250452,16013
250452,195167
400292,7496
400292,154714
400292,4838535
400292,94160
4152392,3401603
4152392,7790603
4152392,4152424
1182752,3176369
1182752,1181873
1182752,1185005
127932,946705
127932,593620
127932,86512
127932,683623
53092,71968
53092,145013
53092,430519
2279772,281386
4063512,4050075
4063512,49908
4387172,4387119
4567392,379807
4567392,432324
4567392,3396744
4567392,7627002
2171532,894831
2171532,1578972
2171532,5831683
934812,16216
934812,194943
934812,455190
934812,2106279
934812,195167
567932,133986
567932,619296
3336972,3335951
148092,90259
148092,647709
1547152,875157
1547152,451879
1547152,5702202
3173612,961582
3173612,44064
3173612,2106748
593620,4838534
593620,1181272
593620,127932
593620,950051
644300,90259
644300,384828
644300,8765658
684100,2650316
684100,6929300
684100,140385
684100,3229508
684100,7520867
4156620,4042879
4156620,9889839
4156620,2391926
4156620,598384
4156620,8767493
1295200,1233371
1295200,8767492
1295200,8038284
1228640,198990
1228640,121335
1228640,90259
19820,937531
19820,19887
480200,1047597
480200,8767492
480200,43500
4197380,25659
4197380,3417
4197380,292862
4197380,1450
4157560,1349056
4157560,2702152
985560,2117874
985560,90259
985560,1276042
985560,113555
5907380,4694569
5907380,5712885
5907380,5910117
203820,8767492
203820,39365
203820,52828
3922720,386234
3922720,52828
3922720,8765041
1029300,429236
1029300,1230106
5788360,16216
5788360,11203389
5788360,2821465
22820,207120
22820,1053383
22820,68990
22820,671304
430780,165134
430780,90259
430780,380961
430780,1391627
619620,8770978
619620,140385
619620,1235638
619620,940678
167780,2073974
167780,8780760
167780,9386007
106040,202580
106040,7435136
106040,273356
4718380,547782
4718380,81767
4718380,194943
4718380,8781172
56880,195167
56880,654945
56880,1013598
990920,8765658
8000160,10771207
8000160,2103230
8000160,8000901
1637420,7496
1637420,534
1637420,512176
2169240,9840155
2169240,10388423
2169240,3387261
1847860,429236
1847860,2831267
1847860,195167
1847860,457715
2340,185365
2340,53767
2340,1042949
2340,1208690
7141880,8804322
7141880,5995662
7141880,2394688
7141880,5513016
7141880,7676872
8272540,3402280
13520,145013
13520,195167
13520,513590
13520,295379
1239600,1332703
1239600,1919628
1239600,1850197
1239600,1919760
122700,7176643
122700,1958009
122700,90259
122700,8765658
726940,4660261
726940,1349056
726940,2635113
2751720,3373495
2751720,1019629
2751720,215690
127900,110402
127900,1017195
127900,937548
127900,90259
432660,185365
432660,53767
4671620,47575
4671620,10001
571920,1835814
571920,571931
6526220,266470
6526220,25266
6526220,44098
6898540,6899199
6898540,6899196
6898540,6899197
6898540,6899202
5987920,11085316
5987920,7690909
5987920,4042323
1929220,7503454
1929220,1686498
1929220,275430
3393300,220870
3393300,4699833
3393300,3393163
30820,1571236
30820,8787588
30820,2056963
30820,599144
30820,407326
1208986,2339
1208986,28461
1208986,1964750
16026,1497785
16026,8737383
16026,2263894
16026,429236
16026,1680554
203506,420682
203506,1022209
203506,567830
203506,6737575
2687706,6936813
2687706,1329059
2687706,1628997
234046,195167
234046,53767
978966,2112189
978966,2168761
978966,2093232
11126,1353273
11126,1208690
11126,185365
7261246,3123402
7261246,1958175
12646,90259
12646,85756
12646,897136
12646,1958009
5372766,8814669
5372766,9062139
3392646,93713
3392646,1937285
7273366,18097
7273366,5949888
103326,3595035
103326,4042323
103326,1187742
103326,8773831
151206,567002
151206,198990
151206,90259
151206,566985
125686,90259
125686,1219538
125686,93503
1559766,287649
1559766,1559857
1559766,90259
502746,1675913
502746,29862
502746,1676039
39146,53767
39146,3143231
39146,4080737
39146,1149365
39146,1502641
119826,119895
119826,789486
4444086,2400934
1785326,584373
1785326,1785212
1785326,5988079
217846,4967071
217846,444485
217846,2831267
217846,1755442
133986,4418703
133986,4418641
133986,567932
149106,398059
149106,198990
149106,1835814
149106,272737
149106,224780
129466,79289
129466,1437527
129466,5819
8633726,2697532
1516606,40415
1516606,407048
1516606,432371
34966,919628
34966,2363632
34966,10369556
34966,2520249
34966,34987
5741046,260350
5741046,9664029
5741046,10467780
5741046,10467708
439886,400003
439886,1988605
489586,5619973
489586,8797606
489586,2020415
489586,1165199
489586,9362179
1209106,456439
1209106,8809340
447606,7295061
447606,9040257
447606,9039900
447606,9039451
447606,9040287
447606,9040127
6586106,8258881
6586106,8637717
6586106,2963505
6586106,7041564
700166,20194
700166,1895934
700166,59913
34926,1006888
34926,2142866
34926,34630
34926,239450
962806,1444372
962806,2341692
962806,3067972
962806,6725971
4894126,4963255
4894126,4963312
4894126,376875
4894126,4963265
1199566,4699833
1199566,165134
1199566,1638685
384366,90259
384366,198990
384366,2360860
384366,1967008
76806,241559
76806,889879
76806,426605
76806,101856
779826,1835814
779826,924554
3116346,4672
3116346,12801
3116346,406570
188646,984296
188646,90259
188646,8594275
188646,59913
645166,2339
645166,1158555
645166,106587
645166,7496
645166,32405
645166,16890
253506,198990
253506,331073
253506,245805
253506,136660
253506,1220926
1291486,2561177
1291486,429236
1291486,3387261
1291486,195167
398206,11257130
398206,11257189
398206,4117486
1325906,7530361
1325906,228076
1325906,6792640
195786,3211512
195786,1680554
195786,1502641
195786,195167
195786,3387261
195786,3384159
98886,85756
98886,113159
24550,2236304
24550,12928
151130,9572137
151130,2147357
151130,8143754
1536670,645
1536670,2399509
1536670,133907
400930,9313876
400930,39365
400930,90259
1421570,483581
1421570,130219
1421570,78057
404910,70656
404910,9370411
404910,1543660
187830,598471
187830,422508
1007470,113956
1007470,1700607
1007470,1333751
698190,272737
698190,1835814
698190,18178
698190,16437
83950,2062791
83950,931996
83950,4198246
220870,2561177
220870,3232587
220870,32571
220870,53767
220870,2831267
422570,295405
422570,116144
425450,5247225
425450,1431140
425450,8769533
119270,10001077
119270,81292
119270,10332547
119270,2151907
119270,2334190
1369610,2272708
1369610,394793
4412210,1567215
4412210,1490648
4412210,16216
4412210,217894
42890,68961
42890,18154
42890,4018
281690,11107789
281690,11105471
281690,11106187
281690,11105359
2477570,1636005
954930,54447
954930,914319
954930,2862612
954930,8415286
668850,2560954
668850,10559301
668850,5973503
668850,39365
1045770,3402
1045770,16013
1045770,284688
1045770,2635003
1470950,43129
1470950,195167
1470950,269788
1470950,16013
1329150,39365
1329150,20256
1329150,1559749
1329150,4243803
1960670,928370
1960670,8846554
1960670,4042323
165590,9005002
165590,161594
165590,1709305
692390,8785974
692390,1174522
692390,780325
692390,1835814
692390,781647
100450,293416
100450,940855
100450,8803675
100450,4130167
3482070,3223777
3482070,8764421
3482070,9174612
1510270,1087255
1510270,6714555
6746950,4677909
6746950,7690870
6746950,9817615
6746950,7620394
6746950,8042291
3151370,8768921
3151370,218134
3151370,1463261
1499370,9992483
1499370,1499361
1499370,429236
1499370,53767
257790,202200
257790,1931606
257790,4572626
411210,3351790
411210,1607674
411210,3237222
411210,2692082
411210,3386394
411210,2477309
4124150,2306
4124150,5483919
4124150,1149430
4124150,1174089
1098350,9048520
1098350,121335
1098350,9048530
1098350,760
1098350,9048488
128790,241736
128790,13650
128790,25856
128790,241559
128790,110402
128790,125609
565110,1342749
565110,1419708
565110,4937426
565110,10119994
9330,8783560
9330,5379610
2900010,3365711
2900010,3365634
2900010,411343
2900010,4046390
14890,1297311
14890,90259
14890,2043562
728250,215566
728250,728167
728250,1686227
728250,419896
1223810,4826445
1223810,8778433
1223810,90259
3002590,14737
70850,903844
70850,13650
70850,903853
70850,629
70850,101856
100910,52828
100910,8766488
100910,8797606
100910,637088
3379310,4046390
3379310,2285953
3379310,3365711
85690,8767493
85690,9316979
135670,430519
135670,720382
135670,99625
3679310,11243808
3679310,1848189
3679310,80586
36290,34630
36290,113956
36290,221427
36290,3165690
491810,8797606
491810,8800257
491810,3043123
491810,8767492
7326930,638412
375352,904317
375352,26085
375352,187306
375352,1835814
594892,5807239
594892,195899
594892,8566105
594892,53060
1064492,7129214
1064492,2042572
878272,2265122
878272,1411
878272,2772306
878272,2772285
878272,99625
878272,2772289
1578972,68961
1578972,697106
1578972,447791
1578972,284687
1578972,262837
1578972,2905263
930412,732857
930412,2349142
930412,4076306
930412,4908616
930412,153093
2721552,7942795
2721552,3402
2721552,2842559
2721552,907135
2433212,5331020
2433212,979397
3353792,914616
3353792,186348
3353792,1565507
3353792,262045
3353792,5417992
2671212,4692531
2671212,8539663
2671212,6928840
2671212,10679191
2671212,10678897
568472,84813
568472,389007
568472,780713
568472,8785985
4765292,156058
4765292,8768033
4765292,1438320
4765292,42735
4765292,741277
2940172,5993506
2940172,654856
2940172,90259
6952,195167
6952,3581625
6952,572000
6952,444485
6952,46805
6952,1502641
672712,1629576
672712,5993506
672712,4864149
672712,3430562
3438712,4049374
3438712,445112
3438712,4689373
3438712,575185
675312,620759
675312,676775
675312,6528612
39492,1444808
39492,937531
39492,113159
39492,12928
5829852,8767492
5829852,8770017
5829852,5829862
5829852,9398916
86612,739258
86612,5408655
86612,96648
645172,8773880
645172,2802720
645172,90259
645172,52828
262892,947395
262892,3593316
262892,1755442
1055372,1629776
1055372,196816
1055372,218530
1055372,5994113
432332,5831683
432332,8765658
432332,282037
432332,10518151
529772,8349372
529772,8872887
529772,7375
529772,1364344
154292,5771950
154292,2614460
154292,1087255
154292,3450560
2917472,47075
2917472,946742
2917472,662703
1067632,979826
1067632,946742
1067632,8790428
1067632,221469
2764532,4664527
2764532,5512108
547132,195167
547132,1087255
547132,288616
547132,13950
1143112,4864149
72412,53767
72412,2831267
72412,1087255
5597372,90259
5597372,8763387
5597372,2034464
5597372,1185231
853672,8776923
853672,2888858
853672,8767492
853672,8787306
1108472,570871
2897932,404810
2897932,262837
2897932,3402
113832,8395203
113832,1489821
113832,7375
113832,16216
113832,620759
699872,694931
699872,3262515
699872,702278
752652,215690
752652,4007675
752652,4021966
45892,1022943
45892,401393
45892,402826
45892,398134
23332,569359
23332,5952275
23332,29862
473692,197306
473692,1823605
473692,658207
473692,53357
135992,1087255
135992,1353273
4568872,202580
4568872,9638590
2949592,619367
2949592,94703
2949592,29862
125352,113159
125352,2674501
125352,241559
125352,8773230
125352,202580
2206712,1220659
2206712,1494905
2206712,3362327
395832,1004932
395832,8681551
395832,9004972
1531292,1090077
1531292,67318
1531292,72537
953252,3384159
953252,1087255
953252,1502641
262452,2068756
262452,8848629
262452,262160
4123632,4043402
4123632,10035434
4123632,5993506
4123632,4123995
546052,426605
546052,546088
546052,546058
546052,28526
116092,116000
116092,2455725
116092,272737
116092,954170
859772,7276102
859772,8777618
859772,2830148
859772,2177627
1885312,134217
1885312,80586
1885312,3145771
1626252,71067
1626252,19836
576001,253327
576001,904813
576001,8376012
6536601,194582
6536601,735398
3351401,5982933
3351401,3351325
5458201,432929
5458201,374854
5458201,72412
12801,3116324
38401,111415
38401,3298617
38401,195167
38401,1497785
1678201,1382473
1678201,121193
1678201,37213
1678201,456022
128601,79289
1931606,1616116
1931606,141222
1931606,257790
549806,1835814
549806,137808
549806,694931
549806,146694
189610,186623
189610,23074
1114610,113827
1114610,2131682
1114610,2131598
7918410,7923547
7918410,7918247
4129010,1784481
454218,429236
7795618,7790603
1348418,397967
2533618,533454
2533618,368092
2533618,367857
3155218,2758755
3155218,292862
3155218,4625244
986818,93713
986818,986264
986818,470941
986818,3574
1577830,788638
2103230,2339
2103230,444842
1149430,2687706
1149430,119446
1149430,6537029
34630,35281
34630,700455
34630,213490
275430,1929220
275430,1071506
275430,113620
275430,626186
275430,192730
1043230,684550
1043230,108946
1043230,1092011
2137454,166861
2137454,455843
2137454,4696473
1671454,15889
1671454,32182
1671454,39365
3534454,32638
3534454,40169
3534454,245477
7503454,1929220
789454,152879
789454,45577
1083854,424531
1083854,67163
1083854,426675
1083854,693976
1623454,34852
1623454,422508
1623454,299444
4076454,4076407
4076454,4076476
549463,2659138
549463,8766797
549463,9617077
549463,8767492
1216863,198993
1216863,8121005
6899263,2450685
6899263,1919409
6899263,4377587
6899263,2808463
6899263,3151676
2430063,1019187
2430063,18097
2183863,31896
2183863,1292980
2183863,89404
2183863,565474
560463,260213
560463,560503
560463,559577
8345069,676115
539269,1216362
539269,12852
539269,1835814
80069,79465
80069,5779455
80069,86612
80069,268262
80069,4840756
684469,13650
684469,101856
684469,452134
7284875,107038
7284875,534
8594275,629236
347075,105897
644475,492352
644475,550093
644475,562535
2872275,262890
2872275,3402
47075,1064703
47075,148583
47075,974660
47075,9164
1516475,2339
1516475,262837
1516475,54576
1516475,1666523
1335475,525645
163075,1619207
163075,154869
163075,1379372
376875,525556
376875,45484
376875,376558
1661292,285734
1489092,456022
1489092,119478
1489092,269788
1489092,5452879
1489092,47344
4995892,274212
1512092,16013
1512092,951427
1512092,53983
1512092,654945
4208092,5738472
4208092,1682214
4208092,52262
4208092,5969425
5518294,1788601
5518294,464034
5518294,133172
2263894,47344
2263894,3402
2263894,194943
2768094,3110459
2768094,1944481
2768094,1944475
2768094,9646162
1868294,527284
1868294,142618
217894,69009
217894,16013
217894,195167
4827094,2134000
4827094,1147472
4827094,1445013
443696,194943
443696,451107
443696,3402
443696,45436
937696,116621
937696,399579
419896,1385940
419896,22047
419896,1674005
2756302,141222
6288902,5994113
1190102,2202302
1190102,670438
2962902,177350
2962902,2203831
2962902,3407111
2962902,1576000
7276102,12469
202902,202456
4685102,3899482
901508,292862
901508,137292
901508,4109139
5512108,48407
5512108,3911247
1156508,3408076
1156508,1023204
1156508,9411815
1156508,5904549
1419708,636805
1419708,534
1419708,573848
1419708,653261
568108,669597
568108,1433457
568108,1381805
568108,133986
4120308,3407099
4120308,1148993
4120308,5728321
195508,1456056
195508,194565
195508,534
195508,35281
195508,16890
195508,377811
1889708,2131598
1889708,10099187
1889708,4382122
1889708,1867232
1889708,682225
2272708,1369610
2272708,1976380
7788108,5987873
449108,113555
449108,2963505
449108,8778433
449108,26048
457932,979397
457932,16216
457932,3176286
457932,620759
5590332,28544
4504932,525518
4504932,3033659
6930932,4212614
6930932,6930927
6929332,4078409
211133,115687
211133,621804
211133,25288
211133,2342701
211133,253477
211133,210982
1223733,99955
1223733,93442
1223733,33214
4229533,456022
4229533,72413
4229533,194582
4229533,3417
4229533,455843
5715533,15744
5715533,2339
4010933,66373
4685333,3899482
4685333,54262
1376933,15744
1376933,3402
1376933,18154
1376933,4890301
1376933,20482
1291740,4156873
1291740,8768
1291740,3911247
978140,262452
978140,54576
978140,2339
978140,933615
5764740,47205
5764740,346177
5764740,1603723
5764740,628402
1133540,4039995
1133540,1116022
1133540,2342701
6850740,117602
6850740,6919761
3002140,1706611
3002140,207889
3002140,374854
3002140,14737
407940,654945
407940,195167
407940,3118536
722740,658668
722740,676115
722740,1206839
722740,53468
422945,194943
422945,186348
4130145,1202400
4130145,1090484
85145,83707
1225945,5914783
1225945,5400853
1225945,99955
401745,165134
401745,401461
4258945,3188990
4059947,1450
4059947,7480981
4059947,3402
4059947,1509878
2218547,187894
998547,9002658
998547,9002466
998547,999043
4176147,10290648
4176147,76293
4176147,31462
448347,448283
7676547,8643297
7676547,8643235
7676547,8782069
7676547,2702152
240161,128911
240161,78869
240161,227082
240161,116289
1499361,262837
1499361,217659
5363361,3315078
1159761,404792
1159761,956971
1159761,399586
7530361,8453
1563162,1752337
1563162,91295
1563162,20432
1563162,90259
1563162,3365626
1960362,1960274
1960362,6907168
1960362,190637
1611762,5408953
1611762,697622
1611762,86150
71562,195167
3430562,3430485
3430562,3404555
3430562,672712
3430562,3404953
2043562,151909
615962,1809399
615962,615925
615962,151456
5785962,576780
2502370,2260061
2502370,72709
2502370,186347
2502370,3209276
681170,1147472
681170,237773
406570,32571
406570,922480
406570,53767
2834170,2834021
2834170,55567
584373,3278172
584373,18154
584373,117992
584373,621666
584373,551768
584373,195167
7129373,1064492
7129373,7205811
6898973,1149873
6898973,4377587
6898973,8472687
6898973,6898540
139973,1616116
139973,939817
139973,136897
4689373,4689280
14573,655415
14573,1317155
14573,1317104
4868373,15744
4868373,3349289
4868373,53881
4868373,667767
1140586,421529
1140586,3389087
1140586,3417
1140586,1914255
2060586,599191
2060586,415338
1328586,37865
1328586,38401
1328586,1336319
1328586,3916951
1328586,515874
547587,53983
547587,195167
547587,16013
547587,69009
547587,456022
547587,951427
34987,63337
34987,70779
34987,412350
28587,16013
28587,294603
28587,3402
28587,654945
1362987,2477853
1362987,529772
16387,288368
16387,122557
16387,113261
16387,54576
16387,1706368
106587,6750245
106587,4799599
7275987,12469
4123995,4123632
4123995,4123968
4123995,4123828
4123995,119446
4123995,1778952
1011995,3589428
1017195,23135
1017195,14565
1017195,127900
1017195,600533
1017195,64435
7942795,7943001
7942795,10024041
7942795,2847051
7942795,7943030
8376012,2339976
8376012,8381774
8376012,8380641
690812,3262547
690812,3241368
690812,1835814
690812,3262580
690812,3262515
610412,2597567
610412,1519634
610412,4374196
610412,8768055
610412,52828
284012,730992
284012,892452
94412,8766797
94412,1165199
25614,61392
25614,90259
25614,1493801
476814,160185
476814,1027624
476814,1438320
4065616,4065419
4065616,297831
4137628,628228
4137628,407940
4137628,71968
4137628,55964
636028,8921028
636028,115846
636028,3407399
636028,2349142
12028,4000297
12028,3595092
6601642,1559749
6601642,3396437
6601642,2072087
28042,101856
28042,10373
28042,39365
1020842,999068
1020842,1332684
1020842,1950828
688842,90259
688842,8797606
688842,125208
688842,8767492
688842,1083865
1425650,108457
1425650,267705
1425650,48042
2928850,8411724
2928850,529385
2928850,9738968
2928850,892452
5019650,175567
4518855,4169958
4518855,8000901
1181255,77968
1181255,163040
700455,4007675
700455,101856
700455,34630
700455,921385
125256,41429
125256,10235904
125256,101797
125256,983579
125256,101856
6935659,6701525
6935659,6612019
6935659,6748764
6935659,3030012
5659,630809
5659,11929
5659,2112156
5659,3682
3033659,4566019
3033659,4803789
3033659,1509949
3033659,4504932
3033659,4504920
3226475,8767493
3226475,8765317
3226475,8765363
3226475,8766701
102875,2099642
102875,227612
102875,380704
102875,381518
61680,243999
61680,70656
61680,1444808
61680,8607
256880,9279613
256880,273356
4670480,16216
4670480,3061946
4670480,2897932
4670480,1508908
4689280,4689457
4689280,35381
4689280,8768126
106885,2420697
106885,4124170
106885,6899040
106885,973572
106885,1329059
4249685,10087752
4249685,4249731
4249685,4249706
4249685,18020
48885,198990
48885,81307
48885,8766797
48885,90259
886886,10436096
886886,39365
886886,9830175
3071686,1755442
3071686,572000
3071686,195167
705698,8773230
705698,117066
705698,286129
705698,2806714
102898,1829412
102898,96648
102898,3433073
102898,125966
654502,1535562
654502,3351401
654502,10254060
560503,699452
560503,1902550
560503,3063373
560503,560382
560503,560463
1319703,9003114
1319703,39365
4022920,4456501
4022920,4022988
4022920,10054704
4022920,1447264
696520,992153
696520,2391118
696520,2391211
696520,2391165
696520,9516901
1874920,90259
1874920,2963505
1874920,1415379
2463723,8079
2463723,550123
580523,8765658
2308127,7177310
2308127,9142107
2308127,5074299
2308127,2909239
218127,69961
218127,345725
218127,233646
6930927,1706453
6930927,1149873
6930927,4553837
6930927,6617780
53327,729647
53327,2679576
2274127,8763510
2274127,20256
2274127,90259
2274127,5993506
28129,1876863
28129,925418
28129,4838534
28129,1605318
28129,8789176
432929,8783337
432929,32571
432929,1087255
432929,4324558
432929,1502641
245345,1220926
245345,198990
245345,606786
1777745,9840155
1777745,2358069
1777745,4042323
646545,116957
646545,2507909
646545,1511521
2461745,10494518
2461745,5771950
2461745,40432
2461745,54506
169755,161594
169755,8764421
656555,90259
656555,1835814
656555,1037439
656555,423596
3404555,4864672
3404555,4864704
3404555,3402592
3404555,4695578
2151763,8948795
2151763,2151907
6557366,2311
6557366,25442
696575,140385
696575,562696
696575,9290590
3120975,10396888
3120975,8662455
3120975,9830175
3120975,655415
2662575,53983
2662575,195167
2662575,16013
2662575,18154
233783,534
233783,233643
233783,145224
240583,571031
240583,251233
240583,652763
240583,101856
148583,233734
148583,90259
60583,8783120
60583,2360843
60583,59913
427383,90323
427383,654290
427383,1835814
7347787,534
3206587,1616516
3206587,72709
3206587,1643110
3464988,9649499
3464988,2504345
3464988,8765658
3464988,2507909
23795,9702426
23795,9041319
23795,9929
23795,8857967
23795,113956
5736598,47344
5736598,7923547
5736598,284688
5736598,8107764
735398,1329059
735398,2062791
735398,3165690
420998,1231647
420998,24878
2113802,106805
2113802,16216
2113802,1848189
2113802,1159761
1682214,220850
1682214,115927
1682214,7608218
4212614,2632199
4212614,3064296
4212614,11200630
4212614,1510195
69014,4666565
69014,195167
69014,429236
1062628,491153
1062628,8809340
1062628,1062782
699833,1438320
699833,90259
699833,8807273
699833,4558530
699833,9153896
699833,8775121
4504635,72169
4504635,72413
4504635,3417
4504635,5336910
1885835,6767674
1885835,8767492
1885835,1329059
1885835,451953
1972243,1129475
1972243,1336817
1972243,4067561
999043,998547
7735448,47900
7735448,7761041
7735448,3103132
7735448,7748669
412648,4110531
412648,401093
412648,916390
663848,7177310
663848,681670
663848,10611371
365066,3508729
365066,5813860
365066,8765658
365066,8786121
2815472,401018
2815472,669281
1541072,4722042
1541072,3317469
1541072,4803789
1960274,13950
1960274,39365
1960274,90259
1960274,9337830
565474,6893786
565474,4630503
565474,2416305
71074,7409062
71074,1443960
71074,3148506
71074,7409180
71074,4594172
32274,90259
32274,1689668
32274,164849
32274,553752
515874,9021377
515874,158814
4736289,1765645
4736289,12975
4736289,2119401
4736289,796571
4736289,48513
899489,8224427
899489,4010555
899489,5279509
899489,260246
213490,2885261
213490,8779491
213490,34630
213490,418389
962293,1438320
962293,5816612
962293,8819768
962293,4509394
76293,4963545
76293,4176147
76293,3886401
1178698,4042323
1178698,4980072
6916298,3402
6916298,72413
6916298,71863
6916298,262837
3309498,7883134
3309498,675172
3309498,3374775
3309498,1020266
3309498,5993506
594698,1814389
594698,1814403
594698,9288150
519509,7177310
519509,8434234
519509,4042323
519509,4150068
563509,15889
563509,563536
563509,571031
563509,1835814
151909,90259
151909,2043562
151909,768884
151909,113555
157519,158511
157519,9779292
157519,111498
157519,157184
747119,694931
747119,8767492
3907919,1178906
3907919,1662429
3907919,25659
39919,107712
39919,39905
39919,846183
39919,85832
3474719,1162336
3474719,3503411
3474719,3030898
3474719,454789
1401521,9567427
1401521,2525979
1401521,9567108
5728321,8948038
5728321,5728353
5728321,10465314
152730,730619
152730,55663
152730,1371330
152730,9273541
152730,6783811
4838330,187127
43130,2888858
43130,2341
43130,8781440
43130,8781454
43130,43261
192730,1728225
192730,140385
192730,192549
3154334,3154508
3154334,3154471
272734,85839
272734,109851
272734,29424
272734,52828
152334,5294514
152334,3094229
152334,1819721
3365934,1563162
101537,90259
101537,694931
101537,25985
101537,101856
1541537,9109117
1541537,2378763
1541537,8780824
1171137,9917257
1171137,8797160
3381937,8766814
3381937,7814415
376737,1094091
376737,8765658
376737,59913
1490744,1715498
1490744,1490267
2764744,4504932
2764744,25724
2764744,4179461
2764744,4179417
1746744,693950
4695167,4042879
4695167,3321562
4695167,2172645
4695167,3915890
5799167,1490806
5799167,4243803
5799167,2532230
5799167,2894879
175567,2432228
175567,282037
175567,140385
175567,1431140
696369,1948073
696369,637088
696369,1899612
211169,8766797
211169,8826517
211169,8822466
3034773,3315073
3034773,8971610
7120775,3130989
7120775,202442
7120775,8428664
7120775,8428447
931975,931996
931975,1178826
931975,4908616
931975,39365
1146779,8988176
1146779,13950
1146779,1686227
1146779,1043971
1146779,1462998
1837979,410930
1837979,7470090
1837979,7276102
5060779,2906905
5060779,296580
5060779,99613
5060779,57284
5060779,5060933
399579,1281568
399579,8765658
399579,4408385
1382388,452134
1382388,120835
1382388,646046
1382388,678242
1382388,1239448
297992,5847387
297992,1567632
297992,6828467
297992,299224
404792,2504345
404792,1159761
404792,8779491
404792,681670
179992,4826445
179992,415743
179992,3137928
179992,4826413
179992,164849
4993992,1907857
4993992,3316153
4993992,1180034
4993992,9473182
1868008,281090
1868008,21647
1868008,244944
508017,3277471
508017,8765317
508017,4558530
508017,659875
508017,1438320
2534422,4050075
2534422,533454
1621622,422508
1621622,189465
1621622,34852
1621622,7496
6690427,8301774
6690427,1665608
6690427,1329175
6690427,556138
3451227,5884496
3451227,6923266
3451227,1336817
7573633,4152619
1765645,7646974
1765645,5777946
1765645,7421997
1765645,5988036
729647,499574
729647,400861
729647,67318
8662455,8657299
5349655,2669605
5349655,77129
5349655,8769370
91255,91295
91255,8799766
91255,90259
513660,4007675
513660,589894
513660,90259
513660,8787306
659279,918665
659279,1693121
659279,534
903279,714489
903279,1043977
903279,428843
2144079,2143581
1372079,5564158
1372079,668103
1372079,35806
1834484,3386139
1834484,452534
1834484,3365711
1563284,1165247
1563284,740554
3145684,34974
8467284,6898426
8467284,9576992
8467284,6502929
8467284,4446801
8467284,10593038
2778492,572000
2778492,39365
2778492,8764421
3228907,659875
135307,2066460
135307,284688
135307,5957824
135307,3402
672107,92173
672107,40415
672107,125577
672107,3592771
85716,29299
85716,8786121
85716,198990
85716,8858756
641716,3415031
641716,128883
641716,990842
641716,4508134
2239316,3322428
2239316,1161316
2239316,528013
2040916,213358
2040916,4143454
2040916,15744
2040916,2339
296116,2482597
296116,1303051
296116,1139996
296116,4448794
345725,8816097
345725,7010593
345725,90259
345725,218127
1658537,463899
2440144,1131747
2440144,35806
266546,69009
266546,16013
266546,2071152
2108946,2767362
154556,9301683
154556,154170
154556,992153
154556,1838660
2112156,402826
2112156,10602222
2112156,6766947
4666565,699030
4666565,5470723
4666565,967866
4666565,47164
4666565,89068
2885774,1378456
2885774,1217299
1224974,1377203
1224974,23736
1224974,4670480
1224974,99955
168194,268262
168194,455843
168194,3402
3351394,445134
3351394,3351325
3351394,25938
7089794,7089269
1420195,527326
1420195,7400838
1420195,40474
2996195,14737
2996195,160617
2996195,2041453
1216995,114149
1216995,2377291
8200995,8121005
8601000,1149873
269000,101251
35400,335082
35400,1199289
35400,14890
35400,213490
611415,2764135
611415,1663405
611415,4530621
611415,611138
611415,185624
617015,913203
617015,1453071
617015,2092004
617015,962786
617015,1635597
491417,54603
1181024,163040
5477024,203356
5477024,230447
453035,654945
453035,16013
4121835,1140346
1211436,2207107
1211436,3759016
1211436,692526
1211436,690353
3917036,3319163
3917036,1369086
3917036,4120212
7072236,1706611
7072236,6765140
7072236,6811122
7072236,1149873
7072236,6811981
785836,14235
785836,3357116
785836,796620
1369042,512986
726642,429194
726642,194943
726642,1111563
282644,282629
282644,423512
412258,2800806
412258,406221
412258,9080427
412258,655780
2861058,107037
2861058,2827976
2861058,585300
2861058,2848344
34665,27477
34665,16890
34665,34492
34665,432332
2029878,45957
2029878,3364
2029878,12890
2029878,245477
442678,69009
4412278,119478
4412278,1436848
4412278,2339
5989083,2474484
5989083,5988442
2442683,120789
2442683,2857527
452283,655415
452283,337583
452283,4501530
2051483,470269
661101,195899
661101,931996
661101,2151100
661101,199566
567507,387570
567507,833372
567507,730248
2394710,8107764
2394710,3612645
2394710,8111557
2394710,4169958
551510,1088833
551510,32405
551510,3402
551510,45436
5986714,237501
5986714,1438320
5986714,160185
4677926,4677516
5349926,1192786
5349926,6765140
5349926,1323275
1107539,1210805
1107539,39365
1373150,6618449
1373150,6905445
1373150,955727
1373150,6618353
1209951,501622
1209951,534
1209951,2878378
1209951,645143
1910751,39795
1910751,700058
1910751,5994113
7640357,7668167
7640357,7958824
7640357,4169888
7640357,3617029
5989160,5987938
5989160,4503654
5989160,5988442
1485971,3417
1485971,9330
1485971,7141701
1485971,92173
1485971,2339
4913971,5661027
4913971,96853
1643574,185669
1643574,2472449
1643574,267289
1643574,53468
3526774,40169
3526774,12890
903580,2041453
903580,287015
780380,2339
780380,1381805
780380,3898578
780380,1450
7409180,71074
3005980,294972
606786,233964
606786,606771
4686805,2767362
743605,7496
743605,984233
218017,43835
218017,654945
218017,195167
218017,2811600
3262020,2764636
3262020,2764513
3262020,3429561
3262020,3351325
3415627,3415031
3415627,3911247
3415627,3416241
3415627,1068372
8224427,1202400
433237,654945
433237,195167
433237,16013
1204456,733898
1204456,4234335
1204456,708916
1204456,4224902
1204456,3306768
402056,1876863
402056,2423942
402056,15874
2206856,3067431
2206856,3066919
2206856,667144
2206856,3067797
6767674,3345559
6767674,1885835
6767674,49908
6767674,2763306
3475674,3475461
682876,3402
682876,547132
682876,25659
682876,8692380
4235676,616620
4235676,203356
4235676,1424
4235676,16252
2894879,18097
2894879,2473877
2894879,3400923
2894879,39895
2894879,1980728
892479,892380
7597289,798370
7597289,1287330
698910,211154
698910,451909
698910,1124800
3999716,1279829
1616516,1414370
1616516,8765658
1616516,1329059
1336516,1336512
1605318,35281
1605318,534
1605318,453935
1605318,780049
1605318,7496
6751720,11009179
6751720,7227269
6751720,655267
2130130,383790
2130130,1097292
2130130,196861
2130130,96142
149330,565863
149330,45642
1741330,456022
398134,69009
398134,1202547
398134,208149
82934,456022
82934,8692380
82934,993374
2259751,46562
2259751,3484428
2259751,547572
2259751,3887
1240551,1289915
1240551,1931467
2883751,402574
2883751,44072
2883751,2940314
2883751,47344
2883751,89068
2254952,2254946
2254952,1629776
5562959,5398817
8443779,1952328
1109379,1115110
1109379,7482682
1109379,47344
1109379,3402
1988579,113183
1988579,447791
1988579,230447
1988579,17389
6850987,6841952
1519787,39365
1519787,8928597
1519787,2131968
1519787,72537
2259794,3202311
2259794,5348296
2259794,3403
2259794,5501618
2259794,3487
8458207,3402
1829412,568724
1829412,3428159
1829412,379368
5816612,962293
4684617,4684610
1936617,3509952
1936617,402348
1936617,1867213
223817,3010366
223817,2169240
223817,473331
3094229,474724
3094229,8121005
1872638,695454
1872638,195923
678242,1575240
678242,626265
5724647,398124
5724647,3402
5724647,444716
5724647,1781943
3681451,7496
3007862,7627002
3007862,2621334
8537462,6537453
8537462,4013771
529468,91696
529468,1016986
529468,888853
529468,149641
5365491,3595018
5829497,658928
5829497,1629776
3335897,3335444
3335897,242186
2420697,2346886
2420697,106885
2420697,6740152
4727905,772343
39905,109851
39905,39930
39905,1835814
39905,110055
668714,53468
668714,667832
668714,176637
984734,984752
2833534,7248369
2833534,8107764
2833534,4169888
2833534,8000901
2833534,7951021
17537,194943
17537,195167
6161537,5994113
3538357,40169
3538357,12890
3538357,245477
1834360,703833
1834360,488706
6748764,6624048
6748764,6537463
6748764,1980221
6748764,6725947
1135164,1133805
1135164,1140118
55964,194943
55964,195167
55964,92173
247964,2893062
247964,247910
2863965,92173
2863965,262837
2863965,195167
6308765,8107764
6308765,4169888
6308765,4790454
6308765,4330274
2391165,696520
153590,654945
153590,785612
11191,90259
4026391,4025908
4026391,3111165
5019196,175567
5019196,16031
6927996,3396081
1473596,904813
1473596,245828
1473596,842638
1473596,1296686
5697604,5699368
5697604,3295399
5697604,3565309
2942404,4007675
2942404,207126
2942404,3378276
4696009,932104
4696009,39365
4696009,8765658
4696009,2341
4694415,262045
4694415,39365
4694415,4694630
2768051,3396541
2768051,3396426
2768051,661242
7748853,4301981
7748853,8768033
7748853,563721
9672,6640
9672,641757
9672,1443960
1347286,2963333
1347286,2963312
1347286,9717585
1347286,375673
155305,1159761
155305,971533
155305,1006444
155305,262160
708916,1204456
708916,376849
1208135,1901478
1208135,1331854
1208135,46232
667335,4007675
667335,35210
667335,1328902
644935,2672097
644935,1226772
233750,1902901
233750,2104046
233750,198990
81750,9520733
81750,81586
81750,20194
81750,2399367
81750,244313
2417768,2263803
2417768,1227544
2417768,662504
2417768,7496
379368,1829412
379368,125966
379368,231160
593781,1851676
593781,626842
593781,2089838
593781,2872275
5603399,90259
5603399,3684826
846602,1369969
846602,128830
573028,2151404
573028,562696
573028,140385
3067431,2206856
3067431,4130434
22631,453850
22631,1234454
22631,78945
22631,90259
717036,18893
717036,1835814
717036,140385
971436,8820340
971436,7375
971436,2151100
1480274,3979634
1480274,904813
1480274,15291
2878710,289683
2878710,3228907
251511,8779601
251511,442767
251511,8855355
251511,232905
251511,8875832
645120,694931
645120,8767688
645120,9068014
645120,1160165
94755,81586
94755,2968520
94755,8780824
4144360,8765658
4144360,4349150
4144360,4396794
598760,3915979
598760,4679068
598760,2430171
5501167,5501201
5501167,920090
5501167,5501169
33975,1087255
33975,53767
2064383,239726
2064383,1611762
2808393,90259
2808393,9476695
2808393,39365
4446801,1336817
4446801,6564089
3619629,20256
3619629,39365
3619629,1140586
3619629,1372079
437256,2953880
437256,8787316
437256,667293
3088507,2339
3088507,25659
3088507,6608006
3088507,213358
1590922,47350
1590922,19836
1240524,99613
1240524,1240661
1240524,99625
1240524,1240696
1240524,925418
3323758,1420300
3323758,1605076
3323758,3327055
3309360,3307591
1643772,185669
1643772,1436848
1643772,3402
1643772,3417
294972,443564
294972,8765857
294972,90259
294972,694931
3275796,768884
3275796,4703187
3275796,39365
3275796,5471249
3275796,9031564
3275796,8825682
3907798,44064
3907798,1178906
3907798,1662429
22998,3236323
22998,8764421
3883810,4803789
3883810,567932
1111010,8824893
1111010,215690
1111010,8781172
898216,898080
898216,1764633
187816,768884
187816,1043877
187816,79066
187816,400820
187816,90259
3759016,946742
3759016,8942126
3759016,10878734
1835847,10135949
1835847,59913
1835847,8850590
5482247,956526
5482247,251375
5482247,5495139
5482247,6643736
7576680,1205244
408693,101856
408693,1835814
408693,137808
722332,5994113
722332,721705
722332,721768
722332,116162
451933,727771
451933,1762805
451933,90259
451933,1516643
3503145,2239316
3503145,8788944
3503145,9926249
619945,201734
619945,3141098
619945,5809259
235949,11079271
235949,2426894
122354,3417
122354,61728
122354,784240
122354,16890
5512765,8107764
5512765,5513035
5512765,7102259
5512765,4169888
1554365,52351
1554365,206039
1554365,4631469
3111165,4673887
3111165,3238802
1055178,8809340
1055178,1380624
1055178,7953493
1055178,8766797
1055178,5331020
4448794,2152929
4448794,296116
4448794,42900
376802,224780
376802,1391561
376802,1930478
376802,8843454
376802,8814669
2314413,7375
2314413,6772777
2314413,1720786
2314413,7604412
2314413,7604437
501622,39365
501622,20256
263224,8916369
263224,448429
1368835,11144803
1368835,11144909
1368835,8565873
5988036,2702152
5988036,7821917
5988036,1765645
5988036,7821922
4724061,8788944
4724061,20256
4724061,2423942
4724061,2364954
448865,133331
448865,3487
448865,628991
448865,33391
448865,103285
549698,218558
549698,8766797
549698,90259
549698,9627078
8298527,744986
5733,2940534
5733,78869
5733,26613
5733,693928
7333,9929
7333,2525612
7333,8786255
6578544,8844875
6578544,10588306
6578544,1590922
7668167,11070017
7668167,2702152
7668167,8767492
7668167,8764409
780212,3111017
780212,8789176
780212,12928
1141812,72537
1141812,87535
1141812,1141936
1141812,85258
428240,119067
428240,15874
428240,101856
3028240,207889
3028240,1209106
269842,1087255
269842,5475141
44266,213358
44266,447806
44266,3496565
44266,1149873
44266,1344024
44266,984233
377097,59913
377097,1050141
377097,590225
377097,39365
877902,9000960
877902,1061699
877902,8765658
877902,995207
2911502,5404552
2911502,32182
2911502,184569
2911502,52828
474724,8780941
474724,3094229
474724,5831683
474724,4566019
1213928,1071078
1213928,16466
1213928,3384754
151528,3321555
151528,8773831
151528,58978
151528,90259
181928,8794309
181928,239726
181928,206587
3676358,5762159
3676358,1368106
3676358,5692770
3676358,4526962
3676358,39365
98759,2662830
98759,63573
98759,9619295
98759,2707688
15574,16466
15574,16216
15574,16794
15574,16383
2143581,198833
2143581,2143882
2143581,1623900
3314796,4505657
3314796,185365
3314796,2517223
3314796,99625
423599,568615
423599,90259
7922856,8765258
7922856,1321510
828473,906242
828473,223438
828473,1082167
828473,3432083
2377291,8973030
2377291,9550248
2377291,10774150
2377291,1216995
473331,448006
473331,9914905
473331,7270523
975744,4803789
975744,8948795
975744,2622425
663747,581616
663747,221469
663747,1231014
663747,1441762
1263747,2702152
1263747,240931
1263747,8765317
1263747,3234822
8442958,3240593
58959,8786098
58959,58978
833372,2482982
833372,8765658
833372,5057332
1145388,1145345
1145388,2482597
7142193,7222828
7142193,4330453
7142193,4169888
39795,1910751
39795,9319786
1657406,5404654
1657406,1222412
1657406,9072051
1657406,10070820
1657406,10070813
107006,6624377
107006,1171916
107006,195167
107006,643672
703833,1752337
703833,1834328
95975,70656
95975,3164316
95975,29564
3001585,11143752
3001585,4042323
3001585,7090348
4451297,787234
4451297,401121
4451297,101487
4451297,9854890
2672097,422008
2672097,644935
2364954,3402
2364954,4724061
3590579,151914
86620,86505
86620,3049950
7293021,284688
784240,13162
784240,39365
784240,8766814
784240,101856
281845,1655547
281845,269960
281845,232658
3360262,3392916
3360262,895588
6765063,5339823
5501078,4151173
2963502,736541
2963502,2940314
5702747,2467151
5702747,8299400
6624377,1513133
960395,687419
960395,1037500
960395,698426
32459,8765658
32459,1754851
32459,2800164
4960492,444225
26129,16890
26129,2339
1539808,651688
1539808,3117289
2237408,2236879
122224,3898402
122224,299599
122224,534
122224,32511
122224,5799167
4679068,213358
4679068,15744
4679068,2339
429497,3402
429497,621804
429497,72537
199122,1553869
199122,4986686
199122,8270822
199122,185365
3475951,5988008
3475951,3887
3475951,3671311
3475951,1450
4557565,4379076
4557565,4078121
4557565,5487799
4042383,5987921
4042383,5987938
4042383,4039526
4221598,1314099
2864815,635810
2864815,5517681
2864815,407048
2864815,3188791
122442,9010110
122442,94703
122442,367925
122442,671304
196061,1735242
196061,2716564
196061,1073386
5181662,1349110
7549682,725417
1658579,463899
1658579,4144360
1658579,52800
90638,245455
90638,90622
5537060,3176201
5537060,1816024
5537060,2474484
3569106,879418
6945132,584373
6945132,4042386
52351,288616
52351,737118
52351,576533
52351,1554365
52351,584597
4458796,1389297
4458796,195923
1626824,45687
1626824,19836
286042,933615
286042,7496
375673,1864802
375673,3202311
375673,1867213
7673,1050186
7673,376500
634891,634813
1313326,153379
1313326,52638
1313326,196476
1313326,69009
615758,109011
615758,263224
615758,218530
2263803,9840155
2263803,8765658
487815,2169409
487815,45687
2324650,484378
2324650,998326
2324650,293438
4238277,33948
5758284,950816
4164684,5514477
4164684,5514115
4164684,5514420
4164684,5514023
4123089,4178259
4123089,4121408
4123089,1140346
4123089,4211794
1239904,584491
1239904,451107
6558349,3277
6558349,25442
6558349,1288056
3399980,455843
3399980,117602
3399980,898222
3399980,97173
4958416,3026558
4958416,7962570
46433,269788
46433,4021231
46433,510564
46433,3402
46433,262837
1275307,712956
2558535,4330226
2558535,7665191
2558535,4330498
2558535,7642095
3278576,221794
3278576,955727
3278576,269788
3278576,47164
4584205,653636
4584205,149268
4584205,61014
6129892,5994113
6821113,1366333
6821113,6564089
2187513,430545
2187513,697685
2958801,32171
2958801,419311
2958801,2847839
2958801,4397906
107656,8806806
107656,55377
107656,111967
5499730,5500260
5499730,3404953
1922175,3295383
1922175,1921478
1231014,16013
1231014,195167
8562219,1381805
7176643,1629776
245463,939064
245463,8766797
2811879,9093887
2811879,8767493
2811879,4007675
8373526,1706611
8373526,4212756
8373526,7071760
8373526,3032283
7983126,7141701
7983126,8108055
7983126,8000051
7983126,7923547
207126,856234
207126,468
207126,840646
155928,98534
155928,155850
155928,4765292
155928,149973
1352777,501876
1352777,668103
1352777,7496
383190,18154
383190,217659
383190,3402
383190,796620
4149622,3053205
4149622,4121408
962466,3204190
962466,209685
962466,888311
962466,2517023
2034496,45957
2837726,3885341
2837726,1117567
2837726,4126760
2837726,4397906
2837726,518005
2837726,581606
904930,7524521
904930,11047463
2940150,3280825
2940150,1835814
2940150,137808
2940150,1438320
2940150,8781059
2117754,100323
2117754,1754267
2117754,802463
2117754,1603396
5468223,4024950
5468223,485218
5468223,3315042
453850,453810
2828252,1915718
2828252,1210607
2828252,1062758
2828252,6841952
617057,4057848
617057,8917087
617057,617169
617057,642495
6895566,1941483
6895566,3136912
6895566,2562871
4082766,5729240
4082766,199693
4082766,2116701
5500366,2058398
5500366,1049345
402812,1294277
402812,262989
402812,245251
402812,32723
5334017,5333940
5334017,4451305
450871,194900
450871,195167
450871,456022
5990071,3356265
5990071,285421
5990071,5988442
914896,20793
914896,700455
914896,3278670
914896,20742
7228500,7677105
7228500,4790373
1199738,7790603
1199738,1122289
1199738,122565
194946,25585
194946,3350881
194946,3402
194946,47344
194946,2482876
604605,3629236
604605,194943
604605,18154
604605,16013
604605,269788
5404654,2940314
3366332,3366012
3366338,3366012
7715138,3948694
7715138,5729240
