5725375,293438
5725375,4573533
5725375,2342701
8317938,56382
1148993,8767492
1148993,8773831
1148993,1926782
1148993,4456501
4573533,10028007
4573533,8927528
70253,8765658
70253,2309185
70253,1042949
70253,2300385
2041453,3332067
2041453,5885697
2041453,1967124
121193,1087255
121193,2831267
121193,53767
5994113,6293126
5994113,1022512
1323276,1951155
1323276,4224048
1323276,4224317
4178756,3470054
258876,3919737
258876,4713950
4236976,4236977
4236976,10078131
4018,53767
4018,32571
4018,2831267
4018,106805
293438,195167
293438,194943
5499853,2339
5499853,16270
5499853,242186
5499853,3404953
1781693,194943
1781693,4171634
1781693,654945
1353273,456022
1353273,195167
5726193,2342701
5726193,2457982
5726193,451391
4659515,4631469
7375,3385034
7375,422945
7375,654945
7375,195167
1087255,269788
1087255,6528612
1087255,16013
1087255,456022
1087255,654945
1951155,1323276
1951155,18097
1951155,622760
1951155,6834610
3470055,46166
3470055,16124
3470055,1200067
4875396,8121005
1870756,3446169
1870756,1456397
1870756,1870719
5454116,5421029
733898,2371203
733898,4409765
733898,262837
733898,3417
16013,1087255
16013,6565450
97173,1042949
97173,10530617
97173,2290584
97173,221020
37213,13950
37213,5833061
37213,931996
3404953,5371674
3404953,10394565
3404953,3404367
3404953,5499246
3404953,10394591
1389753,2701977
1389753,8765167
1389753,2702152
1389753,9632821
1389753,90259
984233,4080737
984233,3327055
984233,744019
984233,1173299
984233,195167
3435233,9893596
3435233,8773897
3435233,3437297
3435233,2300385
92173,16466
92173,429236
92173,1502641
92173,53767
947395,6231
947395,3010366
947395,1834169
4050075,4659515
4050075,954170
4050075,4060200
4050075,3422048
40415,1353273
40415,2831267
40415,1087255
7041775,89068
256955,1087255
256955,195167
256955,618733
256955,457715
48915,1192557
48915,2831267
48915,1087255
1217956,8827152
1217956,121157
1217956,662495
37416,13950
37416,536868
37416,8348152
37416,429236
37416,4524313
54476,1870756
150876,2778430
150876,6695512
150876,8779491
150876,9570133
1629776,641420
1629776,1629457
1629776,5993506
20256,135916
20256,145013
20256,513590
20256,507299
20256,295379
1020918,1020914
1020918,391575
1020918,121193
1020918,291281
740478,3402
740478,1454862
740478,456022
740478,16013
739758,536854
739758,95725
739758,4527437
739758,2336743
3054698,4143129
3054698,8765695
3054698,3111017
3054698,8771358
670438,8763510
670438,654939
670438,1019090
670438,932104
134618,2363940
134618,1590580
134618,1087255
134618,53767
134618,2300385
119478,654945
119478,10605041
119478,2811600
3094718,4408385
3094718,619479
3094718,625914
32058,1908970
32058,2055106
32058,9319635
32058,1535562
552873,552772
552873,3402
552873,6528612
552873,89068
145013,20256
145013,7406030
145013,8814669
1331073,1190895
1331073,998326
1485253,654945
1485253,195167
1485253,3385034
72413,3474181
72413,53767
72413,2831267
4233113,285421
4233113,83803
4233113,1629776
4233113,3356265
618733,69009
618733,194943
618733,3402
618733,47344
618733,18154
401393,1496540
401393,535351
401393,421943
1513133,1197961
1513133,5476397
1513133,11228556
1513133,8447659
391575,391606
391575,1201847
391575,62154
457715,604602
457715,121193
457715,1679538
457715,256955
457715,89404
3166295,838899
7597575,5988142
7597575,3121262
46115,1087255
46115,1353273
46115,185365
1186675,1753035
1186675,1640551
1186675,1349110
662495,214324
662495,2339
662495,8652785
1290555,45484
1290555,89068
1290555,923779
295835,4851079
295835,1303051
295835,1538783
295835,772343
295835,4444154
1020075,718460
1020075,89068
1020075,1456397
512095,8769533
512095,8777526
512095,8778433
741735,1139996
741735,698539
741735,71968
741735,1139696
7496,13950
7496,2176109
7496,1780109
7496,95105
288616,1012010
288616,1704733
288616,1476492
288616,654945
288616,6645216
288616,46562
2136,1861699
2136,32571
2442896,5454607
2442896,5337436
2442896,5421029
2442896,2442892
1419856,2247775
1419856,72169
1419856,3402
3064296,2280460
3064296,545089
5884496,4950679
5884496,4946168
5884496,10669879
5884496,1172609
15656,6600009
15656,444485
15656,4080737
15656,53767
15656,195167
2370236,175441
2370236,4116181
2370236,2624790
2370236,103149
2370236,150243
614196,6528612
614196,92173
614196,195167
4074736,1340935
4074736,3400923
4074736,7790603
2368536,6919577
2368536,4397967
2368536,982276
2368536,443723
3629236,2960715
3629236,619479
3629236,7375
3629236,16466
16216,195167
2991896,245477
2991896,117730
101856,62402
101856,1656168
101856,2152533
931996,37213
931996,43129
429236,195167
429236,654945
2144316,12486
2144316,222047
2144316,25962
6505698,89068
6505698,203356
1768638,59105
1768638,251580
18178,876299
18178,694931
18178,1701441
18178,860692
925418,94955
925418,45484
925418,441663
925418,186347
4032178,4027047
7374498,551768
2312478,1381663
2312478,70253
2312478,682931
1071078,3402
1071078,621804
1071078,284687
1071078,2323
7756818,46562
424018,34194
424018,151981
3905338,472449
3905338,2040200
3905338,147477
595058,195527
595058,16591
595058,421648
595058,292862
595058,1170788
1360413,40415
1360413,621804
1360413,262890
1360413,157189
1535373,1535584
1535373,1535562
1535373,2646752
2134773,6745838
2134773,8573207
2134773,1640630
2134773,8572716
2764513,445112
2764513,292488
2764513,71968
2764513,39365
2764513,3410084
2152533,101856
2152533,8770017
2152533,8855355
2152533,2152546
2152533,1201250
3470993,4224810
3470993,7132574
3470993,4224847
3470993,10073348
3470993,1772226
1449353,241768
1449353,404810
1130053,300979
1130053,99625
1130053,8768921
1130053,572000
1130053,8765658
66333,1087255
66333,10609744
66333,1590580
66333,1161997
16273,1870756
16273,1861699
20793,3202670
20793,1023204
1142893,10392077
1142893,1750318
7572273,4009390
66373,4011401
66373,66341
66373,9227412
932733,94907
932733,2960715
932733,7425088
932733,2960532
1704733,3384764
1704733,3352053
1704733,288616
2960715,932733
2960715,462753
2960715,3629236
3580055,3292081
3580055,8972042
3580055,9959083
1815835,1178826
1815835,4007675
1815835,7814415
1815835,1071982
99075,92584
99075,1444808
99075,1840544
99075,241559
994515,2497003
994515,991620
994515,37213
994515,2723737
3402455,3402621
3402455,5497636
3402455,3402277
1190895,1332536
1190895,1332038
1190895,13950
18115,1208690
18115,6618412
18115,53767
18115,4324558
7293095,8790545
7293095,8816836
7293095,4680580
7293095,8955710
4112135,3426236
4112135,4406572
1340935,7591208
1340935,221020
1340935,106805
1340935,11299402
1340935,13950
651415,2001213
651415,572000
651415,8837758
4382455,546606
4382455,7879531
4382455,3404367
4382455,3404417
2247775,2831267
2247775,1755442
2247775,654063
2247775,660017
1208935,16216
1208935,666109
1739255,60426
1739255,99625
1739255,3410084
14735,229802
14735,186138
14735,1188514
94955,377007
94955,924116
94955,2284836
94955,185365
2474515,8420327
2474515,1735845
2474515,11184827
517415,8767776
517415,8767493
1323275,1514446
1323275,8549022
1323275,601068
1753035,1299946
1753035,3153065
1753035,9527425
1753035,4875227
235795,574435
235795,8783337
235795,1329059
907135,4520111
907135,11203055
907135,4571534
907135,9180434
431875,397839
431875,262890
431875,402439
2456976,8763510
2456976,1019090
2456976,262160
1070436,4230367
1070436,572000
1070436,4954522
1070436,1680554
1070436,6565450
2170796,194943
2170796,195167
2170796,1755442
91696,3590454
91696,889497
91696,195167
8439256,52828
8439256,8765167
8439256,11186563
8439256,2702152
2346536,1391561
2346536,2125440
2346536,2445105
120076,1755442
120076,429236
120076,195167
963056,3594891
963056,2529324
963056,1084442
963056,4670789
203356,6505698
203356,6505136
203356,5386564
982276,10464225
982276,4196049
982276,5716817
982276,288407
445816,269788
445816,5951609
445816,194943
445816,1834169
1332536,3402
1332536,4402927
4379076,1198083
4379076,8893535
4379076,39365
3209276,219567
3209276,606610
5337436,5341843
5337436,1881008
5337436,10337656
3223036,1042321
3223036,8473588
3223036,90259
2764636,2716564
2764636,2773025
2764636,4993046
2764636,1577167
2764636,4172848
71356,8795095
71356,4449420
71356,16013
420756,419981
420756,9245989
420756,8860306
1807338,121781
1807338,133094
217798,6565450
217798,2363940
217798,1353273
1679538,1222575
1679538,8799766
1679538,1590536
1280118,200016
1280118,4056678
1280118,1735845
1280118,95105
1124238,1835814
1124238,579450
1124238,1834415
1124238,4144376
5987938,8767493
5987938,4072389
5987938,11072230
5987938,5990454
5987938,2880593
25938,52828
25938,9099981
25938,6882726
25938,6618385
148838,10855021
148838,8792071
148838,20256
148838,567830
148838,39365
3116438,9083061
3116438,718880
3116438,1750971
3116438,155474
376558,8780824
376558,272737
376558,376892
376558,59913
213358,1208690
213358,185365
213358,106805
213358,2290584
7817633,4680740
61713,62154
61713,9081329
61713,61953
1765033,1208897
1239753,535351
1239753,107928
1239753,214038
1239753,1020167
4857913,1074072
4857913,4989225
4857913,6841952
8423973,2888510
2001213,5983268
2001213,26409
2001213,651415
8393013,6598716
3400933,2080337
3400933,1436848
3400933,386108
483793,1375907
483793,4892690
483793,8927847
483793,5831683
483793,8693024
5910693,5910606
5910693,3948694
1313233,3402
1313233,456022
1313233,262837
1313233,54476
3377193,2339
3377193,3403
3377193,8652785
3377193,979719
1182113,1017728
1182113,1181873
3352053,269788
3352053,18154
3352053,195167
3352053,456022
3352053,16013
4945373,7623415
4945373,4379076
462753,925418
462753,4954522
462753,2960715
462753,3015484
462753,2959474
610753,411343
610753,120076
610753,475681
610753,55586
610753,1337688
59913,63680
59913,152601
59913,59896
29473,7496
29473,3402
29473,5740620
1628733,4340062
1628733,1124841
1222575,195167
1222575,43835
1222575,16013
1222575,92826
4953935,5741107
4953935,4953910
7281115,1381663
7281115,111800
5338035,5337436
574435,165134
574435,402542
574435,483610
574435,235795
47575,1353273
47575,5332066
47575,2831267
642495,424878
642495,429226
642495,571038
3087615,1329059
3087615,16466
3087615,10694568
2386995,2386875
2386995,25288
248315,729898
248315,140064
8423975,2888510
43835,194943
43835,665755
43835,535790
43835,195167
43835,1844960
3327055,3316812
3327055,1889547
3327055,984233
1581315,3278172
1581315,16013
1581315,456022
634555,2880969
634555,91789
634555,452415
743435,2120343
743435,3117289
743435,2255795
743435,1349110
743435,1114000
4040675,2457982
4040675,2342701
4040675,4039995
7814415,3400923
1834415,1124238
1834415,452534
1834415,4210097
635855,685572
635855,7496
635855,1377203
635855,68532
39895,914319
39895,8789176
39895,2290584
39895,2174867
39895,10932745
4007675,521377
4007675,4121758
2619775,117730
451075,119265
451075,995017
7131895,25938
7131895,8472687
7432335,4753845
111415,110466
111415,1382722
111415,4575756
111415,3402
111415,194943
121335,121241
12975,195167
12975,92173
12975,69009
648896,483236
648896,194582
648896,3402
648896,2475113
648896,89068
979396,8578138
979396,2526769
8572716,2134773
5497636,5497672
5497636,5497642
5497636,5497659
5497636,219758
260596,1527081
260596,879560
260596,71968
260596,5675793
1590536,121193
1590536,2339
1590536,1679538
6747376,2701051
6747376,285421
6505136,203356
4116276,4116181
2078576,605419
125136,72537
125136,995017
125136,165134
951336,47344
951336,3417
951336,3087615
951336,3402
3426236,3417830
3426236,4112135
603836,411131
603836,603749
1299056,3887
1299056,7496
1299056,447791
1299056,635810
200016,1582462
200016,4999029
200016,1381805
199436,1422764
199436,199411
1607496,282606
7279836,116817
7279836,220688
7279836,2433196
7279836,10383862
7279836,2308855
7479596,22603
7479596,119446
7516476,2110425
273356,893901
273356,1674005
273356,502225
273356,4674586
273356,507320
273356,626186
4654556,4631469
85756,947468
85756,81446
85756,1235886
85756,376904
85756,32058
113956,583912
113956,20432
113956,2002011
1087456,697944
1087456,415328
1087456,694176
1847796,2339
1847796,3402
1847796,3417
54576,406545
54576,1516475
54576,8983669
54576,16466
1171916,195167
1171916,1293434
1171916,18154
1171916,16013
4144376,33391
4144376,4105625
592356,81271
592356,911523
592356,397922
592356,3364
1343756,871851
1343756,1643110
8292416,7646974
8292416,6586173
1305196,37213
1305196,3087615
1305196,5884496
1305196,5716314
2284836,22299
3821398,4620478
3821398,7022445
3821398,8789176
3212598,2510991
3212598,72709
705418,451909
31818,72537
31818,563276
212758,4114793
212758,284688
212758,597042
4056678,2894676
4056678,2339
4056678,2325187
4056678,940024
1750318,16270
1750318,1750197
6745838,285421
6745838,2134773
5768158,3356265
5768158,1629776
5768158,7790603
218558,144649
218558,201607
218558,21392
7399338,619602
898738,697507
1332038,4126760
1332038,4123828
1332038,76652
4042398,4150842
4042398,4039526
4042398,3922324
4042398,197997
4494378,12890
405378,26849
405378,194024
405378,383778
1316198,508429
1316198,3463944
1316198,45484
1316198,578174
4563918,420180
5483518,4402927
6618338,6537029
2461098,69009
2461098,619296
2461098,3413349
2461098,4402927
2461098,2168645
4324558,1581161
4324558,1450
4324558,1706368
4324558,3402
4324558,32405
6555378,1329059
6555378,4946168
6555378,8608036
6555378,2642456
1957638,16013
1957638,262837
186138,485626
186138,284688
186138,617592
186138,841239
243018,3335951
243018,148878
243018,20027
5967498,202202
655178,24501
655178,1705325
655178,3985374
655178,4113281
655178,1643110
655178,91802
547178,3087615
547178,1628997
547178,217659
3379298,2397063
3379298,1169026
3379298,2285953
3379298,551768
2362378,2362309
2692878,2323
2692878,447806
2692878,4410745
2692878,3278172
2692878,25442
1474618,3428159
1474618,623398
1474618,404377
1474618,904813
111498,645049
111498,1382722
111498,575214
111498,2064445
111498,110466
262733,39365
262733,2529324
1739213,121335
1739213,8765167
1739213,5829497
1739213,1739223
2285953,3379487
2285953,127911
2285953,3379295
2285953,13955
5675793,130850
5675793,260596
5675793,8769417
4114793,3410084
4114793,5379610
1785313,1785212
3330113,115081
3330113,259989
840773,9491375
840773,951060
840773,5542382
840773,60426
840773,3935692
6535793,1329059
6535793,5898501
6535793,10667113
1181873,940678
1181873,1185040
1181873,9076197
150993,7041564
150993,1219189
150993,9665958
2603693,1607896
2603693,3165690
2603693,2906924
2603693,1791193
1080233,12928
1080233,1835814
1080233,8893389
1080233,2341
1705973,6737628
1705973,1329059
1705973,1905762
1705973,239526
594873,14754
594873,16591
448013,2316036
448013,1111265
448013,1326548
448013,1759080
3493,2363940
3493,1353273
3493,2831267
3493,1087255
3493,6565450
96853,2062791
96853,572129
96853,914319
96853,10256378
903853,70704
903853,36284
903853,131443
903853,512176
4397773,8769572
4397773,2825321
4397773,6725971
4397773,4963312
2700893,39365
2700893,8042291
2475113,2830148
2475113,2493639
2475113,2494233
2475113,9555351
2475113,2385960
7798573,4014458
7798573,7790603
238793,10543067
238793,29862
238793,2962396
238793,5865239
2363153,54476
2363153,226967
2363153,4684286
508113,90259
508113,5993506
508113,8765712
508113,8763510
6586173,6937369
6586173,8776168
6586173,8776187
6586173,8776255
1033013,2437823
1033013,12852
1033013,52828
1033013,272737
1033013,1908487
735913,735836
735913,573848
735913,6599398
735913,6834610
735913,490269
61953,61930
61953,61385
61953,979719
419833,1686227
419833,417634
419833,273356
245153,198990
245153,8786121
245153,1840544
228273,198990
228273,85756
394653,418199
394653,9875678
394653,1765623
262673,387987
262673,8811540
262673,90259
5416573,8766797
5416573,1217300
5416573,10384331
410513,121335
410513,1970088
410513,1575758
410513,39365
410513,1826770
882853,9192407
882853,460991
882853,90259
882853,282037
5773,380961
5773,16383
5773,546058
665755,4699833
665755,2441411
665755,934812
665755,69009
3435195,619142
3435195,40474
3435195,3368744
2255795,7528391
2255795,905883
2255795,8775075
2255795,1835814
3322855,1505445
3322855,3343324
7623415,7626855
7623415,7626640
7623415,8826241
20755,90259
20755,136568
20755,8767492
659655,13950
659655,3595386
505475,39365
505475,768884
505475,932104
505475,8780941
562535,63680
562535,54031
562535,422686
562535,90259
562535,8767688
385055,19836
385055,121193
385055,114776
385055,1381805
4948075,1219150
4948075,7895217
4948075,391471
4948075,1783912
4948075,20256
370855,2060644
370855,1364928
370855,8770017
85755,422686
85755,26085
85755,8767493
85755,8855355
1289915,5993506
1289915,1289975
1289915,238041
1289915,2963505
645415,695946
645415,144649
7813755,8879375
7813755,5380549
7813755,948630
149475,1073386
149475,54447
149475,9460226
4039995,211596
4039995,4040618
4039995,4040650
64435,134980
64435,2355727
64435,24338
64435,765982
2308855,1381663
2308855,70253
2308855,256955
71555,2831267
71555,535058
71555,1087255
71555,1850197
452415,634555
452415,1016142
452415,3287304
452415,8773831
841875,2334190
841875,1581310
841875,8839148
841875,38002
1696115,8764421
1696115,39365
1696115,8042291
1696115,8781454
2386875,3306768
2386875,1186643
2386875,2386995
2386875,4042323
1445915,1445926
1445915,426605
1445915,391471
1445915,1445941
440275,1826821
440275,3223777
440275,618733
229355,1188322
229355,1188514
229355,229802
1150515,16013
1150515,46562
1150515,3402
4763995,4792457
4763995,8434234
4763995,8626241
4763995,2825321
1206455,25953
1206455,1329059
4195035,5362909
4195035,46643
4195035,397157
4195035,25659
4195035,456022
4896915,7813839
4896915,5993506
4896915,8766442
4896915,5979597
26515,253101
26515,3165690
1328995,1329059
1328995,1083225
5738435,448420
5738435,1735242
5738435,46045
5738435,3171690
155895,1393386
155895,1926355
155895,480330
155895,66732
155895,155850
2706595,2324026
2706595,4066115
2706595,947005
2706595,203827
1062836,59913
1062836,2692916
712956,40432
712956,1493801
712956,90259
61556,411157
61556,950051
61556,39365
163036,8766797
163036,8973030
163036,914319
163036,4908616
154856,4174531
154856,1958009
154856,768884
154856,2345795
154856,8811192
155016,4252358
155016,39365
155016,155474
155016,121335
8608036,2253874
8608036,595249
1616116,1835814
1616116,26085
1616116,594873
13616,136660
13616,9327962
23556,919628
23556,90259
23556,101856
23556,2378763
2887196,2464764
2887196,9704756
2887196,2504345
5348296,4172848
5348296,4082580
5348296,16466
59896,694931
59896,8775121
59896,59913
59896,90259
59896,1835814
694176,198990
4330496,8043703
4330496,8045570
4330496,11112757
5988356,7943303
5988356,11104708
5988356,7943299
5988356,7943227
5988356,7690409
6598716,1543660
6598716,8536
2894676,8988176
2894676,2888858
2894676,3229884
2894676,4073515
2894676,1331073
563276,10037034
563276,4875227
563276,1613127
563276,788841
2712076,47344
2712076,2441411
2712076,15656
2712076,262837
2712076,3402
179076,293622
179076,53473
179076,222754
179076,9204235
4575756,1387542
4575756,1381646
4575756,111415
1197456,2560954
1197456,450535
1197456,621297
1197456,185365
1197456,10681956
5890996,16013
5890996,47344
5890996,119478
4840756,4057848
4840756,226494
4840756,10235988
619296,1755442
619296,3384159
619296,185365
619296,1087255
4843736,16201
4843736,3439374
4843736,404810
4843736,513493
1332556,4889688
1332556,39365
90276,1485124
90276,1219189
240056,619296
240056,1705124
240056,399586
70936,2894691
70936,250452
991276,8765317
991276,5884660
991276,52828
991276,5829497
991276,7814224
5348116,2693020
5348116,8866036
5348116,946742
5348116,4554296
19836,1624602
19836,1624429
19836,730992
19836,1624486
219758,219098
219758,2339
219758,3404635
219758,5497636
4323138,8765712
4323138,5918
4323138,39365
1559358,26849
1559358,131882
1559358,116289
1559358,19141
238898,3590364
238898,3590454
238898,29862
238898,9967326
1536678,3328423
1536678,3328077
1536678,3328055
1536678,9878990
1536678,3327997
622518,29176
622518,401393
622518,4882050
4121758,1332625
4121758,3117248
7409998,5043057
7409998,3434754
7409998,47604
7409998,1582462
571038,205784
571038,121335
571038,642495
3952658,5903650
3952658,8778265
3952658,8780824
3610918,2341
3610918,121335
3610918,8765658
383778,569359
383778,139248
383778,90259
5856998,6535808
5856998,681819
5856998,49908
3356198,3039347
219098,16216
219098,219567
219098,194943
5918,411343
5918,3830
5918,6640
214038,7177310
214038,8765658
214038,7375
241998,259620
241998,1485253
241998,3386394
241998,16216
513878,3898021
513878,20256
513878,39365
1920958,1326024
1920958,44098
1920958,293438
1323558,4324558
1323558,4671674
1323558,3345700
1464838,300979
1464838,8768921
1464838,8764421
1464838,8802987
244958,78945
244958,2396031
244958,262160
244958,232905
148878,537683
148878,8780760
148878,953558
1222838,1391445
1222838,7635834
1222838,2306
1665178,4243803
1665178,6540014
1665178,1329059
1249658,8968097
1249658,735913
729898,897190
729898,1201481
729898,2401667
729898,90323
1140718,1852557
1140718,1197738
1140718,269886
1470818,244112
1470818,516833
1470818,241178
1470818,3038193
2389598,52828
2389598,548254
2389598,32182
2389598,38062
2389598,2135372
1054578,90259
1054578,272737
1054578,137808
43558,444485
43558,1196412
43558,185365
8578138,118165
424878,88515
424878,1835814
424878,642495
424878,659430
696798,664143
696798,90259
696798,1835814
696798,52828
5250318,1349110
109418,2258544
109418,1316109
109418,9159979
109418,109743
423173,257769
423173,165134
423173,15859
1084453,7496
1084453,917430
35193,1938572
35193,565734
516833,10380957
516833,90259
516833,39365
516833,129466
513,444485
513,2321219
513,1444808
2870373,16270
2870373,1706368
2870373,16890
1488073,577713
1488073,847318
1488073,398206
1791193,2603693
1791193,430043
1240513,1240501
7293093,7292441
7293093,4890301
76233,143704
76233,898693
76233,658443
76233,1175489
148253,194943
148253,5686
148253,2659023
148253,1979529
148253,295703
2635113,726940
2635113,4113281
2635113,1535077
992153,119478
992153,3402
4009173,1677554
4009173,47344
1494853,1643121
1494853,493457
25953,3222022
25953,194024
2494233,2475113
2494233,89068
331073,878035
331073,644494
331073,253506
53473,1822509
53473,194943
53473,18154
53473,3413999
4699833,1199566
4699833,8762970
4699833,5979597
4699833,4140418
513493,8768921
513493,1851676
513493,4843736
7036733,89068
125353,3145771
125353,13950
4082553,4082263
1196553,1025117
26613,194497
26613,8775121
26613,1229151
3315073,3034773
3315073,3315078
3315073,444225
3315073,3402
3315073,119478
1168913,707151
1168913,4130434
1168913,3116438
1168913,4247589
1159033,4514282
1159033,6704841
1159033,4987638
1159033,4956379
3365793,7496
3365793,4046390
3365793,3365711
1286413,693373
1286413,63429
1286413,868441
18393,64395
18393,571038
18393,227644
18393,382202
4935713,411343
971533,3403
971533,18097
971533,933615
971533,83950
971533,1048171
780713,780325
780713,8785974
780713,8768055
780713,1174522
2860853,1320112
2860853,98209
2860853,2848344
1022513,149923
675573,675312
1228293,3352053
1228293,2662487
1228293,1323112
1228293,7596968
8265475,447791
2631155,188289
2631155,2206712
4066115,444613
4066115,4066104
4066115,1436848
2608055,698190
3266535,2602808
4688015,4566019
4688015,5535018
4688015,5903650
3435175,3435195
1022695,40415
1022695,3402
4073515,2894676
4073515,3922324
4073515,47105
4843915,65187
4843915,154292
4843915,2185299
161635,681670
161635,8765658
450535,196241
450535,3887
450535,16013
450535,15656
450535,1197456
1710795,1343268
1710795,120050
6200335,4330274
6200335,7923547
3315775,1380620
3315775,5988442
3315775,2997194
7391195,10796763
7391195,4566019
7391195,4197380
7391195,7591158
7626855,7623415
991475,723602
991475,262217
991475,84226
1331415,47164
1331415,1190895
1331415,7637
1331415,3402
7114615,2311
3404635,4684435
3404635,1629576
3404635,2951585
113555,8376012
113555,985560
113555,113528
896275,424531
896275,571038
896275,248319
1289975,1289915
2122975,406218
2122975,2701051
2122975,214324
2122975,97173
3328055,405344
3328055,1536678
3328055,1677554
1433815,1433804
683655,2070276
3151595,216044
1540315,72412
1540315,659655
1540315,718696
1540315,559384
1018575,547572
1018575,1018556
1018575,97173
1229215,46115
1229215,152139
1229215,6636728
1229215,2714988
88515,288658
88515,684100
3379295,2285953
13955,3278172
13955,92173
13955,195167
5008275,1715969
5008275,346177
5008275,154292
5008275,682095
385175,18732
385175,153668
385175,468
385175,740554
584155,568472
584155,1151541
119995,119826
119995,120050
1958175,3381529
1958175,6633408
1958175,7251743
2345795,154856
7230655,86612
5465615,297831
5952275,238793
5952275,2949592
45875,1101214
45875,4119801
1391915,40415
1391915,194943
1391915,3402
25695,11929
25695,644394
25695,54576
384975,194582
384975,26849
384975,1953513
735836,241559
735836,39365
735836,735913
2107276,33214
2107276,18216
2107276,399586
2107276,283103
34616,39895
34616,682587
34616,1173374
34616,959329
34616,954075
7286176,405118
7286176,12459
2692916,1062836
2336,94590
2336,195167
2336,3278172
4908616,96853
4908616,174982
4908616,4370847
2103576,2103552
2103576,148909
723476,20432
7435136,106040
7435136,1445013
188116,525645
188116,214324
188116,631164
2358816,576129
4024136,2311
4024136,1148993
4024136,1369086
4024136,2894545
1172776,16890
1172776,645019
1172776,29728
211596,4412210
211596,25288
211596,547572
2070276,2963008
2070276,1659199
2070276,598365
59096,188311
59096,626265
63636,144649
63636,780325
63636,780713
640916,3390909
640916,8765658
640916,1161077
640916,8825535
640916,39365
1506576,53767
1506576,5379610
240156,3165690
240156,9579036
240156,1052681
243556,386077
243556,8607
243556,429236
1349056,1349110
1349056,990920
1349056,4157560
1349056,1349041
6706356,9622724
6706356,5744308
6706356,4799528
6706356,59179
1081876,1516333
1081876,635810
1051516,8780824
1051516,39365
1051516,3327055
919496,8766905
919496,90259
919496,9281403
919496,2168783
919496,3426717
613416,153668
613416,61021
613416,432660
897036,115699
897036,379169
122636,571038
122636,424531
122636,155769
122636,24501
228076,1325906
228076,730248
228076,263530
228076,407048
228076,4583
228076,1013598
2962396,238793
2962396,25442
2962396,2926902
4124476,7790603
4124476,561727
179976,740554
179976,60679
379096,125891
379096,90259
379096,121335
2275016,45436
2275016,6491
2422396,451664
8747316,620791
8536,468
8536,1706368
676616,8802987
676616,8838437
676616,1828506
444716,2831267
444716,53767
1656316,3020900
1656316,6618353
1656316,1450
584816,83779
584816,1151541
584816,583912
584816,284687
984156,93385
984156,93477
984156,2926831
2316036,3922324
2316036,448013
2316036,99075
29176,645001
29176,797152
29176,781322
2527176,150663
4140756,4631469
4140756,2056174
4140756,49908
4140756,561727
293416,7637
293416,191585
293416,1681410
293416,100450
293416,292220
102916,729898
102916,69009
102916,525645
102916,121193
1630436,870461
1630436,21828
1630436,218509
317596,4156620
317596,644739
317596,1220602
111056,110466
111056,3402
241736,113358
241736,78709
241736,101820
241736,128790
645636,718880
645636,8770017
645636,9155692
1607896,1607817
1607896,2603693
4693216,3396483
114776,1835814
114776,627427
114776,90259
114776,32182
114776,8765167
114776,15009
782496,692390
782496,696517
782496,779826
1037356,25971
1037356,207368
696876,140385
696876,1858005
696876,1731088
1006456,262123
1006456,8997808
1006456,90259
1006456,63680
487556,2614460
487556,8968331
512176,78945
512176,903853
512176,8797606
3340116,1779994
3340116,217846
3340116,17905
3340116,1485537
1770056,1382473
1770056,69009
1770056,3417
1770056,40415
1770056,1377203
654856,547132
654856,24501
4040618,4039995
3104878,671667
3104878,739758
953558,148878
2888858,853672
1561038,1019187
1561038,855839
251598,54545
251598,737118
251598,1026833
251598,5421029
113358,551626
113358,242642
113358,101797
113358,113159
113358,19887
24878,26613
24878,5773
34178,34274
34178,884215
1013598,8790428
1013598,56880
1013598,90259
1124438,8764421
1124438,9567972
1124438,90259
1124438,9567927
1124438,1210805
44098,1087255
44098,3085536
44098,6526220
44098,185365
1686498,1674005
1686498,154292
1686498,1929220
8339138,1208557
215318,215158
215318,5741046
215318,1629776
1197738,1025117
1197738,432332
193998,122442
193998,165134
193998,92173
897158,571038
897158,424531
897158,155769
1830038,793201
1830038,1212468
1830038,2339
126398,211075
126398,210982
126398,415274
126398,644982
535058,1349110
535058,71968
535058,3402
28958,3572993
28958,569359
67318,721793
67318,1766676
67318,1531292
67318,79394
67318,1766632
8754418,8357660
537998,638303
537998,14884
99058,34966
99058,226271
99058,99104
99058,98886
543618,14884
543618,639413
543618,1921478
8613038,2339
2694018,694931
600818,600803
600818,23179
600818,2762689
600818,120441
4014458,4864149
4014458,5951741
4014458,8802555
4014458,5993506
546058,35976
546058,605754
546058,546052
907898,262892
907898,281690
907898,1616116
907898,736615
1960098,16013
1960098,194943
1960098,195167
288658,9293172
288658,1380624
4252358,25081
3393958,3393663
940678,63553
940678,919581
940678,1181873
940678,1171361
241178,7115220
241178,242642
241178,1470950
280938,270831
280938,271275
280938,1358557
280938,101251
1095638,2323
1095638,621804
1095638,402224
1095638,17389
4517098,558519
4517098,39365
4517098,7425264
901318,493204
1648078,8096430
1648078,904313
1648078,598471
1648078,887407
3204818,3033371
3204818,114917
2417998,206159
2417998,46643
2417998,230447
2417998,1381663
88518,473838
88518,2945554
88518,858368
88518,233709
129633,240161
129633,90259
31773,5379610
31773,32571
31773,195167
31773,429236
1445013,2035386
1445013,1202464
3503033,1675884
3503033,549261
3503033,8767492
3503033,285761
63553,1285665
63553,1215011
63553,140385
63553,90259
4856313,8434234
4856313,11248552
75833,14880
75833,1125767
75833,28377
75833,18178
75833,12852
1741313,3884580
1741313,5918
1741313,6540128
1741313,6850740
229673,2391211
229673,3166047
229673,9557441
229673,7430591
600533,139973
600533,86230
577713,9194768
577713,5952171
444613,1208609
444613,185365
444613,11218753
444613,3356170
981573,39365
981573,8767492
981573,4908616
1953513,4010933
1953513,439166
1953513,9383236
896673,1958009
896673,1426993
896673,571031
196453,3384754
196453,1502641
196453,4382122
196453,195167
196453,429236
196453,3384159
5400853,925418
5400853,9312704
5400853,2523250
5048953,6583417
5048953,5048960
152913,714181
721793,1220602
721793,693950
721793,640022
721793,3922324
232153,3384754
232153,1087255
232153,8607
232153,444485
376913,90259
376913,144649
376913,8785974
2070593,31816
2070593,568724
2333713,1020167
2333713,45687
2333713,379049
2333713,122565
904813,14
904813,8762941
904813,407671
904813,644988
904813,15730
904813,12852
852213,1177584
852213,1177558
852213,730619
852213,8896167
6811073,1466584
6811073,39365
6811073,20256
6811073,3060561
1064493,39365
1064493,8419753
1064493,1133540
1026833,39365
1026833,13162
1026833,90259
1026833,251598
1026833,3153065
639413,1720842
639413,90259
639413,8819986
149573,8800539
149573,8781172
149573,90259
149573,5993506
149573,215690
1382473,195167
1382473,4441745
1382473,46805
3240593,8441646
3240593,3356197
3240593,4799528
198993,8766797
198993,90259
198993,224780
198993,198990
20033,39365
20033,223412
20033,8834012
20033,223328
1487253,1445028
1487253,12689
1487253,85756
788973,979719
788973,1190895
788973,8652785
1588713,148147
1588713,9026053
1588713,34616
1588713,90259
1588713,95845
898693,9165569
898693,524493
898693,9165804
898693,9165599
655953,91268
655953,512176
655953,91300
7187033,1629776
3572993,61565
3572993,28958
8613,1083225
8613,2284729
8613,402826
904313,8765658
904313,187830
693373,1314217
693373,571031
5826993,1171291
1516333,8906553
1516333,10938724
1516333,401393
1516333,4832069
1516333,5385
1516333,10511000
1516333,10938459
1693,1353273
1693,6565450
1693,2363940
1693,1087255
4156873,3390317
4156873,20256
4156873,1291740
387773,9350243
387773,8862406
387773,90259
241513,46805
85633,198990
85633,8780760
85633,566985
85633,90259
85633,8843454
219293,5475141
219293,32571
219293,2831267
219293,3474181
5047593,407940
5047593,1735242
5047593,5686
5047593,3429627
2635213,726940
1888853,8765658
1888853,946742
1888853,8778928
376953,9891626
376953,232905
376953,90259
6618353,970072
6618353,1656316
6618353,1329131
5987873,11082878
5987873,7788088
5987873,5990454
828633,3330113
828633,1982725
828633,1983101
256373,8764421
256373,1011995
256373,9424888
256373,688971
1287973,1816964
1287973,2686186
1287973,195899
1287973,628015
1944475,188176
1944475,4142552
1944475,3174444
1944475,2768094
3342195,3993763
3342195,3342174
3342195,1325456
403635,1755442
403635,3166295
403635,194943
695875,290280
695875,3140458
695875,1019629
226215,90259
226215,226494
226215,198990
211075,8766797
211075,1835814
211075,7231755
211075,126398
682095,94907
682095,1504737
682095,1287813
682095,4441745
825595,2151100
825595,10054573
825595,20256
825595,557958
825595,8767492
177455,8773880
177455,90259
177455,694931
177455,1835814
17175,560382
17175,560463
17175,9370870
17175,702954
181535,1714640
181535,2062791
181535,595058
181535,13950
181535,8791443
8298335,547572
287255,45642
287255,227612
287255,1958009
287255,571031
109015,8767492
109015,90259
109015,113827
4665695,3351401
3335515,576001
3335515,11060706
3335515,8922461
245255,999068
245255,8851699
884215,9116776
884215,34178
271275,8781454
271275,8913613
271275,280938
505415,8042291
505415,2697848
505415,10005273
505415,39365
64395,563536
64395,90323
64395,897136
181455,8809340
181455,4889688
181455,2533618
933615,422701
933615,7547931
933615,974617
2058495,480330
4717775,1290824
4717775,3918369
5779455,7446449
5779455,196620
5779455,946742
5779455,80069
3594475,2058179
3594475,5945102
3594475,3145771
3594475,8820222
120835,654945
120835,70772
379675,5577477
379675,1958009
379675,90259
379675,571031
379675,18393
287875,2290584
287875,1706383
287875,3085536
736615,12852
736615,736590
736615,52828
736615,287916
4869155,3469391
4869155,3033588
4869155,6609499
4869155,20256
1641875,292862
1641875,827087
1641875,3387280
1641875,439142
132075,8783337
992155,992298
992155,992320
992155,992230
992155,8998434
97655,195167
97655,69009
97655,269788
97655,264408
97655,1293434
97655,456022
97655,16013
720375,720382
720375,8775121
1835175,3918619
1835175,1179012
1835175,9908516
1835175,411157
1510195,16013
1510195,69009
1510195,2175644
1510195,654945
1510195,195167
619395,1960098
619395,195899
619395,1508908
619395,3384764
32695,54576
32695,402689
99955,1223733
99955,1283307
99955,1225945
954075,2680249
954075,101856
954075,4848375
954075,4848322
1569155,1345444
1569155,194943
291175,3564287
291175,1755442
291175,457715
42735,4009390
42735,76652
42735,269788
42735,4158727
676115,8296609
676115,1944145
67035,2831267
67035,402012
67035,1087255
878035,714181
878035,590225
878035,90259
878035,331073
1158555,9710032
1158555,90259
1158555,61039
1161636,720382
1161636,1052681
1018556,18020
1018556,1018575
1018556,471659
1018556,262631
1018556,15889
283296,512176
283296,282726
283296,5773
283296,554844
639496,52828
639496,892768
897136,115699
391136,5121815
391136,10579302
391136,3955153
391136,4853029
196476,4382122
196476,2290584
196476,3384754
196476,195167
995676,1920899
995676,137808
995676,737172
156176,158511
156176,8816372
156176,157774
156176,158745
156176,8816335
4075616,9463582
4075616,2776439
4075616,4141665
4075616,1197183
418636,145013
418636,8814669
45436,1195124
45436,2831267
196816,145013
196816,337583
196816,195167
3290156,3357768
3290156,1886554
3290156,20256
3290156,3357363
867076,116294
867076,8923313
867076,8765658
867076,8767492
202456,7375
202456,6811191
202456,202902
202456,202800
584856,7585072
584856,568108
584856,8824335
584856,681670
3389876,1706562
3389876,56818
3389876,71562
3389876,1706479
109296,149359
109296,187830
109296,78549
109296,85756
109296,1239399
4174436,4174531
4174436,39365
4174436,768884
4174436,3281439
3498816,1420300
3498816,2423942
3498816,4080098
3498816,39365
1348116,15889
1348116,1031955
1348116,116957
129696,90259
129696,1127338
129696,39365
129696,132088
70036,2140648
70036,192549
70036,140385
70036,837098
70036,203714
253516,2349980
253516,90259
253516,8773897
253516,8765658
253516,2669605
253516,1283125
129136,2894691
129136,9149289
129136,9149294
70696,71049
70696,41429
70696,90259
70696,59096
2395716,52828
2395716,2396031
1766676,67318
1766676,3093052
32516,15874
32516,9080427
32516,1390683
527976,528088
527976,1362987
527976,387987
216056,2837768
216056,90259
216056,2837930
1867656,3064296
1867656,739147
1867656,1848189
1867656,4043402
3085536,3417
3085536,217659
3085536,16013
4020536,7235501
4020536,8837564
4020536,7586232
4020536,9639372
4020536,1950205
6773336,217798
6773336,5949888
1785716,25214
1785716,8939293
1785716,444391
1785716,127911
4666136,3365634
692536,2199960
692536,8822466
1919896,52828
1919896,121335
1919896,8765167
4456556,651688
4456556,3169509
1086276,2866217
1086276,9698875
1086276,77446
1851676,195167
1851676,654945
1851676,18154
1851676,3417
1851676,269788
452256,1499278
452256,264423
452256,101856
452256,740104
151456,39365
151456,615962
151456,1198083
1166736,3341859
1166736,6609909
1166736,8270848
1166736,8271257
1514596,391471
1514596,963488
1514596,1629452
1629576,672712
1629576,1156508
1629576,3404635
1629576,34607
35976,198990
35976,59913
35976,8767677
35976,8766797
35976,8837758
699316,90259
688696,1201513
688696,116000
688696,381459
688696,729898
688696,90323
688696,8808839
38436,8364815
38436,626842
38436,10069338
38436,8313992
718696,979826
718696,8768055
718696,1540315
511938,5728910
511938,1518004
511938,950051
511938,1494853
4695578,3430485
4695578,3404731
4695578,1142561
1503598,445816
1503598,3407072
1503598,9374529
788638,59913
788638,1577830
788638,1578163
695818,8797606
695818,928370
695818,681170
117958,32571
117958,535058
117958,185365
117958,2831267
117958,2614460
3504878,1747780
3504878,495394
3504878,3505603
3504878,3505650
568898,8779491
568898,8778928
568898,9048530
32638,5615257
32638,3534454
406218,90259
1921478,1750971
1921478,8773880
1921478,218558
398358,71671
398358,2378064
398358,1781693
398358,256972
398358,148147
8002558,7675927
8002558,7214453
2655438,1606583
2655438,4381124
2655438,175421
1878778,3358643
1878778,892452
1878778,10847869
4140418,3095839
4140418,112179
4140418,561727
4140418,2056174
76578,76697
76578,76490
34158,563583
34158,90259
34158,59913
34158,919628
206738,32571
206738,3143231
206738,185365
737118,251598
737118,737233
737118,737179
737118,8765288
2131598,1889708
2131598,407048
2131598,1114610
2131598,629661
34858,919628
34858,1301220
34858,221427
34858,1301284
415338,666152
415338,2060644
415338,2060586
3351138,8923313
3351138,8780824
3351138,5904549
3351138,8765167
473838,2166342
473838,81292
473838,4150068
743338,2443949
743338,3449392
743338,1677865
743338,6192268
743338,7453832
743338,222090
147858,7431315
68418,9847894
68418,8765712
68418,6611150
68418,246489
1515658,7593027
1515658,6608525
1515658,1908323
260258,59913
260258,90259
5535018,949964
5535018,49908
856238,401393
856238,3387261
856238,8814669
856238,9160028
856238,8889350
5915278,5914783
1953698,1957638
1953698,9081078
1953698,260596
1953698,455190
1554338,9046625
1554338,7814224
1554338,3343324
1554338,3026510
4987638,4988015
4987638,10295161
4987638,4988479
4987638,9517100
1458998,456022
1458998,1382473
1458998,71968
1605598,8799766
1605598,6698799
1605598,2825426
1605598,4212171
405118,6929300
405118,116294
405118,4030375
405118,8778928
405118,1678201
142618,1389330
142618,7488190
142618,1868294
215158,90259
215158,453337
215158,215392
3718,253101
3718,15874
3718,28337
147658,4418742
147658,640254
3315078,3315073
3315078,5363361
3315078,3503411
585678,1543252
585678,2900578
585678,1796299
7431958,8777526
7431958,13796
7431958,4323808
847318,195167
847318,455190
847318,7375
847318,8800539
2445658,3323837
2445658,1420300
2058398,4279462
2058398,8421628
2058398,6643280
2058398,2004952
2058398,8421180
1368838,6816538
1368838,6811322
3392538,1937285
262758,14880
262758,1133079
262758,8773880
2397298,39365
2397298,9909709
2397298,2878948
2397298,3481964
2397298,8767492
5463258,5459705
299224,1154783
299224,297447
299224,87522
3923424,4987638
3923424,53468
3923424,71733
1290824,1332536
1290824,7896178
1290824,1781693
7586232,4020536
7453832,743338
2363632,62636
2363632,35281
2363632,984368
2363632,3110797
4999232,578174
4999232,76376
903440,1929220
903440,287015
6792640,40415
6792640,3119
6792640,1325906
1714640,1349110
1714640,181535
1714640,83950
4673640,4018
4673640,4672824
4673640,32405
4673640,7735509
4673640,3104484
233643,8839792
233643,218127
1573443,535719
1573443,241784
1573443,918125
1070843,2151100
1070843,1070889
1070843,9038425
1070843,8768055
1951446,41504
1951446,692758
1951446,573848
1951446,606646
3408446,3407934
454046,1336634
454046,454029
2117046,565734
2117046,1769451
2117046,5710400
8441646,3240593
2480046,6623784
2480046,557888
2480046,3594469
4133446,2339
4133446,256955
4133446,264408
4133446,213358
4421246,4421225
743446,31462
743446,10029367
743446,1087255
8739455,669281
8739455,1507440
1602455,715824
110055,107301
110055,16890
110055,23074
268455,89068
4963255,1323275
4963255,4894126
5408655,622760
5408655,86612
5408655,744302
4141072,2056174
7690072,5513017
7690072,3617029
7690072,4330274
7690072,7102252
7676872,4169888
7676872,8000160
1181272,163040
1181272,5799167
2514472,2376482
970072,2878378
970072,6618353
970072,2910246
970072,3087615
4672,1353273
4672,2831267
4672,1192557
7585072,457740
7585072,1582462
8043476,2327
3334476,37562
3334476,85999
3334476,7550888
3334476,258876
297076,297064
297076,4130434
4649676,6893786
4649676,3381529
1309076,1532601
1309076,2041453
1309076,864535
2813676,178877
2813676,49908
2813676,5759278
2813676,4061279
226278,198990
226278,90259
226278,8766797
702278,698539
702278,699872
702278,699833
702278,1138784
5925678,2041453
5925678,5914783
5351678,564964
5351678,447806
5351678,561845
137878,90259
137878,8766797
137878,165134
137878,1835814
2953078,1851759
2953078,650571
1494890,1494851
76490,569359
76490,1458339
76490,2137432
76490,1494853
793295,341077
793295,55436
793295,2686327
793295,1874920
3373495,979719
4890095,3417
4890095,3402
4890095,663848
2665495,190319
2665495,580523
119895,119826
119895,5994113
119895,45484
4226295,432567
4226295,46232
4226295,1156508
2772306,878272
2772306,2339
697106,9021330
697106,8773911
1521306,69014
1521306,72537
1027506,225061
1027506,476814
1027506,3986420
1027506,295955
7133706,3415409
7133706,1864381
7133706,5716132
1178906,42890
1178906,3907919
1178906,4510642
3229506,3229508
3229506,8765041
3229506,90259
2962506,2926902
2271912,14448
2271912,289514
7690512,7690870
7690512,7787662
7690512,11092637
7690512,7690909
6533712,4124469
6533712,16325
6533712,1758330
6533712,1885835
6533712,2462761
729912,951899
729912,28984
192512,712211
192512,2641312
192512,140385
192512,8770978
140112,195167
140112,165134
140112,16013
140112,456022
445112,72537
445112,16013
445112,92173
4848322,954075
4848322,422508
4848322,7735448
4382122,2239311
4382122,621804
4382122,1530324
722922,616620
6811322,6618449
6811322,6702024
1903726,1180211
23326,5993506
23326,8764421
23326,54999
23326,627427
195926,195167
195926,4503654
195926,654945
1220926,119020
1220926,403697
2391926,3595018
2391926,3594741
2391926,2391378
282726,8825535
282726,1061699
282726,671304
282726,7010593
1070726,196861
1070726,1629776
1070726,447620
1070726,1070684
2837930,216056
385130,1239600
385130,19836
410930,89068
410930,537417
410930,154292
1389330,35806
1389330,194943
218530,9084465
218530,598934
218530,1055372
218530,3067107
218530,615758
15730,16591
15730,33214
1219538,1988061
1219538,1219522
1219538,61486
81338,21647
81338,48885
81338,697719
6816538,4628280
6816538,234046
6816538,1368838
1236138,376904
1236138,114134
1127338,129696
1127338,16890
1358938,1858005
1358938,1835814
1358938,9339857
1358938,8772817
3118738,1668184
2906343,2052226
2906343,3489434
2906343,4504635
2906343,620759
2906343,1508908
727943,658928
727943,727904
727943,240355
2653943,1124800
6176543,5994113
662543,1381805
662543,3417
662543,635810
199143,1166091
199143,451664
4534343,3364
4534343,480525
8681551,26849
2611751,8764922
2611751,90259
2611751,8764399
2611751,8764421
1333751,23671
1333751,1007470
1333751,53468
1333751,4397906
1333751,984853
4137351,1151541
4137351,547132
4137351,3402
4137351,91789
293551,238776
293551,92173
293551,1042090
293551,3830
4525963,43558
4525963,7790603
4525963,3356265
3993763,5380549
3993763,5463264
3993763,4117362
1656363,4681
1656363,9449
1656363,6688
1656363,399385
122565,571031
122565,430211
122565,1083961
2894765,1780242
61565,5659
61565,640254
61565,402012
61565,1988024
61565,3572993
841965,797152
841965,1033824
841965,645019
841965,2846874
841965,3579050
888565,8121005
888565,2694018
888565,797152
888565,424531
1179765,10342509
1179765,10342332
1179765,8970174
5708166,1178698
5708166,1777745
215566,419833
215566,1674005
2417566,1866871
2417566,662504
2417566,1142893
2417566,1227544
125966,102891
125966,379258
125966,379368
125966,122687
125966,1214395
125966,102898
613566,2773025
613566,992153
613566,10194690
613566,8765658
4838566,189477
377366,781322
377366,783320
377366,376558
377366,453945
439166,22009
439166,30008
439166,1953513
4942366,682095
4942366,1227544
199566,629661
199566,2339
199566,76652
199566,3406089
1983778,33948
1983778,35281
1983778,534
35178,35281
35178,14890
35178,33948
35178,721034
6609578,15744
6609578,2339
2900578,53881
2900578,1735850
2900578,232214
7640978,7893362
7640978,7923547
7640978,7918247
7640978,4330274
7640978,7637564
3381578,47162
3381578,963056
3381578,1623051
3381578,17389
2783978,4713906
2783978,7292441
2783978,827365
2783978,35281
737179,262837
737179,737118
737179,2136
737179,37213
153379,1781693
153379,6602023
2058179,15744
2058179,3594475
2058179,4869155
2525979,590668
2525979,1401521
81379,109851
81379,109743
790985,16013
790985,93949
790985,404810
790985,415293
808785,1389330
808785,3734676
2112189,978966
2112189,2905263
2112189,6701525
219989,2339
219989,1293440
219989,3595597
219989,219098
7062589,6702027
7099394,4999029
4509394,1178906
4509394,962293
84794,3507355
84794,13100
84794,7051
84794,76652
84794,84076
84794,931975
7620394,6746950
7620394,103390
794794,794062
794794,1171361
161594,148737
161594,169755
161594,165590
2766394,253507
226994,194943
226994,654945
226994,456022
226994,2441411
226994,69009
5505594,134729
5505594,3911247
1864802,2963359
1864802,10050068
1864802,39365
1864802,9551964
1162002,1481597
1162002,45614
1162002,849938
1162002,99117
1854007,3402
1854007,492640
1854007,1054607
1854007,234046
3093207,63624
48407,1071982
48407,4441745
48407,1455664
48407,195167
48407,1341550
180007,2642262
180007,1025147
180007,2467954
180007,59913
1619207,8765975
7248813,5513016
7248813,7642063
7248813,8108695
7248813,7214366
7248813,13955
1116022,4725380
1116022,5972445
1116022,1192048
1116022,3322755
3900822,93713
129632,919628
129632,1423998
129632,1521306
129632,2721552
1068032,654945
1068032,3352053
1068032,433016
1068032,11291045
1068032,4228643
1867232,80223
1867232,1326991
1867232,1115164
1867232,829297
1867232,230447
3323232,39365
3323232,5347942
3323232,8765712
7527633,7893362
7527633,7918247
7527633,6751720
7527633,3617029
2488033,8948795
2488033,9092857
2488033,1236984
1206839,10185001
1206839,722740
1206839,2343908
1206839,1019629
7595239,1009970
7595239,1780034
7595239,1515721
21647,198990
21647,350548
22047,9472392
22047,114666
22047,202580
15647,8766797
15647,1390683
40847,2371203
40847,1204456
40847,1668761
512852,8764421
512852,400003
512852,20256
512852,39365
34852,3165690
34852,1619614
34852,257838
34852,62382
96052,6161537
96052,8909298
96052,8909309
96052,8773897
151652,8779491
151652,39365
151652,20256
151652,8895908
7140852,4973510
7140852,7140901
7140852,4169888
3918058,445338
3918058,1508954
700058,90259
700058,1752337
700058,694931
700058,214931
196458,15767
196458,619137
196458,16216
668058,11141298
668058,3898213
668058,8783560
668058,4179417
3001258,6628066
3001258,1449244
3001258,10753125
3001258,7251992
379258,1064448
379258,9034872
379258,125966
379258,9034900
379258,8313378
379258,1958009
422858,925418
422858,45642
422858,8777119
5988064,116294
5988064,1765645
5463264,91789
5463264,1629776
5463264,3993763
5463264,637220
2312467,7375
2312467,7177310
2312467,1224974
3480067,3480103
3480067,9194637
3480067,3480139
15670,1485971
15670,221427
15670,532666
142070,198990
142070,297121
142070,90259
4979270,10286338
4979270,8781172
4979270,7845454
4979270,10286349
4979270,1567215
53282,194943
53282,420682
53282,269788
53282,18154
1320082,4222868
1320082,13950
1320082,20256
2131682,1114610
2131682,15744
2131682,16013
2131682,5349655
2131682,399586
368092,2660063
368092,8767493
368092,8894964
368092,2341
129697,456315
129697,9142420
129697,1024710
129697,1284106
403697,245805
403697,919854
403697,1220926
8643297,7676547
6574097,4194218
6574097,18515
668501,8848629
668501,2236304
668501,671304
668501,1366920
4163709,3590528
4163709,8773831
4163709,4456501
4163709,9376090
4163709,8763510
15728,90259
15728,165134
1980128,1383005
1980128,285368
1980128,5398785
658928,8770017
658928,727943
658928,442767
1732935,39365
1732935,1734924
1732935,20256
864535,5703479
864535,760
864535,8773911
63337,59913
63337,34987
63337,90259
63337,8766797
63337,198990
629737,1087255
629737,1144250
629737,6686208
470941,8739455
470941,10553131
470941,8765658
470941,10833462
44946,8783337
44946,45296
44946,29176
44946,3854004
24146,285368
24146,113827
24146,4013874
24146,8850384
2254946,638153
2254946,4020148
2254946,979826
2254946,2254952
2254946,2702152
132946,41429
132946,165134
132946,251983
108946,194943
108946,79066
108946,19204
108946,115927
108946,153590
40951,5000983
40951,3381529
40951,8766797
40951,8890988
40951,7630769
3916951,1055034
3916951,695963
3916951,10948234
3916951,40738
2082152,1822660
2082152,195167
2082152,9840155
2082152,7327664
40169,2029878
40169,2619775
40169,3538357
956971,9154264
956971,1159761
956971,2341
650571,8765658
650571,8913092
650571,282037
650571,9036438
103371,15889
103371,1785066
3296571,1960098
3296571,7177310
436976,1734630
436976,10065450
436976,10037034
63776,590225
63776,59913
63776,3510198
63776,2109572
568576,158511
568576,90259
568576,388590
6933776,8764430
6933776,3056011
6933776,6933786
6933776,5716314
1876978,495394
1876978,1444372
1876978,4681991
2391378,4677909
2391378,9517100
2391378,1020266
127778,7127464
127778,5007289
127778,10882270
7896178,7893802
7896178,55021
7896178,1290824
246578,2092004
246578,2166342
3898578,3898694
3898578,780380
35792,175428
35792,4977248
35792,9288684
35792,1028738
3318192,3316536
3332992,2474484
3332992,3332934
3332992,297831
3332992,4065419
7541394,2702152
7541394,11017081
7541394,1516475
7541394,433237
3168194,4525668
3168194,3168226
3168194,2341
3168194,8958859
40997,126398
40997,597074
40997,2386995
1031797,8618758
1031797,8838437
1031797,90259
1031797,39365
100197,99956
100197,3441
100197,1381805
100197,550123
1809399,8777970
1809399,2619497
1809399,7089794
1809399,615962
5513017,7986990
5513017,7893764
939817,139973
939817,101856
939817,282037
537417,8031475
537417,5831683
537417,10882842
3359019,9881964
3359019,4349150
3359019,3359034
3359019,3287304
3359019,1019510
671020,2067609
671020,9089559
671020,8859225
671020,5454632
616620,722922
616620,4235676
499820,5993506
499820,88518
499820,90259
119020,655415
119020,53767
119020,1455664
119020,16216
1771820,785309
1771820,9573708
1771820,140385
1771820,4274099
664239,54999
664239,4042323
664239,2705734
119439,32571
119439,660017
119439,2980894
7091839,2306
7091839,6631920
7091839,7135150
7091839,2341
2137844,71067
651447,1470069
651447,32494
651447,1194992
3612247,9009158
3612247,2702152
3612247,58978
3612247,111864
1005847,616646
1005847,90259
1005847,14880
1005847,109851
1005847,690372
449047,90259
449047,1894028
449047,201566
41049,40997
41049,597042
41049,598234
1132257,137808
1132257,207454
1132257,426605
1132257,1776656
1132257,29424
1433457,572000
1433457,195167
1433457,1419708
599857,4398949
599857,2964785
599857,8949072
599857,8767492
367857,29299
367857,8767493
1279463,95845
1279463,921142
565863,149330
565863,667832
565863,4193097
565863,7051
565863,1227544
246663,1005858
246663,1366920
246663,3123557
246663,8791812
246663,3123456
246663,7261328
6537463,7091952
6537463,6811466
6537463,9001837
6537463,7099478
6537463,10612393
2151863,251598
2151863,3507269
2151863,8948795
2151863,5890864
780663,696517
1931467,60426
1931467,1240551
1931467,1212623
55067,2284836
55067,1781693
55067,10243410
402267,9750623
402267,202200
402267,9750697
3487867,4799528
3487867,5727505
3487867,1287813
1509878,3384764
1509878,16466
1509878,16216
1509878,195167
1509878,1629452
296283,1611762
535483,1852418
535483,2831267
535483,744019
535483,185365
2283,11062704
2283,10087509
2283,195167
2283,4009236
1663483,903844
1663483,8838437
1663483,8923313
1663483,8765658
1151884,85716
1151884,60547
1151884,93713
1225884,99955
1691884,165134
1691884,94703
1691884,52828
4193097,8733375
4193097,195167
4193097,4225285
4193097,444786
4193097,619479
4043097,8598303
4043097,16216
4043097,4416180
129097,69009
129097,194943
129097,72537
5405501,2940500
84701,2482982
84701,4008909
84701,8765658
237501,1393386
237501,1029653
237501,5986714
6899106,3142387
6899106,8764922
6899106,620759
4713906,194943
4713906,429236
4713906,2783978
4713906,3111156
4713906,11022843
4397906,39365
4397906,4698688
4397906,4397847
1071506,1682353
1071506,10535966
1489506,668714
1489506,90259
1489506,202200
3328710,121335
3328710,3287304
3328710,8258881
3328710,1987352
3328710,2906905
247910,248050
247910,8773230
247910,247964
247910,3052593
615925,8812527
615925,8779491
615925,615962
1478325,9609408
1478325,8764421
1478325,9723159
53932,7607309
53932,7607159
53932,3933501
1645132,1944145
1645132,11265222
1645132,4192721
1645132,2465603
1505933,9878481
1505933,1345444
1505933,5569626
1505933,9686892
1505933,3323371
893933,2107276
893933,1193667
893933,1239399
893933,52828
893933,121335
3594741,5993506
3594741,4372838
3594741,4724788
3594741,7840353
3594741,4724824
692758,9612624
692758,39365
692758,90259
692758,31818
650358,1833076
650358,29862
650358,6185994
650358,8765658
6896759,10665481
6896759,705046
6896759,766265
6896759,8765695
67163,978140
67163,1083854
67163,1577450
3319163,9159287
3319163,4518160
3319163,1328902
3319163,3480088
1111563,3166295
1111563,4941184
1111563,726642
1111563,9686892
429563,1508908
429563,4857997
429563,2057362
1322371,8783560
1322371,113956
1322371,39365
1322371,4130167
379971,1541051
379971,121335
379971,185652
379971,8842146
5527172,33363
5527172,1762744
5527172,1898209
5527172,40012
443172,402826
443172,13950
443172,6632517
138772,39365
138772,20256
138772,4239119
1068372,3415627
1068372,9410867
1068372,39365
1068372,4792457
133172,5518330
133172,99625
133172,5518294
599191,2159902
599191,9313490
599191,2159566
6645991,8819243
6645991,8768087
6645991,8815081
63991,1050141
63991,645267
63991,8785974
63991,1332536
63991,1590922
4800391,10674382
4800391,6917380
4800391,6917352
4800391,2532230
4800391,8593082
1214395,13187
1214395,125966
1214395,426605
1214395,14880
1214395,12852
120395,901642
120395,2786147
120395,56537
120395,7493112
120395,4696818
7951195,7666882
7951195,8119566
7951195,6289992
3056011,1724689
656011,61048
656011,626265
656011,131443
1780034,1735242
1780034,4868634
1780034,9344721
1180034,729629
232035,147662
232035,231966
232035,4952
1512835,1156508
1512835,15744
1512835,4869155
1512835,3378486
7730436,3986420
61636,655780
61636,62154
61636,101856
2908039,697460
568842,149182
568842,26849
568842,696710
738442,317596
738442,1835814
738442,8766797
738442,23297
129642,3036653
129642,3036643
129642,5847387
2558442,4330274
2558442,4169888
2558442,8107764
1192048,262452
1192048,1706368
1192048,670438
4828856,711273
191264,39365
191264,8855355
191264,1835814
191264,90259
191264,8791812
191264,300658
4395267,125113
4395267,89404
1193667,893933
6928074,8471971
6928074,6825796
2371275,115687
1228887,16890
1228887,35987
1228887,1629776
1228887,63295
2072087,6624461
2072087,269788
2072087,1628997
3396894,13100
3396894,37168
3396894,3996305
4276894,387021
7140901,7140889
7140901,7141880
1133704,3402
1133704,89068
1133704,5383992
1284106,233750
1284106,1557039
1284106,13582
1284106,493400
1368106,4076685
1368106,3676358
1368106,4076407
2845731,1037500
2845731,559886
2845731,150808
4110531,4109139
4110531,7623415
4249731,196241
4249731,4249685
240931,1132128
240931,1263747
629736,2169240
629736,1013598
629736,195167
2656136,704370
2656136,232303
611336,40415
611336,3887
611336,514833
611336,47575
611336,611138
3482551,3347744
3482551,3319746
1833751,85768
5052159,2668449
2963359,1347286
1456969,269788
1456969,194943
5807376,8079
744986,8298527
6933786,6701525
6933786,6935659
6933786,16325
6933786,6933776
6933786,5884517
2482597,42900
2482597,90259
2482597,296116
2482597,2480828
4120212,8767492
4120212,4456501
1671412,269788
1671412,16013
1671412,194943
1671412,195167
1671412,3387521
5454632,5421029
2285032,3487867
2285032,1147472
2285032,971436
4697834,4318190
4697834,5416304
4697834,5514420
7941045,3356265
7659448,7922856
7659448,1675696
7659448,7214759
7659448,5993851
677848,626265
677848,1206639
1239448,60900
1239448,1382388
1239448,61048
1239448,13575
3482657,3315046
3482657,226967
645857,1123998
645857,562535
4179461,2764744
4179461,5994113
7127464,2247400
2539467,1196285
2539467,2119401
2539467,39365
2539467,5374250
3433073,545662
8031475,18097
1162675,4212171
1162675,1419708
1162675,429236
2649075,119478
2649075,4024950
2649075,493566
4248292,5843999
4248292,4022215
4248292,5988194
4248292,7943475
2333892,71559
2333892,482568
2333892,1287330
2333892,292862
2333892,13911
1386692,14890
1386692,116621
1386692,619945
2478693,224461
401093,422913
401093,22998
401093,22792
401093,211154
1590693,61486
2619497,1809399
226708,113358
226708,241513
226708,574508
226708,227082
7671508,8107764
7671508,5513035
7671508,4330274
1285128,626186
1285128,2311
1285128,63553
1285128,911523
1285128,1660416
6533954,6898615
6533954,1329059
6533954,8218973
6533954,4206629
1388359,2694018
1388359,888853
1389159,30327
1389159,401603
37159,13950
37159,90259
4067561,4067771
4067561,1951429
4067561,4069091
547565,160617
547565,16013
547565,1938572
442767,566435
442767,658928
442767,251511
5547568,89068
5547568,5542740
509968,54603
1226772,644935
1226772,1222938
1226772,2206856
1226772,530400
3029972,782600
3029972,207889
2679576,53327
2679576,2074052
2679576,128627
2679576,256003
741981,2635003
741981,903761
741981,429226
454789,465182
454789,185828
645989,3424574
645989,59080
645989,8096430
645989,562535
121189,18154
121189,262837
121189,70772
4278001,387021
1818001,1816024
1818001,43129
7425201,4966657
7425201,194930
7425201,932733
5320403,1084911
3317203,1610499
3317203,10134300
3317203,374666
3317203,4803789
3317203,7084800
5406806,697530
1690026,1166424
1690026,165134
7666828,7141880
7666828,4169888
1894028,449047
1894028,695711
1894028,539692
1894028,451939
6836,1628997
6836,3387521
6836,195167
6836,16013
4009236,8766690
4009236,16701
4009236,616728
653236,8866110
653236,113956
653236,4803789
206039,1554365
206039,487447
206039,1553869
5441239,5421029
5441239,1151481
5441239,3412000
2909239,645019
2909239,218509
1419639,636805
1419639,122565
1419639,122700
1759643,44266
1759643,4803789
1759643,3322755
1759643,8767812
4221243,39550
4221243,476833
108457,8765167
108457,52828
108457,1423306
1470069,8768921
1470069,1971302
1470069,8765658
1470069,9864199
2358069,409
2358069,1202467
984483,689994
3006087,294972
2142087,17195
2142087,17186
4696487,4696473
7470090,1837979
482902,8764922
482902,5993506
7609303,1436848
7609303,444613
7609303,604602
5861303,3174444
48513,43558
48513,195167
48513,16201
48513,81868
422913,3256605
422913,90259
422913,8996806
422913,694931
3113321,1436352
3113321,3034985
3113321,4676940
1819721,1819594
1515721,6608525
1515721,429236
1515721,1512092
1515721,195167
1515721,1161997
2259740,2259681
2259740,4387911
2259740,16270
4938940,37168
46140,16013
46140,69009
46140,2811600
46140,456022
60547,25953
60547,245805
60547,1974832
2786147,1706368
2621362,2323
2621362,1208935
2057362,3948694
2057362,2057357
2057362,1130144
33363,53983
33363,3407072
33363,604717
234164,195227
234164,262837
234164,16013
234164,18154
3322164,1230511
3322164,40474
3322164,16013
15767,441220
15767,119477
15767,15574
15767,196458
2418167,203356
271776,513701
271776,3402
1904576,1904605
1904576,272737
1904576,137808
1904576,1835814
1509376,292862
1509376,7051
1509376,3887
1326991,1867232
1326991,1489092
1326991,20256
1326991,2151100
1194992,9080532
1194992,1333550
1194992,10107326
1194992,8783337
61392,33214
61392,287039
3100603,1815506
3100603,1815479
3100603,28544
3100603,101543
3395808,2768051
6686208,3402
6686208,1450
6686208,47164
6686208,3887
2661408,4152392
2661408,128830
2661408,8822466
1519037,3093052
1519037,72537
1519037,4018
551837,129379
551837,551768
551837,226967
551837,619395
967837,6617739
967837,37213
967837,6923266
424649,1015804
424649,116092
424649,1764497
424649,388296
467050,20256
467050,8824335
2268650,717036
1490267,620759
1490267,1490648
1490267,7375
1490267,9183076
91071,475569
91071,1878378
91071,1834169
91071,152354
1497473,3320745
1497473,3322855
1129475,1972243
5943886,1071506
1915886,644539
4687086,2767362
4687086,1249658
4687086,4156873
47900,654945
47900,195167
47900,1949834
3487100,456022
3487100,262837
7214300,4169888
7214300,7248369
195120,194565
195120,4118971
195120,26547
195120,828473
195120,830777
6631920,2662270
6631920,7091839
6631920,119478
6631920,4018
377520,430323
377520,534
1980728,1507186
1980728,3355178
1980728,1848189
1980728,4124170
3103132,1381805
3103132,32405
3103132,7735448
3103132,1313282
4012738,1919409
1028738,3493
1028738,45687
1028738,99062
1028738,645019
5470338,5469714
195146,6528612
195146,195167
195146,1013598
3903949,4169888
3903949,8107764
3903949,8002558
1278363,66333
1278363,423966
695963,3916951
695963,165134
652763,240583
652763,645245
7091963,52985
7614370,4503654
16031,53767
16031,2831267
16031,1502641
566435,288616
566435,3036053
566435,442767
566435,960891
566435,54999
5800045,8079
5800045,39146
590445,282605
590445,590429
590445,119169
590445,90259
2100847,2885826
2100847,9703783
2100847,1218451
3646454,1982303
3646454,8781454
4505656,2700782
4505656,4505657
4505656,9369955
1288056,429236
1288056,1502641
1288056,6558349
1288056,195167
1964873,1964865
100906,1094091
100906,281845
574508,2343862
574508,226708
574508,90259
6689725,8900482
6689725,6816786
6689725,39365
222525,59913
222525,90259
222525,8780760
222525,714181
59339,1368834
59339,90259
59339,59383
96142,9413840
96142,1486959
96142,8909309
96142,919628
4180943,220075
4180943,550699
4180943,5904549
4180943,8773831
4180943,90180
4180943,249013
2604965,8931487
2604965,381948
1580985,288616
1580985,3379298
1580985,1144250
1580985,619479
52985,4130167
52985,6893786
52985,1329059
52985,3595386
3333005,297831
3333005,3332982
3333005,5988442
3333005,3333003
3333005,6746950
2920221,137808
2920221,712525
2920221,1383203
1416246,8765658
1416246,6923266
1416246,52828
1416246,8765317
2893062,239726
2893062,8050156
2893062,215690
408262,1854545
408262,12928
408262,2996195
408262,241736
408262,1749940
22666,221427
22666,433375
22666,251983
22666,90259
1342666,1706383
1342666,53767
1342666,195167
1342666,3384754
741066,1519116
741066,3191303
741066,8797606
741066,121335
374721,374646
374721,66333
374721,3417
374721,2246642
1693121,8766488
1693121,8819986
1693121,165134
1952328,3379298
1952328,195167
1952328,1817203
1952328,4650363
22787,101856
22787,402812
22787,8961107
22787,2084455
22787,90259
806790,10469994
806790,9112517
689994,8766782
689994,984483
689994,984734
1819594,1819721
1819594,1819910
1819594,3955247
1819594,90259
6258018,5994113
7958824,8107764
7958824,6200335
7958824,1675702
7958824,4831928
2363635,1470950
2363635,5474370
2363635,2831267
2882054,2341
2882054,90259
2882054,760
2299658,6635530
2299658,6907260
2299658,1329059
147662,262160
147662,63680
147662,90259
147662,1626824
630878,6909717
630878,7493899
630878,1383005
102891,10717665
102891,571155
102891,8765658
1066106,8772564
1066106,1066695
1066106,8769533
1066106,1066587
2814914,899103
1358914,2524852
1358914,594031
6381339,5994113
6381339,445338
5043743,4973399
5043743,10474768
5043743,1735242
5043743,46045
5043743,2787757
387743,26085
387743,694931
387743,29564
387743,541496
192549,70036
192549,192573
192549,192750
558955,3285335
558955,2764513
558955,903968
558955,4067190
51755,35960
51755,550106
51755,8780760
51755,148147
701363,90259
701363,140385
701363,4274483
701363,4274977
6829370,6829541
6829370,9516961
6829370,1340560
6829370,2399912
901407,760
901407,9094232
1391007,666109
1391007,299589
1391007,1419682
3415031,9888793
3415031,4397847
7034,185365
7034,53767
7034,1087255
7034,4082580
1303051,296116
1303051,3580174
7669451,7999671
7669451,11070036
7669451,5512703
83892,1806481
83892,4020536
83892,196061
83892,47250
1357520,90259
1357520,18178
1357520,29424
5987921,4025671
5987921,454789
5987921,5990454
5987921,4042383
5987921,54031
3319144,3321555
3319144,39365
3319144,2151100
3319144,9140707
3503199,9926354
3503199,9068121
3503199,3503411
3503199,649354
7218400,2558535
7218400,7142314
7218400,4169958
5501618,646502
5501618,1314582
5501618,3386589
6612020,8768055
6612020,4134344
6612020,1539808
5514420,4164684
1088833,10989510
1088833,7256173
1088833,6852763
1088833,265014
4176848,52828
4176848,5915278
4176848,2443982
4176848,8768076
2205649,113385
389649,1345741
389649,4297533
389649,585757
389649,4230206
389649,2678546
389649,8764421
780049,175731
780049,8785974
780049,637636
677656,2259245
677656,52828
677656,9454797
677656,8835312
677656,198990
1378456,1438320
1378456,3447627
1378456,4446758
1378456,2885774
6618473,6910247
6618473,8593082
711273,1611762
711273,2213416
711273,4828744
408873,8867919
408873,8867813
1316082,2106356
1316082,2106279
1316082,1423998
1316082,110105
63295,101856
63295,90259
63295,8785974
668103,2065131
668103,1372192
668103,1352777
1503314,7621629
1503314,195167
1503314,1755442
685774,6939827
685774,3507269
685774,4963365
512986,1369042
512986,3204818
512986,9012630
512986,8816372
1016986,8764421
1016986,9014051
4892194,23969
4892194,1161099
2241015,870945
2241015,1217280
6898615,6533954
6898615,1149873
6898615,6898540
879418,90259
879418,198990
63418,59913
63418,8766797
63418,2426143
63418,376913
471418,90638
471418,8839148
471418,10224723
554618,248502
554618,7496
554618,1381086
444225,4793610
444225,1485253
444225,4960492
444225,3237222
444225,3315073
3482628,9657510
3482628,3482654
3482628,3482657
3482628,8773831
245828,2979657
245828,935586
245828,140385
245828,1473596
282629,282644
282629,90259
1951429,1130053
1951429,263969
1951429,506918
1951429,573848
8711468,36767
6882672,59431
6882672,9738756
6882672,6936689
6882672,1483160
6882672,6936668
6882672,1329120
68286,61392
68286,198990
68286,90259
1658693,2044735
1658693,2044915
1658693,595058
1658693,7375
2940314,2963502
2940314,10375927
2940314,5404654
2940314,425514
2940314,1592611
658777,90259
4799595,4799590
17195,2775185
17195,1835814
17195,17175
17195,560382
3222003,143890
3222003,1848189
454003,9097104
454003,571031
644404,2507909
644404,8988419
644404,8765658
404425,25398
404425,1069397
404425,28526
404425,7673
3236440,285319
3236440,9840947
3236440,9840950
3236440,3236468
3236440,9840932
5729240,1389159
5729240,7715138
5729240,8905829
5729240,4082766
5519660,54031
5519660,598934
8694062,1736053
8694062,7579170
8694062,1900049
8694062,11271694
8694062,8694126
4124467,3942747
4124467,739147
4124467,5843972
4124467,4124170
4124467,4043402
650888,650838
2393288,412258
199693,8799543
199693,3070710
199693,9908223
199693,10034049
199693,1859598
199693,4082913
1764497,8781454
1764497,4372838
1764497,8786121
5046111,1735242
5046111,54479
5046111,90259
5046111,9159496
5046111,9082529
20516,221001
20516,8780941
1161316,4042323
1161316,3503411
1161316,1988024
1161316,1328902
68539,8766797
68539,125966
1049345,5500376
1049345,2415525
1049345,1049366
641363,1130865
641363,186661
641363,151855
641363,2893135
7270166,1449244
7270166,8768055
7270166,9499759
7270166,2864815
993374,57284
993374,2963505
993374,8764421
993374,567507
993374,8765712
1119807,694931
1119807,8767688
1119807,1196285
1119807,8766797
1119807,9635848
795007,541351
795007,6871366
795007,1216995
795007,90259
4868634,72413
4868634,195563
4868634,15744
4868634,748046
7834,444485
7834,8765975
7834,7373
3315042,5468223
3315042,4042323
3315042,3315073
3315042,3594891
99062,9528092
99062,90259
1724689,3056409
1724689,3009023
1724689,90259
1724689,661335
5753490,906242
5753490,4803789
5753490,239726
463899,1541051
463899,1658579
463899,8778928
1545528,602605
1545528,1545509
1545528,231890
150373,39365
150373,241559
150373,904317
150373,101856
1313597,8278584
1313597,1988024
1313597,400047
1588798,4078542
1588798,2705734
1588798,12928
448006,7144326
448006,261943
448006,499806
6608006,3088507
6608006,1209470
6608006,378055
6608006,662543
6608006,11223532
1980813,1980810
5462433,1320112
5462433,5459705
700859,3494771
700859,4851726
700859,1378773
700859,8837758
4025671,5987921
4025671,1369086
6838471,3034257
6259292,5994113
2172921,4310031
2172921,6570217
2172921,9106478
2172921,1553869
182526,622760
182526,76652
182526,72537
182526,3594741
5728133,5727447
3564944,4956587
3564944,69009
5699368,5697610
5699368,5697604
5699368,1953698
2089838,593781
2089838,69009
2089838,2888510
2089838,3026368
2089838,3002464
2089838,422654
16261,195167
16261,16013
16261,18154
294667,639496
294667,2997194
294667,527009
294667,68532
2953880,437342
2953880,113238
2953880,435741
1536374,78418
1536374,864756
1536374,78679
1536374,1984110
1974784,1974832
1974784,90638
1974784,1974971
3238802,3277
3238802,934004
3238802,700455
3238802,1332637
3238802,873602
3238802,196458
3056409,1724689
4080436,984233
4080436,4947975
4080436,4077849
1741245,560038
1741245,687419
1741245,559886
643672,507956
643672,886196
643672,643665
2525279,713122
3942879,154292
3942879,677906
3942879,3402
4531682,4531652
285304,17467
285304,694918
285304,22619
285304,24146
1082124,1331141
1082124,1082112
1082124,5727447
6643736,2134773
6643736,116621
6643736,621465
6643736,971815
7853377,3309532
2813379,3278172
2813379,3417
2813379,47164
4973399,5043743
4973399,161349
4973399,1166736
5063078,5063040
4330278,7951021
4330278,5513035
4330278,8107764
4330278,4169888
1901478,1901514
1901478,1208135
1901478,206083
1901478,3374587
541496,1723064
541496,1988061
541496,2694018
541496,933615
7786306,296144
192750,1613885
192750,192601
192750,49591
192750,192549
2183155,696847
2183155,46415
2106356,109295
1207205,35925
1207205,1124800
1207205,2058089
1207205,696710
61623,484903
61623,71968
2800913,1436352
2800913,1042973
128918,113393
128918,79289
128918,87631
4010540,542986
2637749,1094087
3517758,9164
7146578,7928941
7146578,1629776
7146578,7724844
7146578,2134773
7735378,7748831
7735378,1313282
7735378,7735436
7735378,7735448
7226595,4169888
7226595,7214759
7226595,7647017
7226595,8002558
7226595,7666126
3009023,47575
3009023,234026
3009023,556188
23428,28914
23428,1884704
23428,16890
1351474,3402
1351474,1582462
1351474,3417
1351474,5043057
1351474,195146
1613885,192803
1613885,245477
1613885,192750
1066695,4418529
1066695,1066106
1066695,376632
1066695,4370877
381948,230447
381948,2632270
381948,836947
381948,1083403
381948,905907
8548358,2140194
8548358,5884517
8548358,3830
3447627,5837008
3447627,235795
3924482,3924487
3924482,1311592
1175715,46115
1175715,4018
1175715,194943
1175715,89404
506918,8767492
506918,9848489
727771,1377203
727771,14737
727771,72537
660587,2325187
660587,3417
660587,213358
660587,3407186
3351818,3407072
3351818,1942279
3351818,455843
3351818,4122974
3927845,3926639
3927845,563276
3335845,3335444
3335845,8528
1326251,1338471
1326251,181857
1326251,6841952
27052,22176
27052,1953513
27052,26849
27052,7496
7207858,1629776
7207858,71484
7207858,6811
129506,3009416
129506,1783557
1774360,90259
1774360,15889
1774360,54031
1774360,18178
1774360,13520
507200,5993506
507200,8763510
507200,90259
507200,8802987
2244800,932104
2244800,8769533
2244800,8769370
504055,8765712
504055,39365
504055,20256
504055,8769533
504055,8767492
289663,4042323
289663,2756302
289663,570871
568085,3385034
568085,3402
667293,398014
667293,667211
667293,564634
1160165,1202400
1160165,645120
1541014,696847
1541014,860236
1541014,840681
1541014,33975
1541014,3402
4693016,47371
4693016,4402277
4693016,3999583
4693016,46643
4693016,47162
443463,249546
443463,3335444
443463,699756
443463,4154428
2693194,3926639
2693194,951231
146004,8767493
146004,617169
146004,9330969
3221262,522834
98062,1624934
98062,60679
2286949,840349
923773,697530
923773,94955
923773,2723473
2709406,3020179
2709406,15859
2709406,1282152
53406,99104
53406,92173
53406,513679
53406,882728
2213416,711273
2213416,187894
1208705,455563
1208705,5421029
187921,6941593
187921,956168
187921,669011
187921,5385
251943,2389987
251943,15009
251943,232214
251943,2441411
251943,493256
7951143,8781008
7951143,7228709
7951143,7951141
7951143,7227603
7951143,4169888
661556,150373
661556,70779
783206,696517
5007244,1133116
1333646,4397906
1333646,1333644
1333646,984853
1826611,487447
1826611,2169409
1826611,2168645
530647,533038
530647,533124
530647,2876009
530647,532843
530647,532676
530647,532666
3340251,3340515
3340251,4889688
2028266,12890
2028266,45957
4281066,194943
4281066,1382473
4281066,654945
3023472,1970686
3023472,1123658
3023472,856172
1529078,704370
1529078,72537
1529078,2963677
1529078,45687
1660317,3417
1660317,3087615
1660317,7062606
1749940,427666
1749940,94622
1749940,480857
1749940,408262
3407573,3407226
63573,451939
63573,63683
63573,693950
63573,16201
3100373,1815506
684451,1632063
684451,53327
684451,191859
684451,249283
2358056,1629776
2358056,1019187
2358056,1202467
1804456,9281280
1804456,1804477
1804456,1438532
1804456,2184899
4146864,2339
4146864,3344691
4146864,4867107
4146864,635947
4146864,2342701
7228487,7951021
7228487,7102259
7228487,4169888
7228487,8002558
7228487,7248369
1177304,1313282
1177304,47344
1177304,654945
1177304,71968
1145345,42900
1145345,237634
1145345,1145388
1145345,160185
1145345,1438320
140551,1897661
140551,2339695
4274977,701363
4114977,700454
4114977,1474743
3903833,3914812
3903833,5522825
3903833,15889
3903833,9818392
1532653,72537
1532653,710890
2076690,2076659
143890,72537
143890,502579
143890,262452
143890,220512
4297533,4121758
4297533,94160
5542382,1274976
5542382,217244
5542382,491341
4396794,4144360
