5520821,242186
5520821,5520787
4224085,1323276
4811685,117112
6145451,5994113
7051,53767
7051,185365
7051,32571
7051,1353273
52828,11094828
52828,11094952
4224048,1323276
4224048,15322
175441,6929300
175441,8770017
175441,2663540
1222721,951427
1222721,654945
1222721,194943
516881,10961405
516881,10961390
17661,288616
17661,8551686
2238281,3010366
2238281,512095
1331141,39365
1331141,1331073
1331141,1332805
1331141,1331283
1806481,195899
1806481,3064296
1806481,4042323
1806481,3166295
3474181,161349
3474181,3629236
3474181,194943
3387521,1755442
3387521,53767
3387521,195167
2341,1495337
2341,195167
284688,185365
284688,32571
284688,2647242
6688,10957231
6688,46827
6688,402826
89068,185365
89068,1087255
89068,2363940
573848,66341
573848,13950
573848,1019090
1656168,793029
1656168,101856
71968,53767
71968,6565450
71968,32571
5437781,5421029
5437781,1422764
687481,451909
1042321,83779
1042321,3223036
1042321,7900486
1042321,46019
285761,160617
285761,932733
5475141,3402
5475141,2136
5475141,262837
3387261,195167
3387261,3278172
66341,635810
66341,39895
66341,66373
66341,6537029
2449461,1114000
2449461,43129
2449461,2426894
8637841,4684392
4192721,46381
4192721,25659
4192721,217798
4192721,196241
4192721,16242
5833061,37213
1042808,376500
1042808,83779
4032048,4027047
2312128,28882
2312128,2106748
2312128,262837
2066528,6893784
2066528,6533707
2066528,25938
2066528,8439256
5561648,4143454
137808,136897
137808,16890
137808,800481
1188428,117112
1188428,1187020
264408,185365
264408,3402455
264408,195167
269788,1502641
269788,1087255
269788,2831267
269788,444485
241768,185365
241768,429236
241768,195167
536868,71968
536868,194943
536868,3387521
536868,16013
3422048,3417830
7110948,8472687
7110948,1769451
1124841,137808
1124841,12852
1124841,1628733
1124841,15889
151981,8767688
151981,422686
151981,426605
151981,218558
285421,1087255
800481,2306528
800481,1420300
800481,4080098
800481,3327055
1701441,90259
1701441,121335
1701441,29299
1493801,1492397
1493801,81092
152961,694931
152961,1835814
152961,426605
152961,90259
152961,8767688
152961,8780760
774681,564350
774681,9151874
774681,1905831
774681,39365
416161,1015734
416161,77446
416161,9356941
6930781,16270
6930781,2339
5586401,3386589
5586401,621297
4122561,4456501
4122561,8781172
4122561,3166295
4122561,8773831
4116181,4116276
4116181,1522275
4116181,4116211
4116181,4116441
5480481,10391073
5480481,5480701
5480481,5714281
5480481,8915686
5480481,5480841
186361,412462
186361,194943
186361,9480229
186361,3389261
186361,298853
28461,95105
28461,6737628
28461,2082800
28461,13950
196241,53767
196241,1353273
196241,185365
2444768,4152447
2444768,4042323
2444768,731111
2444768,5380549
2444768,8767493
1559268,426605
1559268,8765695
1559268,4025188
1559268,8767493
1559268,1835814
551768,1087255
551768,1781693
551768,1755442
744928,14660
744928,25659
744928,1060263
744928,1326024
451148,2773384
451148,5476600
451148,921385
1188748,5592592
1188748,1187720
1188748,3034805
1188748,714181
30008,1916972
30008,2453024
30008,3165690
4256448,3209340
4256448,2121789
2106748,16216
2106748,6915966
2106748,1706383
2601468,401393
2601468,3064296
2601468,13950
2601468,39365
421648,1540447
421648,1148622
421648,87419
421648,595058
421648,1159221
4946168,6555378
4946168,6898425
4946168,5884496
4946168,119446
8357908,13520
8357908,5990454
8357908,8766905
8357908,2172996
8357908,4042323
15708,1186675
15708,52828
15708,8770017
15708,90259
1017728,1182113
1017728,455190
1017728,620759
1017728,8274621
932008,53767
932008,195899
932008,931996
96648,47344
96648,129379
96648,262837
5659728,5991272
5659728,10461661
5659728,1331251
220668,221020
220668,221001
220668,220968
220668,5380549
220668,1498657
422008,90259
422008,3153065
422008,59913
422008,45642
1690101,165134
221001,16013
221001,694931
96661,2124383
96661,2894545
96661,3417830
3933501,1381805
3933501,1148993
3933501,1450
3933501,7259044
238041,1294191
238041,533261
238041,1739255
400861,729898
400861,59913
400861,729657
2347821,252262
4011401,66373
4011401,1970686
3350321,1535077
3350321,1194699
3350321,241998
5056841,682931
258141,3417
258141,46562
258141,257959
258141,195167
258141,226967
3060561,3417
3060561,69009
3060561,195167
1292361,16013
1292361,2426894
5483701,4402927
5951741,238793
121781,527226
121781,4044877
121781,4453307
121781,9284675
121781,1807534
121781,1807549
4116441,4116181
503981,3238194
503981,1230106
503981,20256
194821,1087255
194821,6707390
194821,4186764
194821,1149365
8274621,1017728
6925181,48094
535341,45642
535341,39365
535341,90259
115081,3330113
115081,46827
115081,402826
1391561,66333
1391561,852205
714181,101374
714181,1188748
714181,451909
714181,451939
714181,1050186
419981,1385601
419981,3119
419981,419833
419981,34194
419981,417977
419981,106344
66201,66007
66201,66373
5480841,5480481
5714281,5480702
3402621,9885158
3402621,3404123
3402621,4074736
3402621,39365
3402621,3405011
3402621,8995898
4126841,581606
3389261,47344
3389261,71968
3389261,3417
3389261,16013
4953941,4953910
1503388,195167
1503388,69009
1503388,1293434
5483448,4402927
5483448,18097
136568,767621
136568,194943
136568,2997194
136568,913203
136568,43835
288368,130305
288368,9815526
288368,189751
288368,90259
25768,1780109
25768,95105
25768,1872797
2399648,2851801
2399648,4631469
2399648,4112135
2399648,7900486
7425088,194930
7425088,932733
7425088,444250
2697528,37416
2697528,5988442
2697528,20108
2697528,4130434
3054608,2109572
3054608,385055
3054608,1161077
3054608,1150515
2595828,839782
2595828,169514
8620488,4346251
947468,202442
947468,85756
947468,8766814
919628,335082
919628,33948
919628,35281
8604068,13911
8604068,268317
8604068,3403
220968,8079
220968,220668
220968,1343123
1881008,4125828
1881008,2099005
1881008,3316536
1881008,2699168
1703748,4976911
1703748,827644
4889688,8657299
4889688,4048988
12928,45614
12928,932470
2501488,186347
102488,102428
102488,117730
102488,823842
1768648,59105
536828,739758
536828,213358
536828,536850
536828,456022
1970088,575584
1970088,984185
1970088,410513
248468,2608864
248468,902870
248468,28526
628228,195167
628228,194943
628228,2426894
1048448,3117289
1048448,411343
1048448,1907605
61048,115927
61048,1782998
61048,2321219
61048,79066
174968,1828506
174968,9153664
174968,7235011
4014648,4015740
4014648,3356198
4014648,4020544
4014648,4020907
601068,561727
601068,600959
601068,292862
601068,294603
1444808,1444789
1444808,706120
1444808,186901
1444808,228273
1444808,145992
4025188,1369086
6737628,59072
6737628,1167329
6737628,1705973
186348,195167
186348,654945
186348,3278172
263328,2826827
263328,45484
186901,2395587
186901,1444808
1311341,13950
1311341,626654
1311341,1623565
1311341,1023204
893901,8897156
893901,1390127
893901,1770056
893901,388590
893901,90259
893901,9783234
1581161,4324558
1581161,429236
1581161,195167
2206741,4669999
2206741,619479
2206741,2290584
736541,2963505
736541,69324
736541,8762941
145201,8797606
145201,90259
145201,8800257
2400901,4042323
2400901,1623900
2400901,2400902
2400901,2400948
121241,121526
121241,121335
121241,954170
121241,1835814
3441,185365
3441,1087255
160061,160045
160061,5949888
160061,76652
70701,983579
70701,9579036
70701,2560954
70701,19254
3359901,8957563
3359901,3104878
3359901,10650498
3359901,6700930
3285361,1040359
3285361,3345521
3285361,3390317
3285361,932104
3285361,39365
2529241,1019510
2529241,8871254
2529241,2529324
1527081,4007675
1527081,9081078
1527081,260596
1527081,39365
1527081,6739246
35281,6716367
35281,46805
35281,579450
35281,402826
152601,59913
152601,90259
152601,8780760
152601,1835814
4113281,1020266
4113281,2635113
4113281,4152392
3851261,8779491
3851261,8789176
3851261,6514319
14941,101856
14941,1835814
14941,9016746
1385601,52828
1385601,1385801
1385601,1385876
7761041,9009376
7761041,8804356
728281,728167
728281,8805907
728281,1686227
728281,90259
107301,1835814
107301,109311
107301,109743
107301,8806232
107301,109851
6919761,3308752
6919761,6617768
528181,4449420
528181,1020802
528181,9208648
4970821,1393212
4970821,10117572
4970821,10045969
4970821,8767812
3493781,4693216
3493781,8245429
3493781,8777650
3493781,2907744
1989361,6545667
1989361,1989363
1989361,2117471
1989361,300979
1989361,8765039
533261,992153
533261,3364750
533261,8765658
533261,1177584
533261,8778265
533261,8998419
216481,185365
216481,2831267
216481,6565450
603181,90259
603181,8765712
603181,8764421
603181,8763510
603181,251598
643481,221469
643481,8785997
643481,158814
643481,90259
1841621,1303231
1841621,4838805
1841621,1438320
1841621,4838782
1841621,1623900
16201,6565450
16201,1353273
16201,1087255
7292441,7293093
18101,1095638
18101,8267989
18101,3396437
18101,1830038
24501,429236
24501,655178
24501,654063
117961,8690403
117961,195167
117961,2561177
117961,53767
117961,4192743
738441,383708
738441,90259
738441,2341
738441,1709765
738441,1149985
4520081,4520135
4520081,8822567
4520081,9228341
4520081,4520089
4520081,4520111
1240501,8809417
1240501,1240513
1240501,90259
4680461,4680651
4680461,9086210
4680461,4680493
2897781,2897783
2897781,52828
1033088,9453815
1033088,9454340
1033088,2258908
702688,8821731
702688,1902901
702688,2559204
702688,8965685
7420468,1893300
415328,1087456
415328,26085
153668,613416
153668,614430
153668,613600
153668,614181
107928,99058
107928,10414543
107928,10414550
107928,187974
53468,1087255
53468,4210226
53468,32571
2699168,185652
2699168,8931487
2699168,70185
2699168,3427021
78388,3924617
78388,107712
78388,78834
6747228,7790603
6747228,285421
25288,2386995
25288,126398
25288,2199960
1706368,4993046
1706368,614181
1706368,2035386
1384148,212402
1384148,1384166
1384148,9143582
1384148,2721590
653968,253101
653968,1972887
142428,430788
142428,916390
142428,14880
142428,12852
102428,2830148
102428,992153
102428,8804689
102428,102488
412208,8907854
412208,12928
412208,90259
144708,654290
144708,908540
144708,198990
144708,331073
144708,90259
220688,195167
220688,5737970
220688,16013
220688,918039
28728,93503
28728,3065821
28728,2697848
28728,195899
465948,2345831
465948,729898
465948,92325
465948,1286413
185828,3031292
185828,570871
185828,1624602
739328,1220659
739328,3679382
739328,3362327
739328,1020266
4048988,4889688
4048988,8922450
4048988,4889660
1629388,70779
1629388,248468
1629388,34607
1436848,2437728
1436848,4409252
1436848,8753472
1436848,7119367
1436848,6555900
37508,185365
37508,5475141
37508,3885905
37508,6720571
49908,535058
49908,2831267
290308,1540447
290308,13950
290308,1540315
4799528,3901520
4799528,6706356
5987848,4043402
5987848,4124170
5987848,739147
5983268,2001213
5983268,1735242
632988,9547225
632988,2474310
632988,2168761
33948,994903
33948,35178
33948,5568714
33948,418389
386108,5475141
386108,1861699
386108,3384159
386108,185365
68308,125110
68308,411157
68308,411139
2280648,739147
2280648,1848189
2280648,3144027
2280648,4043402
2280648,1829866
4123828,1513600
4123828,4124170
4123828,739147
5974608,5974631
5974608,300979
5974608,121335
5974608,10561444
2602808,8767493
2602808,8763510
2602808,3266535
6535808,298301
6535808,1777823
6535808,54447
6535808,5856998
6535808,6893786
6535808,7110948
780668,421166
780668,1169211
780668,997534
780668,1196412
1385801,505419
1385801,3119
1385801,1385601
1385801,728250
1385801,1674005
3427021,3417830
22861,1210805
22861,32695
22861,90259
7319341,7744
1797321,430043
2674501,23074
2674501,385294
2674501,189477
2674501,125352
53881,4082580
53881,8604068
53881,5475141
53881,2561177
4329061,1382722
4329061,44064
4329061,3364
2527301,150663
2527301,2834021
2527301,117730
298301,1115513
298301,297831
298301,28461
298301,2339
298301,3365711
5408701,5915278
5408701,52828
5408701,8770017
5408701,8767722
8626241,4763995
1902901,85690
4934901,411343
5893681,58200
5893681,441663
3151541,216044
2168761,2168726
2070981,1953513
2070981,11997
2070981,17467
2070981,195786
2070981,16619
6701901,4869155
6701901,6806579
8472641,8766847
1142561,3405011
1142561,4695578
2527001,150663
2825321,4994641
2825321,2474484
2825321,1706368
1803861,430043
8454761,3402
1826821,89068
1826821,3402
1826821,2063809
1826821,150050
253101,70036
253101,26515
253101,3718
202801,219703
202801,30327
202801,16026
202801,2376482
202801,202456
380961,26613
380961,78539
380961,3087615
614181,79914
614181,622760
614181,1706368
614181,132075
614181,153668
86781,3065592
86781,86771
86781,1629776
68961,42890
68961,1087255
1288141,1022943
1288141,600818
1288141,8789176
1288141,2526769
3065821,28728
3898021,3897925
1201481,688696
1201481,729898
1431941,1499506
1431941,18154
1431941,3402
1431941,2811600
10001,4672771
10001,444485
10001,4672234
10001,4671674
6865241,206738
5898501,6535793
5898501,1368838
5898501,6905445
704961,120050
704961,403902
704961,644857
704961,262758
704961,234106
2258908,1033088
75848,75833
75848,3359901
1132128,116294
1132128,6569084
1132128,90259
4172848,3602196
4172848,2764636
4172848,8357660
401068,154714
1445728,3438712
1445728,32405
1445728,1445619
1445728,15744
1445728,184837
2400948,2400901
2400948,5987873
2400948,1960670
1348208,1348154
2960548,462753
2960548,4965285
2960548,444250
2960548,3629236
407048,1087255
407048,2831267
1508908,3387521
1508908,92173
1508908,195167
1508908,16013
3306768,697944
2187828,494268
4343588,3322428
4343588,4961049
4343588,3899482
6540128,1741313
6540128,2331922
6540128,907135
6540128,4583
2697848,624788
2697848,505415
2697848,856238
2697848,4684163
2697848,3117289
248948,565734
248948,25659
248948,2764532
248948,121193
1500168,7051
1500168,3922324
1500168,188289
1500168,6952
3151528,216044
81868,32571
81868,572129
81868,5851841
1146628,287784
1146628,96853
1146628,422508
912648,5750110
912648,90259
912648,202442
912648,914319
2710688,534
2710688,46115
2710688,626186
468,2151100
468,8536
468,1443960
5744308,6618449
5744308,5884496
5744308,3898402
5744308,6535793
5744308,4503735
2837768,216056
651688,2309185
651688,4456556
651688,1023204
651688,1956044
714348,2702152
714348,714181
714348,8801411
714348,4568863
2437728,1436848
2437728,1092011
2437728,441521
139248,34194
139248,448582
139248,550365
139248,1616116
139248,451939
4133508,3327620
4133508,8039204
4133508,5380549
4133508,5993506
1143448,1377203
1143448,2136
1143448,397157
1143448,24963
1143448,1509878
6617768,8472641
6617768,4669667
6617768,8449942
1477408,45614
1477408,904813
7085648,6609991
7085648,1867656
7085648,1864381
3117248,96853
3117248,18097
3117248,3911247
3117248,4121758
5952068,2340
5952068,238793
5952068,2949592
223328,1194699
223328,1677554
223328,20033
223328,1930428
5950168,44058
5950168,44057
5950168,55511
5950168,2917472
4057848,4050075
3492708,97173
3492708,1171777
3492708,4140025
5949888,160061
5949888,1022209
5949888,7273366
2333768,841734
619088,626654
619088,1926810
619088,1755442
2878948,3039347
2878948,2041453
2878948,97173
2830148,840661
2830148,7496
2830148,89068
1364928,529772
1364928,370855
3508308,13582
3508308,422508
3508308,7768
435741,52828
435741,7813839
435741,15889
48221,3384159
48221,1360413
48221,4409492
48221,1208690
48221,185365
1052681,77968
1052681,244112
1052681,1052941
7527781,7787620
7527781,2236834
7527781,2831813
7527781,2458047
4119801,10550944
4119801,45875
4119801,8789176
793201,53902
793201,31818
793201,1830038
793201,99613
793201,9154361
2834021,2834883
2834021,2834847
2834021,4142644
2834021,2834170
2834021,2834159
7456261,2769484
1864381,13950
1864381,4124170
1864381,7133706
1864381,7133900
4890301,9186105
4890301,1376933
4890301,10973812
629661,914319
629661,195167
629661,1502641
127761,8767493
127761,127911
127761,127764
401461,401745
401461,1903726
401461,401735
850241,39365
850241,20256
850241,8764421
1800161,39365
1800161,8779491
1800161,2963505
6704841,8563278
6704841,6533712
6704841,8563293
645001,8777970
645001,8868540
645001,2341
645001,29176
1313701,288616
1313701,444485
1313701,6533084
840661,793295
840661,5543711
840661,7060653
840661,2830148
120441,3923424
120441,29599
120441,4224902
120441,600818
2001501,1502641
2001501,195167
2001501,429236
2260061,2456541
2260061,790772
1778921,3001637
1778921,10635827
1778921,1559749
1778921,1829866
1778921,239526
1704601,244112
3125661,3309472
3125661,53453
3125661,9793128
3125661,3125663
1171361,140385
1171361,794794
1643121,4042323
1643121,10073907
1643121,1494853
196701,1688880
196701,90259
1105001,1048171
1105001,4631469
1105001,376822
1105001,51985
998701,2098989
998701,30327
998701,998547
1788601,5518294
1788601,8970174
1788601,1123509
1788601,4011401
1322781,5988442
1322781,984233
1322781,4142552
4937441,2340
4937441,11126
4937441,411343
4937441,219293
4937441,18515
7248821,8002558
7248821,8000160
7248821,5513113
7248821,7142357
1668761,733809
1668761,9044385
1668761,8822466
417761,417634
417761,9616335
417761,418199
868441,8764421
868441,1541051
868441,2963505
868441,8765658
116621,5865239
116621,29862
116621,998392
116621,937696
61021,250134
61021,1739968
61021,613416
61021,250452
1349041,1349415
1349041,8765054
1349041,760
1349041,52828
5851841,3174444
1211561,690353
1211561,1128617
2813201,29424
2813201,90259
2813201,4022062
2813201,3566798
665101,8934266
665101,239526
665101,253101
6701981,681804
6701981,4133446
6701981,13091
25081,4252358
25081,2236509
25081,421560
919581,8829791
919581,72537
919581,140385
919581,90259
41001,211564
41001,530407
41001,8766797
41001,8891363
41001,8909747
1563701,198129
1563701,248317
7735881,9048520
2787641,7792016
2787641,3885844
1489821,37213
1489821,195167
1489821,16013
1151541,681670
1151541,2179380
1151541,195167
1151541,3936935
1151541,4137351
441521,120835
441521,78945
441521,1835814
441521,1206883
441521,1043230
4994641,2825321
4994641,2151100
4994641,7604737
4724201,4042323
4724201,4798754
2483041,2702152
2483041,90259
2483041,29424
299581,59913
299581,198990
299581,90259
299581,41429
4385541,32182
4385541,4385548
4385541,52828
4385541,8765658
4385541,2702152
1452961,1060105
1452961,1331273
1452961,1755442
1452961,194943
535921,8893320
535921,8763510
535921,411157
535921,39365
870461,90259
870461,39365
870461,9223975
870461,9223996
69441,2516527
69441,8872438
69441,90259
69441,8827034
1532601,2465603
1532601,2212974
1532601,1543252
1784481,4129010
1784481,4128051
1784481,8773911
2963008,32405
2963008,3887
2963008,2070276
207368,9023500
207368,3334476
207368,1037354
207368,29176
1343268,90259
1343268,1128799
3229508,3229506
4860668,226967
4860668,1223264
4860668,47164
2439808,14880
2439808,1019559
132088,740554
132088,8096430
132088,550123
132088,78057
1950828,4631469
1950828,214324
1950828,1437527
92368,282037
92368,8797606
92368,8904294
92368,90259
7768,9929718
7768,242642
7768,250357
7768,12928
7768,35178
380208,7284875
380208,113956
380208,600997
380208,90259
2561008,1851676
2561008,3121520
2561008,195167
282628,946742
282628,8764399
282628,90259
282628,5918
282628,282624
494268,9431169
494268,8764421
494268,2187828
494268,9431045
494268,246489
494268,90259
3221988,6701901
3221988,6907260
3221988,5715533
1432928,1328494
423728,29564
423728,9604259
410488,90259
410488,1826770
407148,90259
407148,664117
407148,28587
407148,12928
405908,221469
405908,202200
405908,8773911
405908,7814415
263108,1431140
263108,9929
263108,2493457
263108,8765658
113528,90259
113528,113555
113528,113711
113528,3372532
7814048,3400923
1665608,1329059
1665608,4124170
1665608,739147
4708,1061699
4708,985815
4708,259620
6907168,8770017
6907168,1960362
6907168,3427322
6907168,9060815
3589428,9153664
3589428,1011995
3589428,8842651
693968,1835814
693968,694931
693968,426605
693968,2400139
693968,9521091
693968,121335
693968,2002804
1212468,1829866
1212468,259620
1212468,1352678
1212468,1097344
1212468,1829510
8607648,595249
658668,268455
658668,1493801
658668,722922
6636728,578886
6636728,3168226
6636728,11208989
6636728,7076724
624788,3384159
624788,3384754
624788,195167
186708,1391627
186708,48862
186708,90259
186708,937520
21828,259501
21828,710740
21828,59913
2183768,1718
2183768,1689444
2183768,3321555
2183768,534813
7596968,1228293
7596968,1031597
29728,1173574
29728,8848629
29728,567830
451968,113956
451968,195167
451968,1376975
451968,16216
1507388,7425223
1507388,16013
1507388,6576459
3322428,2872275
422508,90259
422508,781345
422508,426605
20108,6540128
20108,1164833
590668,7889036
590668,2525979
590668,238848
1731088,192512
1731088,705861
6633408,386085
6633408,447791
6633408,267705
6633408,3356265
3341688,1414742
3341688,5455598
3341688,2686186
3925888,54031
3925888,8767493
3925888,8768055
3925888,230403
858368,52828
858368,90259
858368,5993506
858368,8764922
7542407,2308127
389007,695330
389007,783320
1430807,2621334
1430807,5421029
1430807,286165
1430807,747119
530407,41001
530407,1358047
530407,40951
6820807,6935659
6820807,6535793
6820807,3323150
6820807,6769617
6820807,6535782
6820807,3898402
7494409,2846874
4992009,18097
4992009,4992000
4992009,3430485
733809,2130974
733809,1668761
733809,697460
2720009,2120043
2720009,12890
2720009,175567
8296609,654945
8296609,676115
125609,78834
125609,101820
125609,15926
1228809,35987
1228809,6841952
1228809,740554
1228809,427564
678809,626265
678809,14737
678809,13616
678809,398124
2171811,641757
2171811,3441
2391211,696520
298611,297447
3503411,604717
3503411,3315078
3503411,6834610
3503411,1369086
3503411,3503447
1411,43835
1411,654945
223412,3402
223412,20033
223412,13952
223412,1206622
2412,55586
2412,152923
1222612,195167
5561212,3565934
5561212,2830148
5561212,10418142
5561212,218134
1179012,4189895
1179012,3087615
1179012,40415
2560612,779826
5456814,374854
3086614,2421674
25214,39515
25214,18761
25214,23194
594414,594345
594414,189465
594414,7637
594414,5355782
594414,2706041
1787214,1011496
1787214,23368
1787214,256880
1787214,238776
7129214,1064492
1344214,1344024
1344214,22553
1344214,151130
101814,3417
101814,195167
655415,2441411
655415,3120975
655415,16013
5121815,391136
5121815,1349110
935215,444485
935215,1221572
935215,1851535
935215,10621543
628015,1706368
628015,43129
628015,1319703
628015,76652
2020415,15322
2020415,2791679
5374215,715610
5374215,5372766
1567215,4979270
8364815,65187
1349415,1349041
985815,397157
985815,1202547
2417417,1227544
2417417,8079
2417417,662504
2417417,1142893
2866217,25659
2866217,1086276
2866217,269788
1085417,1377203
1085417,195167
1085417,456022
1085417,2106748
974617,933615
1336817,7130124
1336817,1972243
1336817,17950
1336817,8770017
1314217,5799167
1314217,240583
1314217,512176
1314217,63429
6583417,212830
4179417,2764744
4179417,184207
3297225,346177
3297225,2333382
3297225,24295
5247225,1349110
1319225,739758
1319225,2113802
1319225,1381805
1319225,39895
590225,286165
590225,72537
1919628,1864802
1919628,1239600
5348228,1031797
5348228,5742638
175428,1450
175428,2136
175428,1340935
1445028,424140
1445028,12810
1445028,1487253
1445028,27040
1445028,427383
216829,1781693
216829,4210226
216829,185365
501629,8765167
501629,8764421
501629,90259
3359034,3359019
3359034,2136
3359034,119446
3359034,7790603
4014034,3400923
4014034,4020974
4014034,4012070
4014034,285421
997834,203356
997834,878574
997834,885351
1426834,699111
1426834,22122
1426834,698539
2118034,985560
2118034,117829
2118034,1130053
2118034,1096573
540234,14884
2106435,51431
130235,468
130235,68532
6536235,4123828
6536235,3231571
3595035,6841952
3595035,3594741
3595035,3594469
5513035,7226410
5513035,7675927
5513035,7226558
5011036,175567
7529636,1042347
1656036,195167
4141036,2056174
4141036,18732
4141036,1178698
7889036,24295
1675842,1130053
1675842,502746
1720842,383886
1720842,639413
554842,1522863
554842,1140586
554842,300626
901642,195220
901642,56077
901642,1603782
901642,120395
1646842,3439374
1646842,1783557
1646842,1706368
661242,2997194
661242,3402
683442,114149
683442,1450
683442,1424
683442,72537
185642,2668449
4722042,374734
4722042,1541072
4722042,1818004
2824442,94089
4228645,395353
4120845,1140346
4120845,4150508
262045,54476
262045,654945
262045,269788
4826445,179992
238848,868693
238848,238549
238848,590668
1490648,32405
1490648,2339
1490648,1381805
1490648,213358
8270848,1166736
1629452,3417
1629452,294603
1629452,6533073
5359252,4169888
5359252,8107764
5359252,7951021
1543252,194943
1543252,18154
2312452,4114793
2312452,262837
2312452,3417
2312452,284688
8347452,217659
417252,113294
417252,424140
417252,694176
3093052,3093207
3093052,10202179
3093052,1023204
892452,2928850
892452,892380
892452,284012
892452,144830
14852,256003
14852,14011
14852,62329
3140458,695875
71858,195167
71858,16013
71858,53983
71858,92173
4417858,8768055
4417858,946742
4417858,4417917
4417858,10103226
2535858,175567
2535858,1171361
2535858,1771820
1417258,2042905
1417258,1225884
1417258,9368847
739258,2325187
739258,86612
739258,869881
739258,1724260
739258,127943
1005858,246663
1005858,1005847
1005858,299444
1005858,781322
5328858,1352284
5328858,1349110
6502459,5994113
1653059,598471
6576459,1516475
381459,424531
381459,1427100
381459,64395
24659,80586
24659,9023046
24659,207120
2959859,462753
2959859,444250
2959859,3296571
7690870,5987894
7690870,7690251
7690870,7690512
7690870,7787724
226270,226215
226270,142070
63670,90259
63670,1904605
63670,376913
266470,444485
266470,1087255
1331273,1190895
1331273,635810
1331273,195227
1331273,455843
2290273,2370825
2290273,565110
2290273,6899106
3572483,1448561
3572483,53468
3572483,534
3572483,1450
3572483,3402
2834883,2834021
1390683,1180211
1390683,23234
1390683,118242
1390683,15647
40883,5725342
40883,41049
40883,9453270
251487,250987
251487,83950
251487,37213
251487,741304
251487,13952
2485887,6656
2485887,115081
2485887,89404
2485887,641717
7120287,2474484
3564287,955727
3564287,4142552
3239087,196458
289487,61048
289487,161349
289487,154292
289487,217798
528088,415641
528088,59893
528088,527976
259488,195167
259488,71968
259488,654945
2394688,7140852
2394688,2394679
2394688,7647017
2394688,4169888
546088,8121005
546088,401244
546088,546052
546088,2325187
1006888,39895
1006888,1293440
1006888,59080
1006888,3403
963488,963424
963488,3428159
7788088,5987873
637088,696369
637088,697622
637088,2322942
637088,637034
246489,888853
246489,26849
246489,68418
246489,29770
246489,422858
246489,696289
2815489,6746950
2815489,195167
2815489,1499370
2815489,401018
1865489,292862
1865489,2649224
1865489,16270
79289,79066
79289,128830
79289,4000297
79289,1369969
79289,131212
645091,598234
645091,376904
645091,64435
645091,85832
4247691,4247589
3905491,37213
3905491,955727
3905491,604717
2491297,1305241
2491297,885351
2491297,5994113
2491297,203356
76697,76578
76697,90259
76697,8763510
76697,401393
1742297,709021
1742297,99104
192497,712211
192497,9086210
192497,140385
1600099,715824
1600099,245477
1600099,16147
973299,658443
973299,4409765
973299,7292441
1229299,4684286
1229299,3394005
1229299,563276
962899,195167
962899,1502641
1796299,430043
1796299,118629
1796299,1349110
1161099,3054608
1161099,1541537
1161099,3117289
1161099,2343526
1020899,387021
1020899,36482
6609499,4869155
6609499,15744
5973503,668850
5973503,1151481
2717103,3400923
2717103,7790603
4076503,1314652
4076503,4076685
4076503,4076407
1064703,1199238
1064703,9080745
7436303,2283
7436303,420940
7436303,3438
970503,2092004
970503,4448939
3480103,558519
3480103,3319163
3480103,3480067
4418703,133986
3356109,641624
6644709,194943
6644709,195167
6644709,55067
1123509,1666140
1123509,4631469
1123509,1532601
4677909,4677516
4677909,4518843
3169509,10553093
2236509,127305
2236509,70253
2236509,25081
4008909,84701
3565309,5697610
3565309,5421029
3565309,249342
3565309,5697599
842109,186100
842109,557618
842109,8774244
658510,8780824
658510,1776309
658510,90259
658510,9274530
268310,194943
268310,69009
1829510,1212468
427110,90259
427110,15889
427110,8765288
427110,924554
427110,1835814
3114310,79137
5728910,511938
5728910,5728864
58910,16013
58910,641757
58910,951427
8042911,7214759
8042911,2327
647711,8785974
647711,18020
647711,45642
647711,272737
647711,1835814
113711,113528
113711,1158106
1297311,34819
1297311,1279463
5543711,5542740
5543711,89068
599111,1022943
599111,7336821
599111,1222575
599111,10860942
1675913,78847
1675913,447791
1675913,502746
1201513,729898
1201513,688696
892913,886886
892913,639496
2130713,489974
5513113,8000901
5513113,7951021
5513113,4169888
5513113,7248369
93713,3900822
93713,3900499
93713,3900610
93713,3392646
93713,1151884
991721,723602
2631321,2631293
2631321,1693
2631321,695875
1531321,151456
1531321,635947
1531321,15322
1531321,72537
1531321,185669
187127,39365
187127,2950305
187127,2396031
187127,4838330
5055727,2668449
1437527,3595092
1437527,9872663
1437527,2815472
1437527,10029790
2516527,69441
2516527,577619
3104927,6601712
3104927,3417
3104927,671667
4664527,2764532
5598129,245669
421529,59913
421529,8766797
421529,90259
421529,4372838
4950529,3498174
4950529,2697731
4950529,6896759
289729,78627
289729,78847
289729,53357
9929,912989
9929,913876
9929,1953513
1462929,1146779
911529,245477
911529,2312145
911529,909116
911529,2120043
539929,14884
539929,538477
4446735,3491561
4446735,772343
4446735,2400934
3936935,1151541
3936935,1614714
3936935,16270
3936935,617070
3936935,15744
3936935,11126
401735,91696
401735,401461
401735,989747
605535,4082263
605535,37213
605535,2339
605535,663848
86139,493508
86139,61484
86139,213858
86139,514840
86139,499820
4251339,85785
2844139,142428
5370953,9159287
5370953,3489434
5370953,3318211
5370953,1470950
5370953,1108384
690353,41429
690353,90259
690353,1211561
690353,3287304
8419753,1064493
3316153,5713437
3316153,5662790
3316153,3117289
3316153,2997194
3316153,4993992
1682353,478612
1682353,153005
14554,221427
1296554,109299
7876154,7226559
4798754,4724201
2343554,481503
2343554,2343526
1037354,207368
702954,451909
702954,1931
8143754,8121005
105954,22047
105954,151652
187754,90259
187754,8865381
1508954,387115
1508954,665524
1508954,2662575
1508954,428752
7118767,2323
7118767,11126
81767,1287330
81767,4718380
619367,654945
619367,3387521
619367,604717
619367,195167
1125767,656555
1125767,187814
1125767,20432
3160967,195167
3160967,457932
77968,88303
77968,130504
77968,128830
77968,1052681
77968,1181255
892768,7496
892768,639496
892768,94160
1207968,1070722
285368,241768
285368,1980128
285368,468
285368,24146
2870368,16890
3357768,5662790
3357768,3309498
3357768,3290156
3357768,1349110
4049374,2921719
4049374,432567
4049374,3438712
2212974,187894
359974,105897
359974,858271
780374,780713
780374,8785974
780374,186931
780374,650869
1173574,397157
1173574,16890
1173574,16496
1173574,46521
3342174,3342182
3342174,2702152
3342174,3342195
157774,451939
157774,451909
157774,156176
4277974,3190431
4277974,387021
337583,194943
337583,1349110
337583,8121005
337583,269788
720383,720375
563583,1336512
563583,500400
563583,3226475
563583,873389
8737383,2827976
5473783,195362
5473783,230447
1625583,1209106
1625583,1430212
1625583,19836
5988383,5988442
5988383,7787724
5988383,7690251
5901383,4437485
1466584,1463370
1466584,6811073
157184,156597
157184,187918
157184,568576
157184,157519
157184,156176
3836984,7496
2484993,14565
1426993,63499
1426993,23426
1426993,896673
394793,188863
394793,185307
256003,8766797
256003,140385
256003,573051
2092004,90259
2092004,617015
2092004,970503
1818004,8776187
1818004,8783560
554804,8765695
554804,1309293
554804,694931
554804,1133079
7226410,4790454
7226410,8107764
7226410,5513035
5697610,260596
5697610,3565309
715610,9018941
715610,8814669
715610,8802987
715610,5374215
137223,90259
137223,1688880
137223,8766797
137223,216349
137223,8764421
137223,925418
1166424,443564
1166424,1690026
1166424,946742
1166424,2996195
3596024,4024136
3596024,3898213
3596024,8773831
4672824,4673640
4672824,1748237
4672824,4042879
6702024,4172848
6702024,10667113
6702024,2280657
6702024,2526649
6702024,39365
2649224,9031564
2649224,5724398
2649224,1865489
1344024,584155
1344024,2429831
1344024,115487
23234,10146983
23234,2268650
464034,7436303
464034,1149062
464034,3143231
464034,5518294
546034,127879
546034,116000
546034,1207159
546034,1835814
590038,90259
590038,4884589
590038,590429
590038,590225
4372838,1980728
4372838,184837
4372838,1020167
4372838,48221
4372838,4121758
7400838,4675711
7400838,1420195
7400838,368245
7400838,649299
7400838,7472334
514840,90259
514840,8769533
628841,3384159
628841,5481523
628841,2363940
628841,4441745
3935641,412393
1305241,1144105
1305241,1295054
1305241,7452064
1305241,3446716
2706041,554957
2706041,633569
888853,2830148
888853,9145588
888853,529468
8453,206104
8453,8791812
8453,8850590
8453,1443960
7550888,1735242
7550888,6794350
7550888,3334476
1042090,9977639
1042090,8232340
1042090,9562346
422493,8812527
422493,113555
422493,2051514
120893,70772
120893,72537
120893,3402
120893,120904
120893,2323
120893,46381
415293,9450905
415293,13950
415293,233734
415293,790985
415293,207120
113294,241559
113294,90259
113294,9164468
1084494,4570613
1084494,67223
1084494,101856
1084494,67165
32494,2051514
32494,90259
32494,4026391
32494,198990
16496,5475141
16496,2131598
16496,53767
700896,4007485
700896,4007441
700896,2185992
1217299,2885774
1217299,3262515
1217299,1955122
1217299,4841547
3900499,5994113
3900499,93713
376899,1324600
376899,690340
376899,8765041
376899,4057169
1158106,1835814
1158106,297121
1158106,90259
1158106,4673643
5675308,1629776
5675308,454218
5675308,3487
5675308,48042
4150508,8808911
4150508,568001
4150508,739258
128911,242642
128911,129097
498111,2702152
498111,408837
498111,1784914
498111,1892445
498111,262540
2239311,8979661
2239311,132005
2239311,1019510
2239311,4631449
2239311,2239316
1084911,1859598
1084911,5320403
1084911,217784
1084911,43835
1084911,1873464
4572113,10166529
4572113,35204
4572113,36066
4572113,35071
4572113,8762941
4209713,4209745
4209713,39365
59313,998105
59313,1016426
59313,1020266
59313,295240
1319713,10399431
1319713,1867232
1319713,2653943
1319713,4792457
1319713,10127170
46521,402826
46521,5890864
46521,1173574
46521,429236
5716132,1329059
79343,9312026
79343,140385
244944,76233
244944,919854
244944,1868008
989747,9331709
989747,8862406
1202547,398134
1202547,7442961
86150,637088
86150,4828856
86150,59913
177350,8765658
7226558,4169888
7226558,8107764
7226558,4169958
7226558,7248369
138158,8765041
138158,22893
138158,90259
138158,29424
138158,1835814
4372164,258507
4372164,8773831
8107764,7671508
8107764,7923547
112179,2021021
112179,1391561
241784,90259
241784,8815933
241784,1573443
20584,4042323
20584,2396219
20584,1298161
20584,20256
20584,8968097
28984,198990
28984,2341
28984,1569739
28984,1835814
28984,226494
4402996,96648
4402996,39365
4402996,442678
886196,8781454
886196,8917363
8596,95105
8596,1345444
8596,3356170
8596,11179418
8596,13950
8596,5807376
6825796,9876201
6825796,7091952
6825796,6928074
2427400,4504932
2427400,9482012
2427400,5496727
22600,8838437
22600,8805411
22600,8877546
2713410,5385
2713410,681670
2713410,3236468
3904610,4963312
3904610,10599969
3904610,9319202
3904610,4913971
3904610,6922279
3900610,93713
4684610,10101437
4684610,10136112
4684610,4684617
4684610,9988997
478612,5993506
478612,10870938
478612,653771
1430212,1345444
1430212,7573633
1430212,2815472
1430212,978140
274212,9432410
274212,8200995
274212,269000
274212,4995828
274212,8871551
274212,10303319
249418,262160
249418,8848629
401018,2815506
401018,67165
401018,1083882
3595018,5365491
3595018,2649075
3595018,5501515
2052226,1382473
2052226,3417
2052226,3402
2052226,195227
422626,8766797
422626,198990
300626,191264
300626,151855
23426,231160
23426,1958009
23426,2520499
23426,8814819
163040,439166
163040,1181255
163040,1181272
1293440,195167
1293440,13950
1293440,185365
1293440,4042323
793840,684550
793840,70779
1507440,4412278
1507440,1143362
1507440,8739455
1507440,285368
121041,80223
121041,70772
121041,46115
3295841,1541051
3295841,8458207
3295841,52828
3295841,1658537
389841,113956
389841,1170714
389841,653682
1113052,1419856
1113052,168194
1113052,80503
1113052,1389330
931453,4943577
931453,940543
931453,5675681
931453,661101
2477853,3040122
2477853,3064296
2477853,1964895
2477853,1040216
6537453,8537462
6537453,6617768
6537453,2420523
1841453,225061
245460,255388
245460,2051514
697460,925418
697460,733809
697460,2908039
915460,567507
915460,8767493
915460,2168783
915460,2883751
915460,8881999
3475461,3475674
3475461,3475525
3475461,9904664
3475461,92972
189465,4042323
189465,90259
189465,1622703
189465,1621622
79465,2478693
913876,9929
913876,567932
913876,13950
3734676,7496
282276,2349980
282276,8804706
282276,8804689
668276,9788092
668276,8786121
289885,97819
289885,4793007
289885,9153380
1220285,1735242
1220285,7604752
1220285,582463
1220285,7604737
4437485,4659515
4437485,1061699
4437485,52828
4437485,8765695
4076685,625914
4076685,4076503
4076685,1368106
4076685,4689734
5497885,4790373
5497885,8041798
5497885,7666882
589894,654945
589894,69009
589894,47344
589894,1781123
24295,7061026
24295,6722439
24295,32571
24295,4505657
24295,3375927
2167512,9240059
2167512,6794350
2167512,1735242
2167512,7941559
15926,125520
15926,937520
15926,241559
2343526,8775267
2343526,1161099
4371526,4901498
4371526,1020167
22328,3006087
22328,4628294
22328,3681451
1723928,5739323
1723928,9899777
1723928,128830
1723928,129300
199128,5989083
199128,10985162
96328,1463261
96328,3885905
96328,3297547
96328,3366101
96328,8311281
1140346,495394
1140346,195899
1140346,4123512
1964748,1762744
1964748,1964755
1964748,8762941
1964748,9341160
6819954,10668298
6819954,7091963
6819954,13950
1165156,1563284
1165156,8443779
1165156,9070548
1165156,5829497
379156,52828
379156,6830716
379156,9516961
379156,8770017
596360,8811310
596360,8822466
596360,4276894
3491561,11039263
3491561,4007441
3491561,4446735
3491561,296116
914361,4177169
914361,995207
914361,5019196
18761,145013
18761,8837758
18761,1369042
18761,9855612
1083961,7594
1083961,551023
69961,7185649
69961,218127
69961,221427
2131968,1519787
2131968,187754
8768,13950
8768,572000
8768,1291670
8768,429236
4123968,4124170
4123968,4123657
4123968,5843972
4123968,3942747
4123968,1848189
37168,69
37168,3396894
37168,37159
447574,1282490
447574,1053400
447574,2935904
447574,23271
447574,19236
499574,8808018
499574,2920783
499574,8766690
3574,8765658
3574,245805
3574,1966395
3574,382536
1149178,8766814
1149178,4669122
1149178,8773230
1149178,39365
2878378,681670
2878378,1329059
2878378,1559749
1021178,2963505
1021178,19254
1021178,90259
1154783,1835814
1154783,183130
113183,713767
113183,68939
113183,2707688
113183,1988579
35987,101856
35987,8773230
35987,41429
5987587,10571546
5987587,10571543
5987587,117066
5987587,5987631
5987587,4890897
795187,8776098
795187,7012425
795187,8776187
113193,62232
113193,36693
113193,231160
113193,19254
4450393,1638607
4450393,161349
4450393,420682
3517609,658777
3517609,196861
5621609,2621334
4826413,5501167
4826413,179992
217621,654945
217621,32058
217621,195167
1988024,1147472
1988024,47575
1988024,1313597
1662429,3907798
1662429,42900
1662429,1378510
1662429,3907919
1662429,958874
1949629,7496
1949629,6834610
7355229,2474427
7355229,534
590429,590445
590429,590038
2076046,1777503
233646,218127
129659,6640
129659,4992000
129659,3402
129659,1937285
2535259,2535254
2535259,1629776
1088863,389841
1088863,934812
1088863,1382722
2002463,985560
2002463,238776
2002463,6645991
2002463,470394
2002463,1112134
5577663,113389
5577663,251580
582463,1220285
582463,253327
2660063,367857
2660063,368092
2660063,3065592
3507269,46562
3507269,81868
3507269,685774
69,534
69,898101
69,34518
69,13100
69,65470
69,41
53672,444250
53672,290105
53672,7834
4980072,4211936
4980072,1178698
5496878,3407111
5496878,5988442
5496878,1517280
103285,8768921
103285,3028240
5007289,1859156
5007289,1133116
1201690,181928
7261700,6636051
492100,19836
492100,54603
492100,984752
548100,4325965
548100,195167
548100,53983
3154508,3154334
5294514,1349110
5294514,37562
5294514,152334
5294514,16252
5612114,3402
5612114,47344
5612114,18154
5612114,537352
3019314,175567
3019314,1215233
3019314,8111557
4504920,3033659
257732,37213
257732,226967
257732,15859
3332934,3332982
3332934,5463468
3332934,3333005
3332934,3332955
4689734,4076685
2705734,267705
2705734,8646807
2705734,1588798
439341,16270
439341,22009
439341,2339
778548,766351
6617748,6579956
6617748,6930932
6617748,7130124
4020148,1629776
4020148,4014648
350548,797152
350548,21647
350548,105897
4010555,542986
5408955,5408953
443372,195167
443372,654945
443372,3278172
92972,3475461
92972,63255
92972,145117
7373,120076
7373,1377203
7373,654392
7373,6708223
59383,59478
59383,59339
5000983,421420
1630587,60992
1630587,20817
1630587,13626
1630587,250883
1630587,534
1340198,1336634
8041798,6746950
153798,111967
153798,273356
153798,99625
4793007,4346391
620207,91789
620207,150373
620207,23803
1638607,2245865
1638607,2831267
717814,387021
717814,1124800
717814,451909
2871422,626186
2871422,677906
2871422,46115
1734630,437256
1734630,436976
2532230,5799167
2532230,13911
2532230,150876
2532230,565110
4686643,4193532
4686643,1781943
4686643,4806863
1767443,3482555
1767443,18154
1767443,78834
1767443,54889
2816243,296283
573051,1193600
573051,573028
573051,715824
7409062,3830
7409062,71074
2246662,5829484
2246662,10454713
2246662,90259
2246662,8774260
5524269,984286
7285069,107038
3898694,3898578
4628294,47250
4628294,962863
4628294,2461745
100294,18154
100294,99956
562696,705861
562696,562622
2416305,119478
2416305,2811600
2416305,654945
5727505,5727447
100313,400047
100313,100197
100313,1329059
330724,122649
330724,1349110
330724,696517
4021143,1767226
4021143,401121
987543,889003
987543,5542740
673944,2312145
673944,455843
1762744,4021143
1762744,451933
3061946,1506576
3061946,4670480
3061946,28009
3061946,1377203
7248369,7840743
7248369,7961269
7248369,4169888
4177169,4176466
1657183,4699833
1657183,53983
1657183,3401603
1910794,264408
1910794,1020097
1910794,47344
1910794,654945
3494794,1777745
3494794,295955
3494794,2174085
3494794,5994113
6185994,5994113
7594,5621444
7594,1367687
2067609,262452
2067609,5573321
2067609,671020
1916409,644539
159612,1006573
159612,72537
159612,4339
1899612,696369
1899612,8376012
1899612,239692
3030012,1781123
3030012,1628997
4152412,207909
4152412,264408
4152412,1205244
4152412,1450
4152412,2339
1852418,18154
94823,146694
94823,1055178
94823,52638
2422831,439376
2422831,451664
2422831,5400853
2422831,699030
4310031,94160
3979634,3067107
3979634,4215957
3979634,10099589
1519634,1474743
1519634,72537
1519634,222525
1519634,4343637
4542838,23234
650838,650888
650838,650864
118845,16619
118845,288368
118845,213358
118845,1083054
1892445,2186410
1892445,422508
1892445,499344
1892445,127653
1064448,69009
1064448,72537
1064448,379258
1064448,154799
26048,449108
26048,144649
26048,694931
26048,563371
4977248,29386
4977248,1876248
649261,269788
649261,69009
649261,16013
7470867,1326122
7666882,7951195
7666882,7102259
1419682,1220967
1419682,636805
1419682,1391007
3682,402826
3682,444485
1731688,713122
1731688,705861
2707688,1119807
3366101,3366012
3366101,96328
6831701,912989
3564501,4123828
3564501,91789
3564501,1064492
3564501,1064493
206104,4114793
206104,226967
206104,284688
1217304,1138784
1217304,625566
1217304,699872
563707,604991
563707,476814
563707,3152532
563707,802541
8302907,55021
3651728,7496
3651728,39895
1050141,377097
1050141,63991
1050141,64435
2633341,2363635
2633341,32405
2633341,119478
7590150,107006
7590150,217846
7590150,628991
7590150,2426921
5355757,4121408
1443757,196476
1443757,89404
1443757,62115
1443757,468
554957,554844
554957,69009
554957,23194
1049366,1049345
1049366,600080
1049366,661088
296580,18154
296580,484378
296580,5060779
4725380,3594741
4725380,5043743
670980,534
670980,291281
1353384,403299
1353384,89068
1353384,3402
1353384,407048
407796,4147991
407796,9584
407796,2339
407796,11255
407796,241784
4374196,1020167
4374196,402369
5707810,1178698
5707810,33975
153415,262890
153415,18154
153415,3402
153415,194943
539831,8766797
539831,8778928
539831,424649
4060643,4050075
4060643,2325006
4060643,7627002
5408643,744302
4228643,395353
4228643,1068032
7845454,7843576
919854,1021178
919854,244944
919854,403697
1295054,5339823
1295054,975744
1295054,1416246
1295054,3682898
338256,879418
338256,533454
338256,105897
532666,1835814
532666,137808
532666,48875
532666,272737
6788680,4076476
1083882,551023
1083882,401018
1083882,5603399
2428701,94978
2428701,3174444
2428701,1780242
2428701,1019187
97507,131443
97507,626265
97507,97220
97507,61048
1357521,1357520
1357521,5408953
727921,422008
727921,727904
727921,119229
739121,127943
291923,637034
291923,98759
291923,81750
291923,187303
3043123,45687
5496727,2435392
3375927,979719
680727,76009
680727,66732
680727,7748853
2416735,1033824
2416735,534
2416735,4672824
2416735,245477
889535,133331
889535,63189
4051952,6933776
4051952,5884496
7604752,1220285
7941559,3356265
7607159,53932
3321562,4694415
3321562,3296389
3321562,1505933
134381,1026453
134381,3087615
134381,545199
6816786,1638685
6816786,6689725
1814389,594698
1814389,2088965
785612,903853
785612,25953
620812,32571
620812,6532865
620812,185365
1867213,2963359
1867213,13950
1867213,1559749
1867213,10119657
528013,8777576
528013,2239325
528013,2239316
528013,29299
528013,52828
2803213,245002
2803213,4044718
2803213,52828
1515222,4408385
1515222,195167
1515222,1383005
1515222,3410084
1515222,4198246
729629,2689830
729629,1180034
729629,1180051
729629,1835814
729629,2704929
6624048,3892905
6624048,429285
6624048,8548358
6624048,2280657
7227269,7214749
7227269,7214759
7227269,7647017
27276,572000
27276,3273139
27276,40432
27276,8868540
27276,101856
291281,8799766
291281,1230106
291281,8765658
291281,10458505
689699,251983
689699,9169148
403299,1353273
403299,618733
403299,186348
411347,289663
411347,49908
411347,692728
3896147,1770031
3896147,16216
4952,8765975
4952,90259
4952,3596177
4952,1656719
7881758,4169888
7881758,8107764
7881758,8000901
681779,3036053
681779,5542382
681779,3962
681779,194943
681779,7125257
6737803,739147
6737803,1660317
6737803,1829866
6737803,94703
1206639,8762941
1206639,5063294
1206639,12852
1206639,197306
1206639,120835
4881840,4881864
4881840,4881853
4881840,4881860
4881840,1188700
4966657,7425088
4966657,2960715
4966657,3061946
2473877,1764725
2473877,787075
2473877,7207858
2473877,1210805
2473877,2894879
483507,5962876
483507,646502
483507,8809340
1893109,2112156
1893109,7333
1893109,646441
125113,7536345
125113,444485
289913,585004
289913,1150007
289913,10213521
289913,5416304
77129,654945
77129,92173
77129,195167
77129,2426894
840349,88990
840349,8816097
840349,919854
840349,2286949
70751,153590
70751,9785218
70751,250488
70751,227522
187556,90259
187556,1835814
187556,741939
187556,1037439
187556,272737
475569,5993506
475569,932104
475569,90259
30769,4123512
30769,1049548
30769,610412
30769,1122687
30769,10087509
7843576,294667
7843576,2458047
7843576,8815188
7843576,534965
1515582,1593159
1515582,6698509
1515582,7177310
1515582,195167
149182,694931
149182,426605
149182,90259
149182,59913
3296389,53767
3296389,4695118
3296389,4695161
3296389,1511521
3296389,1610499
1504402,7051
1504402,6899106
1504402,6841952
5840428,3174444
286830,4836999
286830,8765288
286830,52828
286830,7853377
3230832,1217280
3230832,1178906
7227632,10131169
7227632,7214300
7227632,7226612
7227632,7951021
1974832,1147472
1974832,502164
1974832,1974784
1165247,4123089
1165247,1563284
1165247,4349150
4578048,8765320
4578048,4578049
4578048,8767493
4578048,2163763
4578048,18178
2259681,9455427
2259681,9048530
2259681,2259740
1813332,8768070
1813332,616728
1813332,10503228
1813332,8767935
3152532,155928
3152532,295892
3152532,4080436
3152532,563707
722179,245463
722179,721768
722179,116162
722179,116092
10183,10593157
10183,3663304
10183,513590
2821383,1507186
2821383,4957545
5339823,10635770
5339823,1083684
5339823,6765063
5339823,5445771
176637,39365
176637,5967498
176637,1700607
176637,914319
176637,8956743
5797449,3001637
5797449,1329120
5797449,1336817
5797449,6936683
787879,284688
787879,26849
787879,561727
696679,2504345
696679,925418
696679,9085894
696679,710740
16701,69009
16701,195167
16701,563276
16701,4009236
3319109,4222868
4570346,120835
4570346,2702152
4570346,4238277
4570346,8900482
6579956,6821113
6579956,1336817
1719156,10264912
1719156,7293021
1719156,195167
1719156,8917363
299960,300394
299960,8766797
448763,25081
448763,103285
448763,224458
402369,8549022
402369,541092
402369,87875
402369,54447
402369,6651891
506372,10361498
506372,90259
506372,8764399
506372,5993506
4346391,4793007
4346391,9425877
4346391,804630
4346391,8773831
4147991,3399980
4147991,1019510
4147991,2702152
2800806,376742
2186410,572000
2186410,95105
2186410,1175715
2480828,962295
2480828,2482597
2480828,2139621
2535254,8908307
2535254,8292403
2535254,2535259
1751267,20432
1751267,1532653
1751267,1835814
655267,667564
655267,24501
655267,7142314
655267,72169
1202467,2358056
1202467,2358069
37716,37761
37716,448006
37716,37753
556121,550123
556121,556157
556121,32459
556121,480307
2306528,217798
2306528,2445658
2306528,1151541
2306528,2339
2764135,4196049
2764135,4681991
2764135,611415
3088956,427564
3088956,585131
5564158,5564178
5564158,10196860
5564158,1372079
468179,5918
468179,8767492
468179,39365
468179,20256
2119399,2341
2119399,9407824
2119399,8767492
842638,9489466
842638,90259
842638,3025505
692244,9017319
692244,8765658
692244,8766797
692244,256496
3335444,3335845
3335444,9041398
3335444,443463
3335444,3335934
3335444,3335635
1876248,2341
1876248,5673744
1876248,8248323
1876248,20256
1876248,8777526
122649,12928
122649,96648
122649,230798
122649,227612
4625049,8825218
4625049,1605681
4625049,116294
4625049,194946
1325873,20256
1325873,3145771
1325873,5043920
7943475,4248292
108292,39919
108292,13162
108292,8797606
108292,2523430
7735530,7748765
7735530,46562
7735530,7748669
453935,1605318
453935,6530576
453935,1605076
4339,12928
4339,3415141
4339,8765975
8001189,4790443
8001189,7248821
8001189,4790469
8001189,7226595
855616,1141566
855616,90259
522834,768884
522834,1206663
522834,2693194
522834,8987861
962863,581565
962863,4856378
962863,195167
962863,572000
2174085,3494794
2174085,4007441
2174085,8879414
2007694,604602
2007694,4114793
2007694,256955
2007694,1769451
2007694,72169
62115,1443757
62115,90259
62115,195167
62115,402826
1322,456022
1322,71968
1322,654945
1322,16013
4078123,8799766
4078123,1755442
4078123,445816
4078123,1605076
7878164,7879353
7878164,7879350
7878164,7879244
7878164,7879366
1063770,1629388
1042973,52828
1042973,2800898
1042973,1275307
1042973,2801082
8218973,6533558
1127823,8765658
1127823,8766797
1127823,3173099
1127823,8764421
1127823,39365
379031,1023204
379031,381349
1215831,1833034
1215831,140385
1215831,1833055
1215831,1833076
2847839,3025598
2847839,4836999
2847839,2958801
180647,1278373
180647,8765658
4387057,1048940
4387057,3924482
4387057,4387089
4387057,5665544
2662270,429497
2662270,2963505
2662270,39365
65470,430519
65470,1774360
65470,7312745
4177484,8898851
4177484,8824705
4177484,5692277
881531,90259
881531,4808329
17531,57284
17531,8765658
17531,8769494
17531,8769572
611138,8765658
611138,611415
667144,376735
667144,898647
667144,2811879
1859156,8769604
1859156,8767492
1859156,116617
1859156,4130167
423959,8916074
423959,9160028
423959,8786121
423959,1868008
4515159,3474620
4515159,8788944
4515159,2622901
8471971,6928074
8471971,4349150
8471971,8808911
2835207,63680
2835207,21392
649649,2764513
649649,3898402
649649,7493600
649649,5884111
2524852,4440597
2524852,1358914
2524852,39365
1132872,8968097
1132872,1806513
1132872,1835814
1132872,1806575
1132872,4007675
1132872,8767935
1536119,1753035
1536119,7790603
2816134,296283
2816134,782736
2816134,753374
138,715824
138,361
138,1296686
4566545,1043977
675359,685774
675359,4531652
675359,675312
4963365,1516333
4963365,494508
4963365,685774
8278584,1313597
1558617,3203362
1558617,1552153
1558617,3319163
1558617,3407072
1558617,4503740
374646,7375
374646,374666
374646,7177310
374646,374721
374646,8858704
445140,92173
445140,16013
445140,195167
445140,53983
445140,654945
7222828,4169888
7222828,7923547
7222828,7951021
198833,716556
198833,198623
198833,1108416
198833,560533
995681,90259
995681,1264159
995681,1986926
3430899,7496
3430899,94160
3430899,134729
3430899,3430871
3430899,4397906
7786144,296144
1069397,1515936
1069397,11539
1069397,688444
1299801,7790603
1299801,740554
1299801,2136
1299801,979719
1299801,2339
4695161,71143
4695161,3296389
1706400,2339
1706400,1654864
1706400,995017
1706400,3417
1383203,2920221
1383203,35981
2132032,2132027
1143252,45484
1143252,537352
4330453,4330496
4330453,7951021
4330453,4169888
2845674,150808
960891,870887
960891,741272
960891,2761722
960891,769128
5757722,5574361
1956138,3341222
1956138,669171
1956138,6769617
1568954,1706368
1568954,455843
1568954,1783557
116162,8941613
116162,722377
116162,714348
5549772,5542740
1066587,1066106
1066587,2694018
2151404,563367
2151404,1193600
602605,8911807
602605,928428
602605,1332684
602605,3204818
55480,71968
55480,3203362
55480,654945
55480,20194
8573897,1607419
1329120,1206455
1329120,1328995
1329120,6863805
2065131,450018
2065131,536683
2065131,420888
935586,245828
935586,423282
3335635,3589392
3335635,3335444
7604437,2314413
7604437,415856
2897252,113393
2897252,284688
2897252,127653
2897252,3342059
4458919,2172921
4458919,4021231
4458919,3481333
3396541,2768051
5796541,8079
20554,90259
20554,2421998
20554,1723659
20554,946742
116617,1073951
116617,47344
116617,2395800
6910247,1291486
6910247,582249
6910247,5716314
6910247,6618473
1435079,547264
1435079,1329059
1435079,536868
1435079,534813
231890,101856
231890,8766797
407894,192549
407894,140385
7639907,7923547
7639907,4169888
7639907,7958824
7639907,4330274
7639907,8107764
5758310,3887
5758310,950816
5758310,200408
4455910,4122807
4455910,5501244
100710,100591
5665544,5662790
5665544,6701271
3182344,288368
6772777,1643110
6772777,217798
6772777,1381663
2868821,16890
4193629,456022
4193629,269788
4193629,262837
4193629,16013
3249732,1150777
3249732,407048
3249732,1846453
5800179,8079
5800179,7089269
628991,444485
628991,1087255
628991,1502641
1381086,1322
1381086,2069920
1381086,2123921
1381086,7061817
3173099,2136
3173099,3887
3173099,2339
3173099,1340935
33902,122557
33902,1125328
33902,119446
33902,2848344
33902,34050
4808317,881531
1838781,56771
1838781,992153
1838781,1838660
2139621,2480791
2139621,186348
594031,1358914
594031,662543
594031,1358820
8002114,7951195
8002114,4169888
8002114,7142304
8002114,7102259
8002114,7141880
8002114,7676547
98136,54545
98136,97220
98136,129067
98136,1624934
962138,5994113
962138,962133
962138,280514
962138,296144
664557,124660
664557,684550
4526962,43558
376580,151204
376580,797152
376580,376558
3416611,3948694
3416611,3416241
3416611,3415341
3416611,3415031
3416611,1779847
568615,283103
568615,94955
568615,740554
568615,149182
6936668,295062
6936668,7622800
6936668,130275
6936668,6882672
5512703,5513035
5512703,4169888
5512703,8107764
376742,904889
376742,1470255
376742,121335
376742,2800801
4898353,856172
4898353,96853
4898353,1629776
3413558,3413465
3413558,620121
6533558,1140487
6533558,1171916
6533558,6528612
6533558,1720786
15291,1757214
15291,32571
15291,402826
15291,1755442
127334,52262
127334,125113
127334,196780
127334,534
127334,3174444
3596177,5459705
3596177,2788733
2089009,2088965
7961014,8107764
7961014,7958824
7961014,8000160
7961014,5513035
8565873,1692939
5692277,1953698
562677,562622
5349886,1192786
9164,3517873
9164,9116776
9164,444485
9164,9209421
1817203,35792
1817203,1323275
1817203,3417830
3234822,89068
3234822,40415
3234822,44057
3234822,504473
5922925,5914783
5922925,203356
8694126,8694062
956526,115081
956526,187921
956526,1377203
3100572,1815506
4230206,195167
4230206,16013
4230206,6576459
7289567,2524649
7289567,2307378
1628784,34607
