640022,63680
640022,694931
2927487,760
2927487,2972603
2927487,8767428
2927487,1542389
1020167,2465603
1020167,4042323
1020167,4000297
45687,1019090
45687,45642
45687,1020040
45687,2894691
45642,45687
45642,45602
45642,240115
45642,45690
45642,1033013
2465603,3117289
2465603,16270
2465603,1020167
2465603,98209
2972603,2927487
4042323,4039526
4042323,71143
4042323,4680740
667144,376735
667144,898647
667144,2811879
53767,92173
53767,3387521
53767,195167
53767,72537
45602,45642
45602,1835814
45602,2702152
45602,1019812
131882,386077
131882,131212
131882,1559358
131882,2347962
131882,242642
3402,6565450
3402,2363940
3402,2238339
255142,165134
255142,914319
619142,3435195
619142,6563651
619142,6565450
619142,1502641
195362,1087255
195362,2831267
195362,1353273
3123402,1366920
3123402,13950
3123402,2062791
7790603,1591036
7790603,7798033
7790603,3377763
7790603,4020700
7790603,4515956
455843,185365
455843,2290584
455843,13950
455843,1208690
3400923,9878011
3400923,8802555
3400923,729937
3400923,4042323
3400923,7814524
47164,185365
47164,2831267
47164,6565450
47164,1087255
650744,3252547
650744,1507186
650744,1951077
17467,80586
17467,1053383
17467,3184862
17467,8783337
34607,1629388
34607,79066
34607,13650
34607,113956
148147,1050186
148147,1206455
148147,694931
148147,63680
195167,53767
195167,185365
195167,1353273
2325187,4198246
2325187,4438063
2325187,2062791
898647,5511859
898647,1570161
898647,7256569
898647,1425650
898647,10762004
898647,1904231
1755442,654945
1755442,3387521
946742,946311
946742,4133508
202442,505475
202442,947468
202442,913203
202442,53983
32182,641757
32182,534
32182,740554
32182,512404
32182,1873929
242642,78834
242642,79914
242642,113358
242642,16013
427383,90323
427383,654290
427383,1835814
4438063,2325187
2437823,441521
2437823,70779
2437823,98209
3377763,7798573
3377763,5993506
3377763,6747228
3377763,9275933
4186764,25659
4186764,194821
4186764,292425
4186764,18154
1985864,1751240
2290584,3278172
2290584,1769451
2290584,455843
7814524,3400923
1686227,420756
1686227,6701981
2831267,6528612
2831267,2441411
2831267,654945
111967,1889547
111967,107656
111967,3402
3252547,650744
645147,63680
645147,59913
645147,90259
1544127,22297
1972887,217659
1972887,2183768
1972887,3402
1908487,1033013
456022,53767
456022,1353273
456022,1087255
456022,1502641
456022,8469191
5988442,293745
5988442,5951741
3186102,3494226
3186102,2108946
3186102,4196049
512102,4624742
512102,982057
512102,3492939
570702,1770031
570702,4042323
570702,1297387
48042,1870756
48042,1353273
48042,1087255
3403,7907844
3403,194943
3403,563276
3403,11230838
407603,155474
407603,90259
407603,3188882
407603,407326
913203,4474872
913203,260596
913203,8973030
913203,194943
913203,9929
194943,3474181
194943,6565450
194943,2831267
194943,1353273
109743,109418
109743,700227
109743,620791
540303,1463370
540303,8121005
540303,2121789
540303,7496
1546283,1295713
1546283,697110
1546283,21828
1546283,2098853
4243803,681819
4243803,3231571
4243803,2280603
4243803,1705394
4243803,1329150
150183,9626706
150183,653771
653243,1046691
653243,113956
653243,36905
53983,195167
61443,3153584
61443,3153065
61443,214931
61443,8765288
90323,379322
90323,729898
90323,12646
90323,424531
671304,534
671304,667832
671304,383874
451664,2422359
451664,166243
451664,2422396
3174444,579450
3174444,5847387
3174444,1213787
3174444,10530218
1290964,1171916
1290964,4996497
1290964,113827
1290964,536868
1290964,80586
297064,8816097
297064,2018550
297064,8766797
297064,8795576
621804,2386995
621804,53767
621804,3885905
15744,1208690
15744,6609909
15744,2290584
15744,3348139
15744,4082580
502164,584597
502164,1356522
243824,101856
243824,624719
243824,113956
243824,2137454
1054607,1196412
1054607,1228809
1054607,259924
1054607,272737
1889547,3327055
1889547,804630
1889547,6930905
226967,1161997
226967,444485
226967,53767
186347,9558132
186347,3346512
186347,1639024
186347,263328
3911247,4681991
3911247,1291740
3911247,3390317
955727,1383005
955727,5474370
955727,5398459
955727,1499051
3204407,1485124
3204407,1219189
580962,253327
580962,175020
379322,571031
379322,90259
427702,2175663
427702,694931
427702,90259
427702,9359979
1535562,1535373
4860062,2811600
4860062,2441411
4860062,18154
4860062,47344
15322,1042949
15322,3885905
15322,1533925
15322,6532865
4025342,3596024
4025342,1369086
4025342,3407111
4724962,635810
4724962,1424
4724962,447791
4624742,292862
4624742,606646
7956882,2701051
972762,113620
972762,495817
972762,933615
972762,17389
3222022,1329196
3222022,25953
3222022,8765317
3222022,90259
3188882,1423964
3188882,17467
2647242,376971
2647242,5586401
2647242,3402
2647242,284688
4848322,954075
4848322,7735448
4198422,71968
4198422,1293434
4198422,16013
1356522,877638
29862,1084289
29862,90603
29862,3199230
227522,16013
227522,630439
227522,78834
1071982,1112774
1071982,4018
1071982,3887
1071982,135083
1071982,1815835
8149922,8121005
13162,262837
13162,69009
13162,456022
13162,493566
4195942,1293434
4195942,4114793
4195942,25659
4195942,619088
4043402,5987848
4043402,4124469
4043402,1980728
4043402,1191839
166243,451664
166243,873602
166243,148737
166243,411131
108363,109011
108363,1330289
108363,107301
108363,606646
4060643,4050075
4060643,2325006
4060643,3117289
4708343,3441
4708343,267705
4708343,1354332
1528223,72537
1323203,256955
1323203,2339
1323203,294603
411343,4934901
411343,4935713
411343,1221572
411343,4936419
1191063,670438
1191063,77960
1191063,919496
1191063,79914
740104,16013
740104,69009
740104,92173
194024,33234
3590364,238898
3590364,655157
292004,3305762
292004,16013
292004,69009
292004,195167
1721384,3116438
1721384,232214
1721384,639413
3153584,61443
1639024,49908
1639024,1638790
1639024,186347
7907844,1753610
7907844,3403
681804,1518994
681804,1628997
681804,1781123
681804,1329165
946684,3402
946684,654945
946684,269788
8754404,8357660
1689444,1007092
1689444,2106748
1115164,90259
1115164,39365
1115164,8765317
1115164,8783560
1115164,2341
1485124,2185299
1485124,3204407
1485124,1346940
1485124,90276
1942744,6580376
1942744,1184909
662504,2417566
662504,221001
662504,2417531
662504,13950
655204,621666
655204,18154
655204,16013
655204,2811600
4020544,3365969
4020544,3365634
4020544,4046390
4020544,3365711
932104,1769451
932104,932008
932104,2764513
3410084,4114793
3410084,1739255
3410084,47164
3410084,284688
3410084,2764513
2258544,386457
2258544,151130
2258544,8079
2608864,248468
3144027,6537029
3144027,6863805
3144027,3087615
3144027,2280606
3144027,4628280
4020907,49908
4020907,1424
4020907,1381805
4020907,230447
4013547,4012070
115927,238243
115927,97279
115927,19836
115927,70936
115927,718460
8607,99104
8607,621804
1518987,385294
1518987,184207
1518987,72537
19887,99075
19887,125221
16147,3384159
16147,2831267
16147,645415
547247,3402
547247,455843
547247,565734
547247,40474
4152447,1292980
4152447,3400923
4152447,186361
1297387,34819
4875227,1494022
6692227,7279836
6692227,72169
6692227,47344
700227,9079712
700227,59913
700227,3508308
700227,9322101
4230367,47344
4230367,2842559
4230367,269788
4230367,18154
4230367,456022
5847387,18097
5847387,3174444
1426227,69009
1426227,71968
6716367,195527
6716367,18154
6716367,3402
3088507,2339
3088507,25659
3088507,6608006
3088507,213358
1576462,9524405
1576462,214931
1576462,8828299
1576462,8822567
215102,9671920
215102,198990
215102,90259
604602,1502641
604602,4966222
604602,457715
604602,53767
335082,8785792
335082,95845
335082,3148262
5479602,1290997
5479602,429236
5479602,386249
5479602,2117046
5479602,195167
1320082,4222868
1320082,39365
1320082,13950
1320082,20256
4890682,907135
4890682,6841952
4890682,2474484
7187482,1629776
28882,444485
28882,53767
28882,2561177
1516102,619479
1516102,5331020
1516102,4229533
1516102,2646424
292862,4192743
292862,595058
292862,53767
384662,467963
384662,412416
384662,242085
174982,595058
174982,13950
174982,4908616
174982,1148622
46562,8789176
46562,7756818
117602,1332536
117602,655204
117602,13950
117602,7202490
1559002,1559023
1559002,1092471
1559002,90259
62402,113159
62402,3782763
62402,28337
7627002,239748
7627002,9272111
2767362,4212992
2767362,4686805
56382,1087255
56382,2363940
1494022,52828
1494022,1493248
1494022,4875227
1494022,1493372
1494022,986824
45402,28337
45402,1631339
45402,90259
913362,53767
913362,6609909
913362,4082580
554842,1522863
554842,90259
554842,1140586
554842,300626
554842,10177297
141222,90259
141222,380961
141222,971504
141222,8767492
141222,116144
94703,6610101
94703,496206
94703,937937
94703,3402
94703,119446
654063,24501
654063,2247775
654063,3402
654063,76652
976863,3955247
976863,2963505
976863,724589
976863,1276042
976863,8768921
233643,233783
233643,8839792
233643,218127
294603,7214963
294603,293077
294603,3332872
294603,5768158
2175663,427702
2175663,420786
4082263,9826329
4082263,4082553
4082263,4864149
2323,46805
2323,1353273
2323,444485
2323,1149365
2323,6707390
1377203,195167
1377203,1161997
1781123,5884571
1781123,370051
1781123,3942747
1781123,8914586
1433683,604602
1433683,284688
1433683,3589428
1433683,61728
238243,5893681
238243,4860062
2168783,534
2168783,2168726
5473783,230447
5473783,195362
90603,3990503
90603,239126
90603,29862
6963,1087255
6963,53767
4583,1208690
4583,185365
4583,53767
3682963,4042323
3682963,3390909
3682963,5380549
796663,4860062
796663,572000
796663,2831267
2397063,4126841
2397063,3379298
2397063,1149365
2397063,625914
2397063,4013874
3319163,9159287
3319163,4518160
3319163,1328902
6851463,1074072
6851463,6841952
23803,202580
23803,15874
23803,917231
13643,13616
13643,684545
13643,468
263224,8916369
263224,448429
7744,402826
7744,10777398
7744,6176543
16464,1850197
16464,1483123
16464,1313233
1746744,693950
376904,1835814
376904,803284
70704,8433197
70704,2881178
70704,28337
536844,8787588
536844,407326
536844,717999
7259044,1017590
7259044,6906510
7259044,3125663
7259044,8808018
1423964,52828
1423964,9986660
1563284,740554
1563284,1165247
1424,2363940
1424,185365
1424,1192557
1424,53767
22464,99625
22464,263328
22464,186348
22464,8765658
427564,8765712
427564,228189
427564,3166295
427564,5410065
690724,9532076
690724,90259
214324,1019629
214324,2894691
214324,13024
6623784,8765041
6623784,8767492
6623784,7086082
6623784,17774
45484,7479596
45484,3455868
45484,402012
45484,8765658
3335444,3335845
3335444,443463
3335444,3335635
99104,70656
99104,3292161
99104,8607
99104,1742297
405344,195167
405344,626842
5987824,4043402
5987824,4124170
3596024,4024136
3596024,3898213
3596024,4456501
3596024,8773831
293664,5469625
293664,3039347
293664,1331854
293664,3162552
151424,90259
151424,2804863
151424,7708470
674964,667832
89404,654063
89404,3663304
89404,11157294
130504,14737
130504,79914
130504,5819
130504,241768
1526144,72537
1526144,5500692
1526144,8829791
1526144,6847189
1526144,5500675
191264,39365
191264,90259
191264,8791812
518927,90259
518927,8764421
518927,8763510
35987,101856
35987,8773230
35987,41429
951427,3225003
951427,195167
951427,70174
1613127,1612803
1613127,665507
5324767,1349110
3480067,3480103
3480067,9194637
3480067,3480139
658207,8765658
658207,99625
658207,1366920
1283307,1171777
1283307,685643
1283307,25659
1283307,3506351
3039347,4013874
3039347,3356170
1610867,90259
1610867,4349150
1610867,1140586
8472687,7132008
8472687,9081072
8472687,5438235
8472687,7131895
184207,907898
184207,9155949
184207,4179417
184207,7295061
4122807,3905667
4122807,4456501
4122807,8773831
2401667,729898
195527,444485
195527,2831267
195527,595058
4402927,5483701
4402927,5483518
4402927,2461098
4402927,5483448
2826827,925418
2826827,2504345
2826827,2508524
253327,5703243
253327,25695
253327,582703
253327,8906553
230447,5475141
230447,185365
3487867,9982719
3487867,4799528
3487867,5727505
3487867,1287813
379807,90259
379807,4567392
379807,1577450
3887,2831267
3887,2363940
3887,6565450
4159707,4159716
4159707,2108946
4159707,10045201
253507,8766797
253507,5968764
253507,233734
253507,2766394
38002,739758
38002,384366
38002,47344
38002,196701
38002,3887
2457982,11104759
2457982,3030619
2457982,4123710
2457982,11104744
2457982,6930300
516942,8652785
516942,54603
91802,1087255
91802,2831267
91802,2363940
969922,9318537
969922,9140707
969922,41557
969922,367925
969922,116294
13582,913602
13582,101856
13582,187830
13582,90259
13582,2557516
13582,13650
1382622,194943
1382622,69009
1382622,47344
1210502,215102
1210502,79647
1210502,2339
3237222,18154
3237222,456022
3237222,195167
3237222,269788
4279462,441220
4279462,2058398
722922,616620
722922,3402
722922,161349
722922,46232
722922,142664
4455682,4122807
1328902,92173
1328902,1369086
1328902,4025874
1328902,604717
1720842,639413
1720842,383886
1276042,1463370
1276042,712956
1276042,45484
4669122,5421029
4669122,6863622
4669122,1907605
4514282,39365
4514282,8814089
4514282,3681790
4510642,1178906
3420622,3417830
3420622,7627002
2423942,3345359
2423942,2445658
2423942,3498816
1322,456022
1322,269788
1322,71968
1322,654945
1322,16013
3148262,335082
2086082,599762
2086082,258845
2086082,49908
1735242,2136
1735242,120076
1735242,213358
1735242,1843759
2692082,700058
7086082,6618449
1588922,1329059
1588922,10731038
626842,69009
626842,565734
626842,3402
520782,2171137
520782,8472687
4722042,374734
4722042,1818004
4722042,1541072
1148622,125577
1148622,16013
1148622,421648
1148622,43835
1148622,455843
2068862,13100
2068862,58200
2068862,262452
2068862,4137628
4966222,932733
4966222,462753
4966222,444250
4966222,604602
1483123,16464
1483123,1162175
1483123,422626
662703,240156
662703,226967
299323,3365711
299323,297447
1876863,3821398
1876863,2339844
1876863,2848344
1876863,1349110
1381663,1355429
1381663,257986
1381663,734759
4686143,181455
4686143,1970686
1522863,72537
1522863,218509
2785043,1515658
2785043,23803
3091763,4414474
3091763,7062730
3091763,3087615
2277763,7790603
2277763,294603
3480103,3319163
3480103,3480067
3480103,558519
6753123,7744
6753123,121193
6176543,5994113
2056963,8096430
2056963,700166
2056963,30820
2056963,1663167
2056963,536850
443463,249546
443463,3335444
443463,699756
443463,4154428
3396483,2137454
3396483,455190
3396483,400047
1908323,4082263
1908323,5675681
1908323,1143112
8361163,2321337
8361163,16464
7214963,294603
4080623,1147472
4080623,43129
4080623,1706368
4080623,3711985
251943,2389987
251943,15009
251943,2441411
5703243,2467151
5703243,8096430
4630503,1805261
4630503,127653
3225003,951427
3225003,4014648
2378763,1927430
2378763,387743
283103,415743
283103,90259
283103,13950
283103,568615
4013063,4012070
2317603,603181
1608863,780325
1608863,645143
1608863,783320
1608863,641600
3062543,1239552
3062543,4679670
3062543,2647922
3062543,7293021
3062543,2312128
4154443,72413
4154443,56668
4154443,4154428
4154443,1192786
4154443,3676358
4154443,68961
2779003,1208690
2779003,1590968
2779003,6930781
2779003,2152929
1612803,8765359
1612803,9218828
1612803,12852
1612803,4525963
1612803,654544
4192743,3402
4192743,91789
4192743,444842
662543,1381805
662543,3417
662543,635810
467963,13626
467963,684550
467963,19836
1186643,3387521
1186643,195167
1186643,2169240
1186643,69009
3782763,7496
3990503,23332
3990503,4385541
3990503,422829
3990503,34926
3274983,2630910
3274983,2283
149923,29424
149923,272737
149923,140417
149923,424018
4687563,4352767
4687563,1788601
685643,3372559
685643,595058
3125663,3125661
421943,694931
421943,8778825
421943,90259
421943,207120
4418703,133986
233783,5994113
233783,534
233783,233643
233783,145224
582703,253327
2804863,25659
2804863,292862
6835283,1202400
6835283,2496105
6835283,6834610
7803783,4020974
1765403,1083123
1765403,64406
3393983,3393663
3393983,1381805
1559023,1559002
1236984,492050
1236984,2387451
116144,144649
116144,99955
1762744,451933
1762744,4021143
2907744,249342
2907744,3488239
2907744,451645
2907744,800481
2508524,186347
5968764,1815479
5968764,3001645
5968764,467401
5968764,119439
1967124,3948694
1967124,44506
1967124,3403
629944,7496
629944,91155
629944,32405
629944,4018
8465024,216481
8465024,196476
768884,6640
768884,979532
2474484,10296930
2474484,6928840
2474484,10197847
92584,99075
92584,2339695
92584,116092
92584,29462
3384764,195167
3384764,1704733
3384764,194943
3384764,16013
1227544,4942366
1227544,3402455
1227544,4941731
1227544,1470950
1675884,3199230
3663304,534
3663304,429194
3663304,953063
3663304,7496
986824,4652
986824,3365711
986824,986264
986824,661420
13024,214324
13024,1062836
13024,513679
803284,232214
803284,376904
7041564,89068
7041564,6586106
1535584,1535373
2646424,117992
2646424,92173
2646424,3417
2646424,3387521
6507544,203356
1840544,245153
1840544,23297
1840544,99075
1840544,85644
677504,626265
3338704,2885122
3338704,40415
3338704,121193
29564,232214
29564,15770
29564,4960
222444,70174
222444,10185932
2716564,456022
2716564,269788
1098304,122442
1098304,4661605
1098304,903968
1098304,620791
1584287,116092
1584287,23074
1584287,2934104
1700607,1377203
1700607,16431
1700607,4018
1700607,1007470
48687,6640
48687,384662
48687,1581161
48687,256955
8573207,2134773
3955247,2694018
4530167,739758
4530167,4530532
3332067,267705
3332067,2474427
3332067,37416
739147,4123771
739147,2280648
739147,4123828
739147,119446
4130167,1090484
7880267,4908817
3942747,5987848
3942747,4123632
3942747,60679
3942747,3719797
3379487,2285953
3379487,97173
218127,69961
218127,345725
6833467,1720
6833467,3202311
114747,208063
114747,114740
114747,15009
481507,7496
2395587,186901
423407,256003
423407,8596
423407,34194
423407,177246
423407,187814
423407,145201
288407,3887
288407,39895
288407,2339
288407,982276
3905667,3438399
3905667,6830009
3905667,48094
46827,25697
46827,6231
46827,68532
46827,46643
46827,115081
665507,2021021
665507,1355345
665507,1315556
665507,5708166
119067,411343
119067,995017
119067,1677554
2173127,39365
2173127,9805638
2173127,9086177
2173127,9536440
3067107,2206856
3067107,3948694
3067107,3979634
4959487,1249658
4959487,44057
4959487,46115
4959487,55511
7593027,1515658
4696487,4696473
1562587,283025
1562587,1149197
1562587,125686
1562587,684550
1562587,79137
1165247,1563284
1165247,4349150
3200627,3049950
400047,69009
400047,54476
400047,194943
400047,1499506
400047,455843
3487,2831267
3487,1087255
3487,6618412
3487,6565450
888042,8764421
888042,121647
888042,995849
888042,134894
122442,94703
122442,671304
2672782,6893786
2672782,1508908
2672782,54447
2672782,9017521
1220602,8975279
1220602,2266143
1220602,8843454
1220602,2265543
176542,84486
176542,3991229
176542,13950
6863622,9031564
6863622,6923266
6863622,10731162
6863622,6618385
6863622,8944342
1382722,111498
1382722,158511
1382722,4329061
1382722,111415
782,407326
782,299982
782,108646
782,8765712
782,90259
1239762,535351
1038422,1459086
25442,53767
25442,5475141
25442,185365
25442,2363940
1314582,39895
1314582,1156508
1314582,2713410
2885122,620759
2885122,3338704
2885122,195167
2885122,16216
2095362,8820670
2095362,1493801
2095362,1050108
599762,3384754
599762,2086082
599762,2321219
913602,165134
913602,197306
563302,78684
563302,14737
29462,221427
29462,569359
29462,2070981
29462,101856
210982,8822466
210982,8766797
210982,1584061
210982,211133
644982,8766797
644982,1835814
644982,8767688
444842,53767
444842,1161997
444842,444485
482902,8763538
482902,8764922
482902,7813839
482902,4659515
482902,5993506
697622,1611762
697622,8765894
697622,1207159
697622,8774597
697622,8767246
14782,195167
408202,424140
408202,99117
408202,226278
1563162,91295
1563162,90259
1563162,3365626
2926902,1117639
2926902,9270119
2926902,2962506
2926902,121335
2926902,2961967
412462,7496
412462,78539
3899482,598934
3899482,4685333
3899482,1610499
3899482,3407072
151522,39365
151522,39241
194582,1087255
194582,62232
194582,8337309
194582,618733
781322,8780760
781322,981191
781322,90259
127522,8815093
127522,448429
127522,1160220
127522,8793438
376822,7239707
376822,8763510
376822,3153065
4224902,2342701
4224902,230447
4224902,3470993
6930622,9281403
6930622,3327620
70862,79066
70862,4000297
6535782,4124170
6535782,6820914
54603,1055611
54603,4042323
54603,1202051
54603,16466
54603,92325
16383,15574
16383,5773
16383,16890
22603,8773911
22603,7479596
2114883,26409
46643,7529636
46643,53767
46643,1071982
46643,402826
441663,9329281
441663,925418
441663,2963505
441663,5894646
38963,1143621
38963,176089
38963,2443949
239643,8768055
239643,239726
239643,6929300
239643,8778144
2283,10087509
2283,195167
2283,4009236
131443,4000297
131443,903853
131443,8797606
131443,90259
4530083,4792457
4530083,129097
4530083,8945387
4530083,1483160
47743,572000
47743,195167
47743,53767
47743,2131598
2608423,1143112
2608423,15744
2608423,248468
2497003,76652
2497003,994515
2497003,2339
4976703,8827134
4976703,215690
4976703,4456501
186623,90259
186623,1835814
186623,426605
2635003,203827
2635003,3370257
3393663,3393983
3393663,3393958
3393663,9562346
3393663,1656316
127943,207120
127943,739121
127943,739147
239543,11134738
239543,5842267
239543,547587
239543,599750
1956183,1949834
1956183,1815835
1956183,241998
4021143,1767226
4021143,401121
4021143,9672
557943,1503598
557943,3162552
557943,232153
557943,2441411
5470723,2275016
5470723,121335
5470723,8825895
5470723,574187
2151763,8948795
2151763,2345795
2151763,2151907
4525963,43558
4525963,23779
4525963,297308
4525963,7790603
4525963,3356265
208063,1835814
208063,2121988
208063,1519116
208063,208041
208063,2121981
1083123,67165
1083123,380011
1083123,9653
1083123,1162339
645143,59913
1329703,1329780
1329703,2137432
1329703,9113575
415743,7496
415743,423599
415743,99955
415743,415724
4613183,8764399
4613183,1489092
4613183,946742
4613183,57284
1064963,1513133
1064963,6825768
727943,727904
727943,658928
727943,240355
195563,4868634
195563,53767
1262543,26409
1262543,712956
4650363,1952328
4650363,4631469
387743,26085
387743,694931
387743,29564
1817203,35792
1817203,3417830
1817203,1323275
80223,93503
80223,8942126
80223,1146628
80223,1494853
448283,90259
448283,448347
448283,1836011
2067127,3291389
2067127,2274152
2067127,90259
21647,350548
2485887,6656
2485887,115081
2485887,89404
1386627,2783978
1386627,2183863
1386627,994903
963047,1444372
963047,2825321
963047,8627265
963047,1686227
79647,1502641
79647,3384159
79647,185365
5437407,744019
5437407,8764399
5437407,8446664
3167807,8783560
3167807,39365
3167807,20256
3167807,6923406
3167807,1529180
663747,221469
663747,1231014
81367,8766797
81367,933301
81367,8767688
389007,695330
389007,696517
389007,418594
389007,641600
389007,783320
565567,3086621
565567,629661
565567,2474484
565567,2397298
2474427,6533980
297447,39365
297447,299224
297447,5847387
297447,298611
2539467,1196285
2539467,2119401
2539467,39365
2539467,5374250
1519787,39365
1519787,8928597
1519787,2131968
1519787,72537
442767,566435
442767,658928
442767,251511
682587,998105
682587,723476
682587,443696
4669667,6893786
4669667,4130167
1663167,8787588
1663167,109743
1663167,8878438
22427,116294
22427,246489
22427,189751
22427,198990
258507,4421365
258507,1656168
258507,667564
258507,565734
402267,9750623
402267,202200
402267,9750697
1697127,2317943
1697127,2236834
1697127,90259
1697127,165134
1697127,6841526
727907,727904
727907,1835814
727907,3168483
727907,90259
1164887,8768055
1164887,39365
1164887,9003114
1164887,215690
4352767,7814415
4352767,4687563
4352767,10355502
2786747,90259
2786747,1438320
2786747,9657863
2786747,2786770
2786747,8937127
65187,1087255
65187,4210226
65187,3297547
65187,2831267
3389087,195167
3389087,7580146
3389087,11039854
3389087,7375
4221927,2341
4221927,8764922
4221927,928851
4221927,39365
7442467,8794296
7442467,946742
7442467,2168783
432567,10074101
432567,992153
432567,68990
432567,10074070
134367,29424
134367,12852
134367,90259
134367,8813417
134367,40432
3587627,5470692
3587627,4684286
3587627,2790043
3587627,1517280
4699087,4669122
4699087,71968
4699087,1513133
4699087,439290
4699087,8814602
1019187,2430063
1019187,2430171
1019187,2430100
