3052561,60679
3052561,1020167
3052561,2206856
6559672,2339
6559672,3417
6559672,1385889
992153,89068
992153,119478
992153,3402
59913,376558
59913,63680
59913,152601
59913,451645
59913,696517
59913,233311
59913,59896
893901,388590
893901,90259
893901,9783234
3387521,1755442
3387521,536868
3387521,53767
3387521,195167
1838781,56771
1838781,992153
1838781,1838660
16013,185365
16013,32571
16013,1087255
16013,6565450
1033013,52828
1033013,272737
1033013,1908487
904313,8765658
904313,8770017
904313,187830
904313,6929300
92173,429236
92173,1502641
92173,53767
1570161,697477
3350321,1535077
3350321,1194699
3350321,241998
3387261,2169240
3387261,195167
3387261,3278172
1502641,92173
1502641,654945
1502641,195167
1502641,16013
66341,635810
66341,66373
66341,6537029
107301,109311
107301,109743
107301,8806232
1295713,1546239
1295713,59913
1295713,63680
1295713,1546283
1018333,421136
1018333,5988442
7798033,7790603
971533,18097
971533,933615
971533,83950
1353273,456022
1353273,195167
1690101,165134
53881,8604068
400861,8945697
400861,729898
400861,59913
400861,729657
19141,1559358
19141,125520
35281,6716367
35281,579450
3619541,52828
3619541,8767493
3619541,8765317
3619541,8767492
3619541,448741
6701981,681804
6701981,1323203
6701981,4133446
6701981,13091
2172481,2878948
2172481,4042323
2172481,9340226
441521,120835
441521,78945
441521,1043230
25953,33214
25953,3222022
25953,54576
25953,194024
7798573,4014458
7798573,7790603
1382473,429236
1382473,195167
1382473,4441745
1382473,46805
1389753,2701977
1389753,8765167
1389753,2702152
1389753,90259
66373,4011401
66373,66201
66373,66341
66373,9227412
932733,94907
932733,2960715
932733,7425088
932733,2960532
7319341,7744
285421,1087255
285421,185365
285421,1463261
4011401,1970686
4011401,66373
5475141,3402
5475141,2136
5475141,262837
5951741,8096430
5951741,238793
422701,933615
422701,34194
4456501,4122807
419981,1385601
419981,3119
419981,419833
419981,34194
1826821,3402
1826821,2063809
1826821,150050
3474181,72413
3474181,161349
3474181,3629236
3474181,194943
3474181,199122
1897661,417252
1897661,140551
1897661,487815
3898021,3897925
7293021,284688
7293021,2001501
7293021,7292441
7293021,3887
24501,429236
24501,655178
24501,654063
3335461,2323646
3335461,637220
789581,682931
789581,152879
3389261,47344
3389261,71968
3389261,3417
3389261,16013
1287813,3487867
1287813,2811600
1287813,654945
1610953,1610867
1610953,690724
508113,90259
508113,5993506
508113,8765712
508113,8763510
508113,1210805
8440453,2856629
618733,69009
618733,194943
618733,47344
618733,18154
1168913,4130434
1168913,707151
1168913,4247589
217713,47344
217713,654945
2098853,1546283
2098853,52828
2098853,1835814
2098853,8765136
1781693,630439
1781693,194943
1781693,4171634
1781693,654945
5994113,3885720
5994113,6293126
5994113,7381951
5994113,1022512
655793,626265
655793,903968
655793,384662
655793,684550
221001,16013
221001,694931
48221,3384159
48221,1360413
48221,1208690
48221,185365
82541,404806
82541,90259
1463261,3402
1463261,119478
1463261,3151370
1493801,81092
1493801,1492397
2001501,1502641
2001501,3387261
2001501,195167
2001501,429236
121241,121526
121241,121335
121241,954170
121241,1835814
4934901,411343
70701,983579
70701,9579036
70701,2560954
1527081,4007675
1527081,9081078
1527081,260596
1527081,39365
774681,564350
774681,9151874
115081,8689001
115081,2485887
115081,3330113
115081,46827
115081,402826
259501,985405
259501,797152
714181,101374
714181,451909
714181,451939
714181,1050186
1385601,52828
1385601,1385801
1385601,1385876
1211561,690353
1211561,1128617
125221,9822768
125221,273356
125221,9046231
125221,19887
3493781,4693216
3493781,8245429
3493781,8777650
3493781,2907744
4681,5385
4681,1178826
4681,402826
4681,8327835
4681,997396
2341,1495337
2341,2779003
2341,195167
2341,4009390
2341,1113038
1201481,729898
1201481,688696
1151541,195167
1151541,4137351
117961,8690403
117961,2561177
117961,53767
117961,4192743
299581,59913
299581,198990
535921,8763510
535921,411157
535921,39365
870461,39365
870461,9223975
2285953,3379487
2285953,127911
2285953,3379295
2285953,13955
129633,218049
129633,109403
129633,240161
129633,90259
513,444485
513,2321219
513,4000297
513,1444808
513,195167
1535373,1535584
1535373,1535562
1535373,2646752
2134773,6745838
2134773,8573207
2134773,1640630
2134773,8572716
5675793,194869
5675793,130850
5675793,260596
5675793,8769417
4114793,3410084
4114793,3211512
4114793,621051
4114793,5379610
2764513,445112
2764513,71968
2764513,39365
2764513,3410084
4857913,6841952
2001213,26409
2001213,651415
2001213,5983268
145013,39365
145013,20256
145013,8764421
145013,7406030
145013,8814669
145013,5993506
2152533,101856
2152533,8770017
2152533,8855355
2152533,2152546
2152533,1201250
840773,9491375
840773,60426
840773,3935692
1953513,39365
1953513,4010933
1953513,439166
1953513,9383236
150993,7041564
150993,9666002
150993,1219189
150993,9665958
1080233,12928
1080233,2341
2041453,3332067
2041453,439290
2041453,5885697
2041453,9380190
2041453,1967124
232153,3384754
232153,111415
232153,1087255
232153,8607
232153,444485
904813,407671
904813,15730
904813,12852
37213,5833061
37213,931996
238793,10543067
238793,29862
238793,2962396
639413,1720842
639413,90259
4696473,195167
4696473,4696487
4696473,2137454
7953493,2701051
26613,194497
26613,139248
26613,8775121
26613,1229151
984233,4080737
984233,744019
984233,195167
419833,1686227
419833,417634
419833,1685834
419833,273356
419833,419896
4156873,3390317
4156873,20256
4156873,140112
4156873,1291740
401393,545199
401393,1496540
401393,535351
401393,421943
1505933,9878481
1505933,1345444
1505933,3323371
4935713,411343
3955153,391136
3955153,1349110
3955153,2694018
1704733,3384764
1704733,288616
388173,20194
388173,101856
1385801,505419
1385801,3119
1385801,1385601
1385801,728250
1385801,1674005
1052681,77968
1052681,244112
1052681,1052941
3933501,1381805
3933501,1148993
3933501,1450
3933501,7259044
2135341,3406573
2135341,264408
2135341,399586
1701441,90259
1701441,121335
1701441,29424
1701441,29299
933301,81367
933301,114917
933301,78808
933301,3416829
1042321,83779
1042321,3223036
1042321,7900486
5056841,682931
166861,13950
1105001,1048171
1105001,376822
4418641,133986
5893681,238243
5893681,441663
5893681,1328995
5483701,4402927
4113281,1020266
4113281,2635113
4113281,4152392
416161,1015734
416161,77446
416161,9356996
416161,9356941
3292161,2325187
3292161,3922324
3292161,549899
3292161,99104
6610101,8594275
6610101,94703
535341,45642
535341,39365
535341,90259
535981,535921
535981,54988
535981,932168
535981,3117289
35381,147658
35381,1206455
35381,644379
35381,785612
7295061,3887
7761041,9009376
7761041,8804356
6919761,3308752
6919761,891630
6919761,8472641
6919761,6617768
3262661,6701271
3262661,7496
3262661,2003839
380961,26613
380961,424531
380961,412208
380961,78539
380961,3087615
1563701,248317
1563701,198129
678261,60956
678261,626265
1489821,37213
1489821,284688
1489821,195167
1489821,16013
1489821,262837
121041,80223
121041,70772
121041,2686228
121041,46115
18101,1095638
18101,8267989
18101,3396437
5833061,37213
69441,2516527
69441,8872438
69441,90259
69441,8827034
194001,26849
194001,484378
194001,1151541
194001,1733977
1360413,40415
1360413,621804
1360413,262890
1360413,4018
1360413,157189
1682353,478612
1682353,70253
1682353,153005
4270693,385294
3330113,115081
3330113,259989
1331073,1190895
1331073,998326
444613,185365
444613,11218753
444613,3356170
4010933,66373
97173,1042949
97173,10530617
97173,221020
1313233,456022
1313233,262837
1313233,54476
1485253,654945
1485253,16013
1485253,456022
1485253,195167
1485253,3385034
721793,1220602
721793,693950
721793,4955964
721793,640022
721793,3922324
3377193,2339
3377193,3403
3377193,8652785
3377193,979719
903853,70704
903853,131443
903853,512176
331073,376904
331073,878035
331073,644494
331073,253506
4397773,8769572
4397773,6725971
66333,1087255
66333,10609744
66333,1161997
2333713,45687
2333713,379049
2333713,122565
120893,70772
120893,72537
120893,3402
4689373,4689280
4082553,4082263
690353,41429
690353,90259
690353,1211561
690353,3287304
735913,735836
735913,573848
735913,6599398
735913,6834610
735913,490269
693373,1314217
693373,1835814
693373,18393
693373,571031
3365793,7496
3365793,4046390
3365793,263108
3365793,3365711
1953253,402689
896213,248319
896213,198129
896213,380309
1516333,10938724
1516333,5385
1516333,10511000
1516333,10938459
4154453,4154428
5773,380961
5773,16383
5773,546058
4229533,456022
4229533,72413
4229533,194582
4229533,3417
4229533,455843
62193,411210
62193,232214
62193,152601
3898213,3897925
3898213,668058
3898213,5398817
467401,121335
467401,37753
467401,8764399
467401,8765288
467401,8987807
22861,1210805
22861,32695
22861,90259
22861,405819
186901,2395587
186901,1391627
186901,1444808
1581161,4324558
1581161,429236
1581161,195167
1581161,3384764
127761,8767493
127761,127911
127761,127764
401461,401745
401461,401735
2674501,189477
2674501,125352
800481,2306528
800481,1420300
800481,4080098
800481,3327055
736541,2963505
736541,69324
736541,924732
736541,8762941
1761281,1001269
1761281,985560
1761281,7637
1761281,6148
145201,8797606
145201,90259
145201,8800257
2347821,252262
1313701,444485
1313701,6533084
3441,185365
3441,1502641
3441,1313233
3441,1087255
3441,4324558
1331141,39365
1331141,1331073
3125661,3125663
2704161,2702152
2704161,17394
2704161,52828
2704161,2704179
1643121,4042323
1643121,10073907
1643121,1494853
196701,1688880
196701,90259
1320241,9180434
1320241,8923313
5675681,2669605
5675681,931453
121781,9284675
121781,1807549
1788601,5518294
1788601,8970174
1788601,1123509
2168761,2168726
6930781,4078409
6930781,16270
6930781,2339
6930781,11126
6701901,6806579
194821,1087255
194821,6707390
194821,4186764
417761,5954044
417761,417634
417761,9616335
417761,418199
417761,5993506
8472641,8766847
1052941,88303
1052941,3904473
1052941,195167
1052941,39919
892941,639496
892941,3123402
892941,1335261
892941,3887
1391561,293438
1391561,66333
1391561,45687
1391561,852205
3235261,1491077
3235261,10754570
3235261,1829866
3235261,13950
2825321,4994641
2825321,2474484
2825321,1706368
116621,5865239
116621,29862
116621,998392
116621,937696
1805261,195167
1805261,4630503
1988061,184569
1988061,8762941
1988061,12852
1988061,736590
709021,1329780
709021,198990
709021,8597558
25081,4252358
25081,2236509
25081,421560
2021021,3622201
2021021,55567
2021021,665507
2021021,409
2021021,112179
68961,42890
68961,1502641
68961,1850197
68961,1087255
216481,2831267
216481,6565450
603181,90259
603181,8764421
603181,251598
69961,218127
69961,221427
16201,6565450
16201,1353273
16201,1087255
7292441,7293093
7292441,7293094
46381,2363940
46381,53767
46381,1087255
3402621,39365
3402621,3405011
3402621,8995898
28461,95105
28461,2082800
28461,13950
1240501,8809417
1240501,8771881
1240501,1240513
1240501,90259
4385541,32182
4385541,52828
4385541,8765658
4385541,2702152
705861,1730356
705861,1731088
705861,1835814
705861,1731428
705861,9137197
4530532,4379553
4530532,10570799
4120212,8767492
4120212,8764922
4120212,8768055
4120212,4456501
4120212,18020
1239552,72537
1239552,262890
1239552,269788
1239552,195167
1239552,47344
3353792,186348
3353792,262045
3353792,5417992
227612,227644
227612,102877
227612,122700
117992,53767
117992,195167
117992,429236
4531652,675359
4531652,9230589
4531652,4531682
4531652,4531675
2265952,1220602
7102092,4989225
7102092,2474484
672712,1629576
672712,4864149
672712,3430562
22792,2830148
22792,9512723
22792,2477746
22792,134894
3589392,1690101
3589392,139248
3589392,1835814
3093052,3093207
3093052,1023204
4142552,4142837
4142552,1623900
4142552,1944475
4925932,96853
4963312,4894126
1067632,946742
1067632,8790428
1067632,221469
1905312,426605
1905312,79280
1905312,39365
3308752,3307591
3308752,6919761
3308752,1769451
3308752,15744
457932,979397
457932,16216
457932,3176286
457932,620759
70752,613416
70752,452134
70752,288616
70752,194943
1872172,248502
1872172,1901610
363872,20256
363872,39365
363872,9890065
363872,3997972
363872,295405
4652,1876863
4652,134894
4652,1886554
478612,5993506
478612,10870938
478612,653771
107712,8767492
107712,17505
107712,40546
107712,78388
107712,131212
4152392,3401603
4152392,7790603
4152392,4152424
2949592,94703
2949592,29862
145992,948289
145992,881402
145992,1444808
24012,1777526
24012,5659
24012,12928
24012,111641
62232,234106
62232,20194
262452,8848629
262452,262160
934812,16216
934812,194943
934812,455190
934812,195167
1541072,374666
1541072,4722042
1541072,3317469
1541072,4803789
4123632,4043402
4123632,5993506
4123632,4123995
116092,2455725
116092,272737
8423992,2888510
3821398,7022445
3821398,8789176
668058,11141298
668058,3898213
668058,3219631
668058,8783560
668058,4179417
3504878,1747780
3504878,495394
3504878,3505603
3504878,3505650
739758,536854
739758,4527437
739758,2336743
4323138,8765712
4323138,5918
4323138,39365
4323138,8588284
4323138,3481466
705418,451909
3054698,4143129
3054698,3111017
3054698,8771358
3952658,5903650
3952658,8778265
3952658,8780824
1679538,1222575
1679538,8799766
1679538,1590536
700058,90259
700058,1752337
700058,694931
670438,8763510
670438,1019090
670438,932104
484378,1178826
484378,8787316
3358378,4064288
3358378,8549581
148838,10855021
148838,8792071
148838,20256
148838,567830
23258,221469
23258,59913
23258,8848629
3676358,5762159
3676358,1368106
3676358,4526962
3676358,39365
2339718,185828
2339718,2339695
1953698,9081078
1953698,260596
1953698,455190
546058,35976
546058,605754
546058,546052
6599398,3407859
6599398,735913
6599398,9866552
6599398,4703187
424018,151981
424018,34194
35178,35281
35178,127578
35178,14890
35178,33948
35178,721034
147658,714348
147658,9632755
147658,4418742
147658,90259
147658,640254
4449678,1535562
4449678,39365
4449678,8767492
4449678,2888858
4449678,598934
1095638,2323
1095638,76376
1095638,621804
1095638,402224
1095638,17389
2445658,4799528
2445658,8775267
2445658,3323837
2445658,1420300
2389598,52828
2389598,548254
2389598,32182
2389598,2135372
1054578,90259
1054578,272737
1054578,137808
257838,694931
257838,575849
257838,194024
257838,190319
