3417,6565450
3417,53767
3417,32571
60679,59913
2339,1951077
2339,1850197
2339,444485
1019090,1629776
1019090,195362
1019090,2456976
154170,89068
154170,153798
154170,534
6565450,16013
6565450,18154
3067797,443746
3067797,3277
1629457,3400923
1629457,946705
1629457,7790603
1629457,6748704
1629457,34607
1850197,951427
1850197,71968
1850197,16013
1951077,650744
1951077,573848
1951077,30008
1951077,619142
4000297,1020167
4000297,131882
914319,2339
914319,255142
914319,912648
3066919,2206856
45690,1019090
45690,2996020
45690,45642
2018550,489586
18154,32571
18154,6565450
18154,42890
18154,4186764
18154,1850197
534,2831267
534,185365
534,10781036
1293434,32571
1293434,53767
1293434,3387261
1293434,195167
740554,32182
740554,3153065
4171634,8897816
4171634,8800539
4171634,572129
108174,4000297
108174,1438532
108174,2965470
4130434,29948
4130434,297076
4130434,4132038
22297,1544127
22297,2504345
1535077,97857
1535077,6642778
1535077,3350321
1025117,1196412
1025117,2894691
1025117,7202490
1025117,2151100
2811879,9093887
2811879,376511
2811879,8767493
2811879,4007675
1546239,63680
90259,187894
90259,577619
90259,70779
90259,7496
90259,119446
1926810,654945
1926810,47344
1926810,4018
1926810,16013
187830,98209
187830,598471
187830,422508
388590,284688
388590,234046
1208690,213358
1208690,455843
1208690,129379
7202490,1629776
5750110,1623051
5750110,676115
1425650,48042
1425650,108457
1425650,267705
13950,1867213
13950,545199
13950,37213
13950,1191839
13950,32058
13950,69009
2965470,3040871
2965470,1455328
2965470,217798
165134,1690045
165134,5469
1835814,427594
116294,600137
116294,654945
116294,2969067
116294,195167
116294,1132128
5990454,5988442
97857,195167
97857,951427
97857,16013
1333037,195167
1333037,71968
1333037,92173
1333037,269788
1333037,1674005
272737,695480
272737,144649
272737,423994
1161997,226967
1161997,1377203
1161997,16619
729937,400861
584597,238898
584597,59105
584597,35281
584597,534
386077,3403
386077,243556
386077,53881
386077,131882
7853377,3309532
2324337,3192272
2324337,946705
62959,232214
62959,1097122
62959,5007904
62959,255142
62959,493749
70779,79066
70779,13650
70779,8872438
5511859,3186102
5511859,186380
5511859,3911247
2238339,512102
2238339,3402
3384159,47344
3384159,54476
3384159,262837
16890,13950
16890,9699405
83950,2062791
83950,13950
83950,931996
83950,4198246
3830,195167
3830,2329329
3830,80586
3830,402826
150050,80586
150050,1826821
150050,3930092
13650,684550
13650,13525
635810,4724962
635810,13950
635810,195167
635810,1781693
654290,24501
654290,451939
654290,1897661
684550,9201949
684550,79066
684550,12928
79914,242642
79914,130504
79914,39365
79914,386249
78834,9441990
78834,131212
78834,227522
78834,242642
239074,194943
239074,919628
239074,29862
239074,1376975
45614,1178826
45614,12928
45614,1477408
232214,8766797
232214,1721384
232214,184594
423994,52828
423994,59913
423994,90259
423994,8888781
427594,1835814
427594,115150
427594,1470818
427594,1191063
429194,1353273
429194,11146867
429194,2831267
429194,444485
600137,9426069
600137,567932
1635597,98062
1635597,617015
1635597,90259
1635597,15889
521377,3204818
521377,4007675
521377,8942126
641757,5385
641757,259620
641757,9018325
641757,2171811
262837,2831267
262837,5475141
697477,272737
697477,109851
18097,11109045
18097,11108763
18097,11108898
18097,581565
72537,1528223
72537,1518987
72537,53767
108457,8765167
108457,52828
108457,1423306
2099417,102914
2099417,699316
2099417,424531
129379,8809340
129379,572000
25659,185365
25659,3907919
25659,4186764
403299,1353273
403299,618733
4120139,4025342
4120139,8773831
4120139,4456501
16619,2321511
16619,227522
16619,2884985
16619,1161997
1194699,71968
1194699,2136
1194699,1128617
217659,8347452
217659,3085536
217659,2831267
1528439,1366920
1528439,16466
1528439,212402
1528439,9576300
1329059,1628997
1329059,5884496
1191839,3480088
1191839,3332872
1191839,13950
1165199,1165156
1165199,693950
1165199,94412
1292070,10467780
1292070,2176109
1292070,185365
1292070,3905491
1292070,195167
579450,4402927
579450,1124238
579450,4210097
579450,984233
2334190,841875
693950,9263052
693950,1746744
693950,8948175
693950,1165199
902870,4208980
902870,43835
902870,18154
4086690,1526144
4086690,293438
4086690,637220
4086690,3424574
220850,47164
220850,1682214
220850,220668
220850,95975
220850,4177484
681670,2339
681670,2632270
681670,3385034
681670,1377203
5771950,2461745
4349150,4343637
415730,39365
415730,52828
415730,751825
415730,1369443
415730,95105
804630,1147472
115150,114740
115150,3887
115150,16890
115150,30145
115150,11126
916390,23556
916390,141222
916390,142428
5474370,3402
5474370,47164
5474370,91789
153590,15656
153590,654945
153590,785612
153590,2247775
4713950,43129
697110,1546283
697110,241559
697110,59913
5903650,3117289
198990,215102
198990,376904
198990,248468
198990,696517
1043230,97279
1043230,684550
1043230,108946
1043230,1092011
1463370,8765317
1463370,2168783
1463370,69554
1463370,90259
275430,1929220
275430,1071506
275430,626186
1349110,5324767
1349110,3955153
1349110,9566805
3590454,238898
5716314,2168783
5716314,2341
5716314,1329059
5716314,10735333
383874,671304
383874,8969713
383874,3896241
383874,90259
3386394,796663
3386394,411210
155474,144708
155474,3116438
155474,148737
155474,155016
1495514,195167
1495514,39365
184594,148737
4013874,2339
4013874,4012070
4013874,4121758
4013874,4908817
233734,8079
7503454,1929220
4396794,4144360
1015734,4018
1015734,3485092
1015734,645049
1015734,416161
1015734,3999074
102914,90323
102914,101814
102914,571031
102914,102972
8421394,2058398
8421394,6623784
2137454,1509100
2137454,166861
2137454,455843
2137454,3396483
2137454,4696473
495394,92173
495394,69009
495394,76652
495394,294603
33214,2107276
33214,9698768
33214,121335
33214,8788848
3390317,1455557
3390317,195167
3390317,269788
3390317,1381805
4080737,43129
4080737,16013
1196517,1025117
2561177,117961
2561177,70701
2561177,28882
974617,933615
660017,2247775
660017,3402
660017,54476
660017,40415
982057,379383
982057,379807
982057,2697731
982057,89068
8573257,2134773
889497,47250
889497,16013
889497,675911
889497,91696
889497,267289
2701977,6841952
2701977,1389753
2701977,4020974
4832797,244411
729657,198129
729657,67318
729657,400861
411157,53357
411157,535921
411157,1835175
411157,61556
1628997,1829866
1628997,1559749
1628997,1329059
1628997,7527517
1128617,8799766
1128617,94703
1128617,1283307
1128617,1211561
1128617,1369137
55377,1249658
55377,18154
55377,3185
1861699,17389
1861699,7790603
1861699,1178319
1861699,665459
1861699,1340935
2422359,451664
54999,654945
54999,194943
54999,94590
54999,195167
54999,4009390
1631339,45029
113159,99075
113159,23297
113159,211154
113159,240156
8439459,284369
8439459,16464
8439459,619142
451939,8780760
451939,2003146
451939,714181
1653059,598471
2791679,2020415
2791679,4134344
2791679,39365
2791679,7953493
3492939,3403
3492939,2339
681819,1329059
624719,28129
624719,287349
624719,122565
624719,16431
3907919,25659
3907919,1662429
3907919,1178906
2321219,16013
2321219,18154
3428159,1020266
3428159,8802555
3428159,13950
3428159,7187482
1445619,718880
1445619,1445728
1445619,218640
1445619,8773880
782459,14714
782459,20432
782459,285421
620759,3391746
620759,1443960
620759,195167
151130,9572137
151130,2147357
4257470,2121789
4257470,3487
1638790,986824
1638790,2963505
1638790,2107276
513590,39365
513590,8764421
513590,20256
3199230,1675884
3199230,29862
3199230,5952275
4012070,8828620
4012070,13162
4012070,4013547
2632270,195167
2632270,921385
2632270,3091763
2632270,8267989
444250,4408385
444250,935857
444250,3384754
444250,195167
1450,6565450
1450,2831267
1450,5475141
1450,32571
47250,889497
47250,195167
47250,1807338
47250,536868
932470,9559031
932470,12928
932470,8800257
932470,2950305
932470,15889
698910,598234
698910,451909
698910,211154
954170,376677
954170,721034
954170,1314652
34170,12928
34170,13950
34170,94703
34170,96648
3356170,3039347
3356170,222444
3356170,2457982
411210,3237222
411210,2692082
411210,3386394
218530,9084465
218530,598934
218530,1055372
218530,3067107
1012010,9947824
1012010,55377
1012010,919628
194930,2831267
194930,3085536
194930,4966222
3049950,718491
3049950,18020
3049950,8767493
1753610,8767510
1753610,1753337
1753610,1105001
1753610,8773545
4046390,3365917
4046390,4046477
4046390,3379310
192730,1728225
192730,140385
192730,192549
1949834,128830
1949834,9071148
1949834,1956183
1949834,32571
1682214,220850
1682214,115927
1682214,7608218
101814,8121005
101814,284688
101814,3417
101814,195167
101814,101537
385294,1031474
385294,1518987
34194,7453971
187754,90259
187754,8865381
187754,2131878
187754,2131968
3424574,3111017
3424574,8765658
3424574,9065554
14714,4073017
14714,119067
14714,3282756
4020974,7069177
4020974,7803791
4020974,7803783
211154,8766797
211154,113159
211154,8826517
565734,626842
565734,629944
565734,195167
69554,665992
69554,52828
69554,90259
69554,148147
40474,429236
40474,673206
40474,2622425
40474,3435195
40474,16216
3365634,2477570
3365634,2900010
3365634,1720048
3365634,4666136
1104134,3997972
1104134,653771
565474,620759
565474,1083225
565474,6893786
565474,1848189
565474,4630503
565474,2416305
33234,575849
33234,639496
33234,194024
697394,1299946
697394,1210805
697394,916867
697394,101856
697394,9102542
69014,4666565
69014,195167
69014,16466
69014,429236
3385034,681670
3385034,10918271
3385034,1485253
1518994,1329059
1518994,39365
1518994,9576300
374734,81338
374734,4722042
374734,653771
4414474,186348
4210097,946742
4210097,579450
4210097,94703
4210097,39365
4210097,132005
129217,129300
129217,128830
129217,1369969
1733977,194001
1733977,8787316
1733977,260596
125577,8473752
125577,1087255
125577,572000
5829497,658928
5829497,1629776
114917,678809
114917,3204820
114917,933301
114917,4042323
23297,1444808
23297,1584287
1872797,1753610
1872797,25768
1455557,16466
1455557,195167
1455557,16216
655157,1581192
655157,1584715
655157,6691086
655157,3590454
4908817,7690909
4908817,7880267
4908817,10960739
4908817,8843666
7637,1178826
7637,293416
604717,195167
604717,10394469
604717,3905491
604717,194943
1456397,13950
1456397,1020075
1456397,1433365
6457,4130167
6457,10073795
6457,1288152
6457,3145771
6457,39365
4123657,4123828
4123657,4124469
4123657,1518994
386457,3572483
386457,8905573
386457,2430171
4343637,9884201
4343637,4349150
4343637,8765695
495817,2996020
495817,8780941
495817,39365
5170617,5172697
5170617,8767492
5170617,1366920
5170617,9576300
268317,8604068
268317,288616
53357,6644709
53357,411157
53357,3002140
7527517,1540468
696517,22185
696517,377630
696517,8959728
696517,1312133
696517,1875889
148737,1631339
148737,184594
148737,4999232
83779,1042321
83779,6735492
83779,1042808
83779,13950
979719,2274152
979719,3327620
979719,1332536
8443779,1952328
34819,8765975
34819,3148262
4936419,411343
2185299,1485124
2185299,6507544
2185299,4843915
2185299,1578163
241559,23074
241559,451939
241559,5773
8079,53767
8079,1149365
8079,10509276
8079,2614460
295379,510652
295379,96648
295379,20256
295379,131212
630439,227522
630439,16466
630439,3407989
630439,3390909
152879,788609
152879,188116
152879,789486
152879,121335
2003839,714181
2003839,125520
2003839,2378763
2003839,3262661
4950679,3087615
4950679,269788
4950679,6825768
2842559,4230367
2842559,2721552
2842559,3066495
2842559,3386983
97279,633569
97279,101856
97279,115927
97279,12928
1870719,8770017
1870719,8765167
1581310,654945
1581310,2811600
1581310,5737970
1581310,194943
130850,79289
130850,16431
130850,103326
130850,1569155
128830,6231
128830,269788
455190,6528612
455190,195167
1017590,452256
1017590,3624925
1158650,72537
1158650,1619037
1158650,4948075
3417830,8765698
3417830,2449843
3417830,8765695
3417830,4659515
5379610,4114793
1378510,1662429
1378510,149505
1378510,3478031
1378510,2400934
3309730,3307591
3309730,1349110
3309730,6816985
3165690,14699
3165690,49908
15730,423599
15730,1050186
15730,16591
15730,33214
1577450,400506
1024710,644739
1024710,565734
1024710,8121005
1024710,376904
42890,68961
42890,1960486
42890,18154
42890,4018
6707390,194943
6707390,194821
6707390,44057
6707390,429311
4327190,94160
4327190,8079
4327190,3417
4327190,3391746
2477570,1636005
659430,453945
659430,165134
659430,422508
659430,423728
6906510,5477491
6906510,1441070
6906510,3353792
6906510,2341045
606610,606531
606610,3209276
1696170,659655
1696170,165134
1696170,1668184
1696170,2635003
86230,100910
86230,600533
2888510,8423973
2888510,1734999
2888510,8423992
2888510,8423975
301670,1456397
301670,1444786
301670,1643121
3151370,55663
3151370,8768921
3151370,3469798
3151370,218134
3151370,1463261
215690,149573
215690,2751720
215690,4976703
215690,1164887
215690,6623716
535790,68532
535790,492640
535790,534
535790,1941483
120050,119995
120050,710740
1392210,718460
1392210,5910606
377630,148092
377630,696517
377630,376558
3073070,9010811
3073070,3073153
3073070,728626
7708470,3948694
1643110,1343756
1643110,648905
1643110,8400206
1643110,1434466
1643110,648896
1142950,2517054
1142950,2474427
1142950,1903485
1142950,1328995
2900010,3365711
2900010,3365634
2900010,411343
2900010,4046390
564350,194943
564350,43835
564350,774681
564350,47344
4124170,1264700
4124170,4123828
4124170,119446
2786770,2786747
2786770,1178906
439290,4699087
439290,2325187
439290,4669667
4222410,1499774
4222410,72413
4222410,4221927
3379310,3365634
3379310,4046390
3379310,2285953
3379310,3365711
1209470,92173
1209470,195167
1209470,269788
1209470,16013
1144250,3402
1144250,18154
1144250,47164
1144250,2441411
1144250,195167
242930,18154
242930,71968
242930,194943
242930,16013
242930,269788
567830,194943
567830,654945
567830,148838
3985374,2336
3985374,1415379
3985374,294449
3985374,9107600
417634,4613183
417634,419833
417634,417761
2766394,253507
79394,1209106
134894,22792
134894,888042
134894,150050
134894,195167
452134,402689
452134,70936
452134,452126
1031474,262890
1031474,385285
1031474,7496
1031474,4018
2560954,55124
2560954,3345359
2560954,4018
231374,32291
231374,15571
231374,401461
231374,46643
231374,243556
8143754,8121005
4049374,15322
4049374,2921719
4049374,432567
4049374,3438712
15874,231466
15874,69554
23074,1019090
23074,2674501
1331854,258507
1331854,1208135
1331854,4224902
1331854,1283125
113294,241559
113294,90259
113294,9164468
598934,7761041
598934,3899482
598934,4449678
598934,1740345
20194,62232
20194,115927
20194,1391561
20194,9635220
598234,1204666
598234,8766797
598234,4040675
598234,212758
3384754,16013
3384754,69009
70174,194943
70174,43835
70174,654945
8580094,3403
8580094,2632270
62154,2697731
62154,76652
62154,33099
582837,253327
582837,4082263
1495337,2341
1495337,8774160
1495337,648560
1495337,9185478
5172697,1349110
5172697,5170617
4046477,4046390
2147357,45484
2147357,904313
5699737,1456397
121157,913203
121157,195167
121157,92173
121157,53983
1753337,176542
1753337,640755
1171777,1283307
1171777,2485887
28337,1240501
28337,231466
28337,62402
376677,198990
376677,1872172
376677,90259
376677,101856
3365917,1563162
3365917,3117289
3365917,4046390
1192557,1176649
1192557,48915
1192557,1331141
1290997,241768
1290997,551768
1290997,71968
1290997,47164
1290997,3402
1161077,3054608
1161077,1506576
1161077,3402280
1492397,1493801
1492397,954946
1492397,2347821
2280657,1513133
2280657,5716314
2280657,5884496
979397,92173
979397,195167
979397,1381805
979397,457932
4073017,7623415
4073017,3922324
4073017,7926869
5885697,1202400
5885697,97173
5885697,2041453
184837,2430171
184837,9167386
3111017,4406805
3111017,1769451
194497,1616116
194497,26613
194497,64435
4416117,2339
4416117,2136
4416117,3417
293077,292220
293077,294603
1943417,1184909
4792457,4043097
4792457,2474484
4792457,4530083
14737,3002590
14737,620759
14737,121157
14737,563302
5716817,982276
1742297,709021
1742297,243556
1742297,99104
8433197,1074072
3426717,3417830
935857,40415
935857,604602
935857,72413
935857,6823765
935857,25659
3430437,672712
3430437,3430485
3430437,4208980
3430437,7496
3430437,220870
203859,1616116
203859,376558
456439,20027
456439,130219
456439,14737
456439,402689
456439,79647
6806579,1829866
6806579,1848189
6806579,6701901
3942879,154292
3942879,677906
3942879,3402
3942879,89068
3942879,16252
61039,122557
61039,947468
61039,188311
61039,13616
1161099,1541537
1161099,3117289
5819,257838
5819,195167
5819,13950
5819,125520
5398459,47575
5398459,46115
5398459,955727
5398459,292862
5398459,53468
619479,92173
619479,195167
2205099,1450
2205099,6491
2205099,3577245
2205099,1230511
3341859,194943
3341859,1148993
876299,90259
876299,1835814
876299,29424
876299,272737
2058179,15744
2058179,3594475
2058179,4869155
6753359,121193
545199,7030119
545199,2497003
545199,13950
545199,3064296
418199,4613183
418199,148157
418199,419833
418199,417761
717999,109871
717999,424140
717999,16890
744019,3402
744019,28461
4065639,11228927
4065639,9193918
4065639,11206830
4065639,1444372
4065639,10119657
1236439,376904
7094479,293438
2641459,37486
2641459,2697731
2641459,2769484
3480139,3319163
3480139,558519
983579,3402
983579,262837
983579,226967
983579,47344
983579,1147472
5865239,3174444
5865239,207909
5865239,186380
5865239,116621
5865239,238793
1610499,456022
1610499,91789
1610499,3402
1610499,54476
1610499,3407072
654939,989710
654939,24501
654939,670438
654939,1190895
1150819,1150777
1150819,19836
195899,16013
195899,43129
195899,1806481
195899,195167
262890,185365
262890,1087255
262890,2980894
262890,5332066
262890,1360413
806790,10469994
806790,40432
806790,9112517
806790,8784844
1739690,9260007
4679670,5480481
4679670,4679422
4009390,237634
4009390,42900
4009390,7572188
4009390,7572273
4009390,1036279
1007470,454046
1007470,113956
1007470,1700607
1007470,1333751
6834610,5659904
6834610,9867313
6834610,1332684
536850,148147
536850,2056963
536850,1571236
536850,109743
536850,101856
2630910,2963505
2630910,9035856
891630,962829
891630,456022
891630,1020097
3163610,8042291
3163610,9153664
3163610,1892582
3163610,7797626
281690,11107789
281690,11105471
281690,11106187
281690,11105359
699030,3440912
699030,8793659
699030,8802887
668850,2560954
668850,10559301
668850,5973503
1470950,43129
1470950,195167
1470950,16013
7062730,40506
7062730,8780226
7062730,8769511
7062730,8780235
16270,1375968
16270,4192721
16270,1502641
16270,301794
16270,1087255
3905230,3905667
3905230,1177529
100450,293416
100450,8803675
100450,4130167
192750,1613885
192750,192601
192750,192549
1499370,9992483
1499370,1499361
1499370,429236
1499370,53767
1901610,8872887
1901610,1872172
1901610,198990
15770,113956
15770,29564
15770,412674
989710,8765658
989710,566985
989710,8907854
29770,1083225
29770,113956
29770,377931
29770,2706959
3681790,1311624
3681790,6636728
3681790,7496
3681790,4514282
9330,8783560
9330,5379610
103390,13950
103390,2716564
103390,16466
14890,1297311
14890,95845
14890,90259
14890,2043562
14890,34616
263530,2831267
263530,444485
263530,3297547
263530,618733
3002590,14737
492050,8780941
492050,9092857
492050,2151907
492050,1236984
492050,984874
100910,52828
100910,8766488
100910,8797606
100910,637088
1266710,8765658
1266710,1431140
5737970,7375
5737970,629736
5737970,10758903
5737970,217990
5737970,558816
97050,11084136
97050,7202490
97050,4042323
97050,4013874
1927430,54999
1927430,16054
1927430,1369331
1173374,12928
1173374,921142
205354,8787306
205354,64022
205354,1329780
205354,8787316
644394,2347821
644394,90259
644394,8766797
1348154,8765288
1348154,67165
1348154,1348208
1348154,1768648
154714,8866866
154714,401083
154714,401068
154714,90259
2518334,429236
2518334,1512092
2518334,4441745
2518334,2872275
1170714,103371
1170714,389841
1170714,138158
2421674,3086614
2421674,8774426
2421674,8766797
4571534,1541999
1083054,52828
1083054,1494905
2400934,4445494
2400934,4444086
2400934,4444044
3407934,3408286
3407934,3408446
3407934,986818
3407934,1951446
2455514,8968331
2455514,11223663
2455514,5968764
2455514,8588475
3979634,3067107
3979634,4215957
3979634,10099589
3979634,1480274
452534,132005
452534,39365
452534,579209
452534,579450
1677554,223328
1677554,1081876
1677554,4009173
1677554,119067
3646454,1982303
3646454,8767492
3646454,8949072
3646454,8781454
3646454,39365
187814,907898
187814,4280847
187814,671304
187814,8773230
187814,429711
187814,571931
578174,5331020
578174,1329059
2940534,5931331
2940534,29299
2940534,29424
2940534,90259
3948694,5380549
3948694,4233113
3948694,8764922
2517054,4043402
2517054,2306
2517054,739147
2517054,389924
924554,94955
924554,3307591
924554,1223810
924554,704849
1881474,97971
1881474,3117289
1881474,189465
1881474,3356265
4025874,9420948
4025874,4456501
4025874,4025342
1499774,194943
1499774,4222410
1499774,217713
1499774,2648294
2056174,4141072
2056174,4138861
2056174,4141036
2056174,741472
2056174,4141147
48094,6925181
48094,3328077
48094,3067972
48094,10676073
575214,111498
575214,111415
575214,111056
415274,126398
133094,2831267
133094,185365
133094,7061026
21857,45392
21857,90259
21857,9394963
21857,4239119
37497,61953
37497,62154
3595597,3234319
3595597,8767493
3595597,8768055
4043097,8598303
4043097,16216
4043097,4416180
4043097,11229849
1149197,921142
1149197,39365
1149197,1562587
1149197,79066
4966657,1052488
4966657,7425088
4966657,2960715
4966657,3061946
3402277,983440
3402277,4013874
143837,12689
143837,293551
143837,417252
148157,1575982
148157,8779491
148157,1606583
148157,992902
148157,1834360
1619037,9415435
1619037,7840498
1619037,1835814
2350337,9137875
2350337,946742
2350337,2702152
1150777,3249732
1150777,195167
1150777,1960098
618837,5332066
618837,2831267
995017,451075
995017,119067
995017,2341
122557,571155
122557,45642
122557,1958009
481297,186100
481297,481507
481297,90259
481297,481349
481297,41429
938957,2423942
938957,4275023
938957,194943
938957,111415
1481597,401393
1481597,6258018
1481597,1828506
1481597,9261226
140417,136897
140417,27040
140417,517415
140417,696971
140417,697507
1607817,736590
1607817,644988
1607817,5901383
1607817,8766782
147477,194943
147477,3905338
147477,7429925
904317,375352
2171137,10988805
2171137,6557366
2171137,956168
136897,85756
136897,16137
136897,1576647
3480857,1628997
3719797,1329059
3719797,6893786
3719797,8789176
248317,4251339
248317,729898
248317,1563701
248317,571031
1314217,5799167
1314217,512176
1314217,63429
5398817,3898213
5398817,5900844
7069177,4018
7069177,2323
7069177,4020974
7069177,432660
2321337,125923
2321337,16216
2321337,7375
2321337,8361163
2321337,195167
1541537,9109117
1541537,2378763
1541537,8780824
134217,69009
134217,654945
134217,3387521
5577477,379675
5577477,6919761
3396437,1291486
3396437,18101
122177,1430320
122177,2878948
44057,185365
44057,4210226
27477,34665
27477,300979
27477,90259
451879,1606583
451879,425514
2137419,3830
2137419,46232
2137419,47350
2137419,4156873
2067819,262452
2067819,2456976
4566019,7391195
4566019,4688015
4566019,2098989
45039,1631339
45039,84540
5898299,4227389
7252039,250452
7252039,2399509
7252039,1755157
7252039,619479
2921719,8783560
2921719,29862
2921719,4310031
644379,1668279
644379,1668194
644379,4689457
644739,8776287
644739,8786121
644739,9316979
3438399,8849918
3438399,4042323
3438399,1177529
3438399,3905667
290419,8765658
290419,7798573
290419,13950
152139,8765288
152139,2396031
152139,426605
152139,1310487
2911779,45484
78539,46827
78539,262160
78539,903880
3372559,685643
5469639,5469625
5469639,6834347
5469639,72412
119439,32571
119439,660017
119439,2980894
8657299,8762970
8657299,4077986
8657299,675573
138539,1835814
138539,8783693
138539,3032869
138539,718491
558519,3480103
558519,8899050
558519,9207594
558519,4518160
1843759,1735242
1843759,590530
1843759,1816498
1843759,90259
1843759,208333
1843759,1849907
3345359,2423942
3345359,2053790
3345359,1490806
3345359,5968764
3345359,1567215
505419,90259
505419,1309076
505419,2702152
505419,734759
3030619,2474515
3030619,2888510
3030619,207889
571879,59096
571879,614049
571879,12928
1329099,6536672
1329099,4124170
1329099,402840
1329099,1329059
605599,292862
605599,6749111
605599,605509
605599,4989225
605599,20108
1415379,1349110
1415379,1381663
1415379,2443565
1415379,45484
1734999,2474484
1734999,94412
1734999,781009
1734999,85999
1734999,436976
115699,729898
115699,381349
115699,897136
115699,1286413
4683359,1920972
4683359,4113281
248319,119169
248319,1835814
248319,381349
248319,408466
513679,39365
513679,4042323
513679,158814
5812799,5884571
5812799,5667564
5812799,8588175
5812799,5884528
5812799,10530442
33099,61794
33099,61953
33099,62154
33099,1646842
838899,90259
838899,1835814
3386139,10993305
3386139,579450
3386139,3356170
29299,535457
29299,346560
29299,2043992
1447799,2646752
1447799,8888328
1447799,39365
1447799,572000
1942279,4130167
1942279,129300
14699,1606583
14699,3165690
14699,8766797
14699,1715379
14699,116144
153379,2336743
153379,1781693
153379,572000
153379,6602023
549899,198990
549899,566985
549899,1902901
549899,8786121
549899,992153
24659,80586
24659,9023046
24659,207120
381459,424531
381459,1427100
526259,115139
526259,9157384
526259,53867
526259,64164
526259,88215
526259,9157386
697719,8786793
697719,1835814
697719,3043123
697719,90259
697719,198990
423599,568615
423599,90259
423599,415743
423599,121335
423599,164849
