2689469,640022
1838889,2927487
1838889,154556
4899209,96853
3038491,45687
3038491,1629776
1385889,273356
1385889,991606
1385889,10857191
154556,9227745
154556,9301683
154556,154170
154556,992153
154556,1838660
2206856,3067431
2206856,3066919
2206856,3067797
1629776,641420
1629776,8491247
1629776,1629457
1629776,5993506
1542389,1112958
1542389,2927487
1542389,5914783
1542389,694958
1542389,22297
572129,992925
572129,4171634
572129,1535077
694931,108646
694931,8766797
694931,90259
3067431,4130434
3067431,2206856
32571,71968
32571,16013
2894691,1048171
2894691,60679
2062791,3174444
2062791,96853
2062791,3123402
2062791,735398
2062791,918665
2062791,2325187
179976,644642
179976,59105
179976,740554
179976,60679
179976,2493
273356,893901
273356,1674005
273356,502225
273356,626186
3117289,5903570
3117289,5903650
3117289,5904549
3117289,3351223
98209,2958105
98209,79066
1048171,2894884
1048171,39365
1048171,7202490
1048171,13950
1048171,971533
376735,8868540
376735,8780760
376735,108646
39895,914319
39895,8789176
39895,2290584
39895,10932745
59896,8775121
59896,59913
59896,90259
619296,1755442
619296,654063
619296,3384159
619296,185365
619296,195167
619296,1087255
5904549,3117289
3798549,83950
3798549,7496
3798549,3648768
2844949,992925
6563651,1535077
6563651,2339
6563651,429194
6563651,3402
56771,194943
56771,71968
56771,654945
424531,90259
424531,8766797
424531,2099417
2396031,2395716
950051,637220
950051,946705
950051,61556
2323811,946705
1904231,374689
1904231,2558988
1904231,570702
617015,913203
617015,2092004
617015,1635597
1087255,6528612
1087255,16013
1087255,654945
4007675,521377
4007675,4121758
2323315,946705
1206455,25953
1206455,6765226
1206455,90259
1206455,35381
1206455,1329059
7496,13950
7496,2176109
7496,1780109
7496,95105
297076,4130434
297076,297064
2172996,2172481
2172996,2516892
2172996,1629776
113956,583912
113956,20432
113956,2002011
429236,2811600
429236,92173
429236,195167
429236,16013
429236,654945
1770056,1382473
1770056,69009
1770056,3417
1770056,40415
1770056,1377203
116289,8783337
116289,16466
116289,1087255
116289,4848322
116289,10015861
2176109,1292070
2176109,427702
4078409,9982719
4078409,8767812
4078409,1865065
91789,53767
91789,2363940
91789,1502641
91789,1852418
91789,444485
69009,626654
69009,626842
69009,618733
69009,185365
69009,1015734
69009,2089838
26849,1353273
26849,6565450
493749,946742
493749,8769170
493749,5918
493749,8764421
1780109,151885
1780109,16147
1780109,39895
374689,2874320
374689,8767492
374689,4042323
374689,2334190
43129,931996
43129,4713950
43129,2449461
43129,4080737
43129,53767
1873929,32182
1873929,655793
1873929,15889
6537029,1329059
6537029,2885870
6537029,3144027
6537029,6618338
144649,90259
144649,8766797
5469,1227544
5469,3682
5469,165134
5469,1340935
5469,662504
1031631,90259
1031631,39365
1031631,8767492
1623051,8917363
1623051,9891626
1623051,4803789
1623051,3381578
1769451,1521306
1769451,53060
1769451,1171916
1769451,7110948
3040871,662495
3040871,8851137
3040871,8809340
3040871,39365
946311,4042323
946311,620759
946311,8984546
946311,946684
2701051,1426227
2701051,4152447
2002011,113956
2002011,8807153
2002011,1835814
109011,615758
109011,108363
109011,1438532
109011,7171729
244411,10230022
244411,377045
244411,4074736
244411,8573257
598471,4042323
598471,1653059
109311,411343
109311,4050075
109311,107301
109311,5994113
109311,621649
46115,1087255
46115,1353273
46115,4324558
46115,185365
505475,39365
505475,932104
505475,8780941
40415,1353273
40415,1087255
2247775,2831267
2247775,660017
1739255,60426
1739255,3410084
933615,422701
933615,7547931
933615,974617
2020415,489586
2020415,15322
1753035,1299946
1753035,3153065
1753035,9527425
1753035,4875227
676115,1967124
676115,8296609
676115,8345069
676115,1944145
676115,722740
2706595,2324026
2706595,4066115
2706595,947005
2706595,203827
61556,411157
61556,950051
61556,39365
2170796,54999
2170796,194943
2170796,195167
2170796,1755442
6580376,9133738
6580376,2965470
91696,3590454
91696,889497
91696,195167
2136,185365
2136,1861699
2136,32571
2136,3885905
1719156,10264912
1719156,195167
1719156,8917363
120076,1755442
421136,9014451
421136,1231966
421136,1657183
54476,2363940
54476,1353273
54476,1870756
15656,444485
15656,53767
243556,386077
243556,8607
243556,7262052
243556,429236
243556,2885054
2395716,52828
2395716,2396031
2395716,1835814
2395716,8766523
107656,8806806
107656,2244595
107656,55377
107656,111967
420756,9245989
420756,8860306
1316109,402689
1316109,129633
1316109,129632
1316109,109418
1545509,18178
1545509,2341
1545509,28936
2121789,9873278
2121789,540303
2121789,4007675
2121789,4256448
2121789,4257470
621649,2998041
621649,9164753
621649,5473783
621649,6608422
621649,6609578
1219189,150993
1219189,90276
1219189,846335
1219189,122397
1219189,3204407
386249,979719
386249,79914
386249,43835
386249,5479602
8345069,676115
1228809,35987
1228809,740554
1228809,427564
4196049,456022
4196049,1382473
4196049,262837
4196049,269788
6609909,15744
6609909,32405
6609909,547572
6628269,32405
6628269,46562
6628269,46115
6628269,6528612
4803789,374734
15889,774681
15889,205767
15889,374689
7171729,1629776
9929,534
9929,912989
9929,913876
9929,1953513
8296609,676115
8296609,654945
214931,626265
214931,653636
214931,1576462
214931,61048
109851,299581
109851,109418
2321511,18097
2321511,16619
2321511,513
4681991,4583
4681991,3911247
4681991,1876978
3231571,2388957
3231571,4243803
3231571,4123657
3231571,5881020
3231571,2391724
13091,1509878
13091,1949834
13091,2517054
13091,1190895
1046691,1559002
1046691,2926449
1046691,388173
1046691,1424
653771,194943
653771,69009
653771,654945
3145771,6457
3145771,3594475
3145771,867076
3145771,1885312
1747951,1866871
1747951,3365711
1770031,976863
1770031,6963
7547931,1209106
7375,3385034
7375,654945
7375,195167
4050075,4659515
4050075,3422048
3087615,1329059
3087615,16466
3087615,10694568
2386995,25288
2386995,2386875
651415,2001213
651415,620759
651415,572000
651415,8837758
6850955,4020974
6850955,6841952
6850955,1191839
6850955,7790603
3327055,3316812
3327055,1889547
3327055,984233
2244595,780620
662495,214324
662495,2339
662495,8652785
662495,979719
120835,654945
120835,684550
120835,187754
120835,70772
120835,108946
1376975,1029300
1376975,1733977
1376975,534
1376975,565474
3321555,1320082
3321555,1505933
121335,121241
260596,1527081
260596,879560
260596,1325486
260596,71968
260596,5675793
288616,1704733
288616,654945
1165156,1563284
1165156,8443779
1165156,9070548
1165156,5829497
5884496,4950679
5884496,4946168
5884496,10669879
5884496,1172609
1870756,3446169
1870756,1456397
1870756,1870719
4074736,1340935
4074736,3400923
4074736,7790603
3085536,3417
3085536,217659
3085536,407048
3085536,16013
563276,10037034
563276,4875227
563276,1613127
563276,788841
2422396,451664
584816,83779
584816,1151541
584816,583912
16216,195167
16216,92173
16216,1013598
85756,947468
85756,1235886
1630436,218509
1630436,21828
101856,62402
101856,1656168
101856,2152533
931996,76652
931996,37213
931996,43129
1171916,195167
1171916,1293434
1171916,16013
8596,3356170
20256,135916
20256,145013
20256,513590
20256,295379
28129,1876863
28129,4838534
28129,1605318
28129,8789176
1330289,84813
1330289,8766523
1330289,52828
1330289,8813954
1172609,195167
15009,1493801
15009,15874
15009,207120
402689,452134
402689,12928
402689,1953253
11929,402012
11929,25695
11929,402826
287349,70852
287349,126048
287349,184569
287349,72537
287349,2292506
4247589,2068862
4247589,4247691
17389,1861699
17389,53767
17389,32571
17389,106805
1559749,2878378
1559749,1588922
1559749,1329165
1559749,1164505
72169,1087255
72169,5384246
72169,6716367
72169,6692227
2926449,4530167
2926449,29424
2926449,1046691
2926449,9555910
205729,651688
205729,1147472
1084289,9041218
1084289,239126
1084289,24482
1084289,1084311
1084289,29862
267289,1087255
267289,1850197
267289,2831267
267289,2321219
1184909,215690
1184909,1943417
1184909,3073070
1184909,1942849
3446169,1290555
3446169,925418
3446169,2504345
4124469,4124170
4124469,2277763
4124469,7634334
4124469,4043402
732049,8779491
732049,8802987
732049,1639024
732049,8780941
3365969,8772564
3365969,8808911
3365969,8779221
3365969,3229508
3365969,3365793
2856629,292488
2856629,8767492
2856629,1142950
198129,897136
198129,59913
198129,1563701
198129,896213
45029,1631339
45029,184594
45029,84540
2063809,8785693
2063809,3257150
2063809,1826821
1662429,3907798
1662429,42900
1662429,3907919
645049,1015734
645049,111498
645049,111415
645049,2207942
912989,8911807
912989,1700607
284369,16466
284369,53767
284369,195167
284369,429236
1042949,83779
1042949,256955
1042949,1381663
4864149,635810
4864149,1143112
4864149,4629589
218509,8780824
218509,59913
218509,4042323
218509,9869470
571031,379675
571031,693373
571031,571038
2441411,1850197
2441411,730992
2441411,2831267
2441411,2529660
376971,891006
376971,8786121
376971,8765658
376971,8872887
2697731,62154
2697731,2641459
2697731,982057
2697731,1389911
7381951,284688
7381951,195527
427771,3930092
427771,9015437
427771,1290555
13911,2614460
13911,5475141
13911,1087255
13911,4324558
13911,8604068
447791,8265475
447791,1781693
447791,1144250
2387451,1910206
2387451,5570446
2387451,242930
2387451,1236984
6645991,8819243
6645991,8768087
6645991,8815081
6231,46827
6231,947395
6231,999406
6231,128830
675911,1610499
675911,429236
675911,1508908
675911,889497
419311,8880243
419311,2275016
419311,7375
419311,39365
3033371,1420300
3033371,4673640
3365711,1747780
3365711,299323
140551,451939
140551,424140
140551,2943929
140551,1897661
140551,2339695
32291,231374
32291,1680066
32291,444485
32291,15874
1866871,1331073
1866871,2417566
1866871,1747780
1866871,8779601
2417531,662504
2417531,1227544
682931,925418
682931,5057332
682931,2528475
682931,2963505
682931,5056841
3407111,8773831
3407111,3407072
1092011,1043230
1092011,9466384
1092011,90259
411131,259620
411131,429236
411131,603836
411131,455190
1917091,4818166
1917091,52828
1917091,1737354
1917091,1210805
1230511,5385
1230511,2205099
1230511,16216
16431,1087255
16431,3384159
16431,185365
16431,53767
4659515,4631469
1815835,1178826
1815835,7814415
1815835,1071982
99075,92584
99075,1444808
99075,1840544
99075,241559
95975,101856
95975,70656
95975,3164316
95975,29564
287015,2963505
287015,121335
287015,903580
287015,37176
659655,13950
1190895,1332536
1190895,1332038
1190895,13950
47575,1353273
47575,2831267
645415,695946
645415,7496
645415,144649
645415,1445915
1340935,221020
1340935,106805
1340935,11299402
43835,194943
43835,665755
43835,195167
841875,2334190
841875,1581310
841875,8839148
841875,38002
256955,1087255
256955,618733
256955,457715
2386875,1186643
2386875,2386995
2386875,4042323
3594475,2058179
3594475,3145771
3594475,8820222
954075,2680249
954075,101856
954075,4848375
954075,4848322
2107276,33214
2107276,18216
2107276,399586
2107276,283103
28936,694931
28936,696131
28936,23803
155016,4252358
155016,39365
155016,121335
13616,136660
13616,9327962
23556,919628
23556,90259
23556,101856
5348296,4172848
5348296,4082580
5348296,16466
867076,116294
867076,8923313
867076,8765658
240156,3165690
240156,9579036
240156,8793438
240156,241559
240156,1052681
5807376,8079
919496,9281403
919496,3426717
913876,9929
913876,567932
913876,13950
982276,5716817
3629236,2960715
3629236,16466
90276,1485124
90276,1219189
70936,2894691
70936,250452
645636,718880
645636,8770017
645636,9155692
4636029,4631469
1520929,72537
1520929,4343637
4227389,1589105
4227389,5898299
8267989,2632270
8267989,681819
3407989,3407934
4629589,20256
4629589,2151100
4629589,9435811
4629589,39365
1369969,729716
1369969,4631469
1369969,129131
1369969,129044
1848189,18154
1848189,6806579
1848189,4669667
451909,272737
451909,714181
451909,8770168
451909,1835814
451909,705418
192549,705861
192549,70036
192549,192573
192549,696876
192549,192750
6644709,194943
6644709,195167
228189,7637
228189,427564
228189,24012
228189,556177
7690909,4908817
7690909,5988356
7690909,7690251
376809,3222022
376809,1206455
376809,119446
376809,376558
4631469,8765695
4631469,5454116
4631469,4659515
4631469,4057169
5331089,121193
5331089,69009
5331089,31773
5331089,3402
1019629,1019187
1019629,1629776
1019629,45687
1019629,422008
1019629,45690
448429,448283
448429,447806
448429,705211
448429,54545
221469,663747
221469,643481
221469,405908
221469,1067632
1942849,1184909
26409,90259
26409,2114883
26409,2001213
26409,904317
4078169,4042323
4078169,8769572
4078169,10670595
4078169,335706
678809,626265
678809,14737
678809,13616
678809,398124
4051149,3365969
4051149,385294
4051149,4050075
5380549,2444768
5380549,97050
194869,2704161
194869,92173
194869,6231
788609,152879
788609,1130053
793029,3402
793029,1656168
793029,89404
793029,7496
6847189,6841952
575849,8768921
575849,90259
575849,8764421
666109,3342945
666109,165134
666109,262837
121009,70772
1875889,451939
1875889,641600
1875889,60679
1875889,568724
633569,16619
633569,2389598
633569,632988
12689,12604
12689,143837
12689,22427
12689,1487253
3390909,17389
3390909,2136
3390909,230447
3390909,7292441
3390909,630439
917231,141222
917231,23803
917231,145201
4456371,4122807
3905491,18097
3905491,561727
3905491,37213
3905491,955727
3905491,604717
1084311,1084289
1084311,116621
535351,1239785
535351,1239753
535351,1239762
1057271,47164
1057271,71968
1057271,18154
5884571,5812799
380011,424531
380011,376822
380011,154714
380011,400506
380011,1988061
5687111,1953698
5687111,2332149
7803791,4020974
430211,27477
430211,122557
430211,113385
430211,424531
1092471,1559002
1092471,1629776
1092471,549666
1092471,534
621051,4114793
621051,284688
621051,3417
621051,71968
1229151,1607817
1229151,26613
127911,1785716
127911,2635003
127911,127761
723531,195167
723531,4114793
407671,33214
407671,45031
407671,69554
7476311,1007092
4137351,547132
4137351,3402
4137351,91789
2950531,1118432
3323371,1505933
3323371,3646454
4247691,4247589
3594891,1907605
3594891,3315046
3594891,963056
3594891,444225
3143231,217798
3143231,1450
3143231,16013
189751,290419
189751,1020167
189751,186623
2345831,154856
2430171,2339
2430171,3887
2430171,117602
1389911,2697731
1389911,7496
1389911,150165
718491,3049950
7453971,7442467
7453971,6688
8265475,447791
665755,4699833
665755,934812
665755,69009
3435195,619142
3435195,40474
3435195,3368744
3435195,3435175
2960715,932733
2960715,462753
2960715,3629236
3936935,1151541
3936935,16270
3936935,15744
457715,604602
457715,121193
457715,1679538
457715,256955
457715,89404
3166295,838899
130235,468
130235,45031
130235,68532
947395,6231
947395,3010366
947395,1834169
947395,3402
3402455,3402277
3402455,5497636
3402455,3402621
4843915,65187
4843915,2185299
4843915,154292
2528475,177705
2528475,12505
2528475,682931
385055,19836
385055,121193
385055,114776
385055,1381805
3402495,7790603
3402495,4129648
3402495,18097
3402495,4018
2117035,45525
8298335,547572
3335635,3335444
3335635,3589392
268455,89068
268455,658668
268455,194821
245255,8778433
245255,999068
245255,8851699
7814415,3400923
1834415,452534
1834415,4210097
1834415,1124238
1445915,1445926
1445915,426605
1445915,391471
1445915,1835814
1445915,1445941
8327835,4681
1150515,16013
1150515,46562
1150515,3402
3379295,2285953
13955,3278172
13955,195167
1290555,45484
1290555,89068
1290555,923779
1290555,576780
4848375,954075
4848375,1074072
2339695,422515
2339695,1835814
2339695,2339718
379675,5577477
379675,1958009
379675,90259
379675,571031
7131895,25938
7131895,8472687
111415,110466
111415,1382722
111415,194943
1584715,32405
1584715,3400923
1584715,455843
1584715,1381663
1584715,284688
2065455,89706
99955,1223733
99955,1283307
99955,2963505
99955,1225945
5952275,238793
5952275,2949592
1020075,718460
1020075,89068
1020075,45690
1020075,1456397
1328995,1329059
1328995,6899040
1328995,1083225
1328995,4124170
1328995,739147
907135,4520111
907135,11203055
907135,9180434
25695,11929
25695,644394
25695,54576
34616,39895
34616,682587
34616,1173374
8572716,2134773
4356676,2137432
4356676,8767492
4356676,4042323
4356676,946671
4356676,8773831
639496,892913
639496,892941
639496,52828
639496,892768
897136,115699
723476,20432
723476,658668
723476,35344
723476,995676
391136,5121815
391136,10579302
391136,3955153
391136,4853029
1385876,4120212
1385876,1385601
1385876,89068
1385876,26849
70656,3386139
70656,99104
6747376,2701051
6747376,285421
188116,631164
4024136,1148993
4024136,1369086
100116,782
100116,2171137
100116,99956
100116,70704
2868056,46381
2868056,16890
2868056,3441
59096,78539
59096,188311
59096,129136
59096,626265
4159716,4159707
603836,411131
603836,603749
694176,1087456
694176,1835814
694176,198990
3164316,95975
2962396,238793
2962396,2926902
1766676,67318
1766676,3093052
7479596,22603
7479596,119446
2275016,45436
2275016,6491
2275016,38963
37176,1481597
37176,238776
37176,15009
1332536,3402
1332536,4402927
1332536,1190895
4666136,3365634
3282756,14714
18216,2629396
18216,2629373
293416,7637
293416,100450
412416,384662
412416,684550
412416,241768
412416,846602
1847796,2339
1847796,47350
1847796,3402
1847796,3417
4144376,33391
4144376,4105625
4144376,3365711
688696,381459
688696,729898
688696,90323
4509136,1178906
4509136,56669
4693216,3396483
22009,439392
22009,439341
22009,2508524
2152929,2322
2152929,645010
780049,175731
780049,8785974
780049,637636
6618449,6899630
6618449,39365
6618449,6575032
6618449,2280612
6618449,1150007
6618449,3144027
5421029,5437781
5421029,2442896
5421029,897423
379049,90259
379049,8859358
379049,1427068
379049,101856
472449,20256
161349,626842
161349,7235011
161349,288616
421529,59913
421529,8766797
421529,4372838
422829,88515
422829,90259
422829,26048
2399509,195527
2399509,402369
2399509,1666523
2399509,850241
157189,1360413
157189,691914
79289,79066
79289,4000297
79289,1369969
207889,2818592
207889,4042323
207889,92325
207889,3029662
3594469,2480046
3594469,195926
3594469,5990454
3594469,2635213
1958009,379675
1958009,896673
299589,18216
299589,107037
299589,25284
7926869,5977995
7926869,9209558
7926869,7927107
7926869,10021071
188289,2631155
188289,726700
188289,2631177
188289,1500168
188289,1442310
56669,2831267
56669,3297547
56669,2561177
56669,4186764
41429,20194
41429,654945
1113949,5968764
1113949,1146666
1113949,90259
1113949,2423942
294449,15391
1355429,3887
1355429,1070436
1355429,68961
1355429,16252
6830009,8890288
6830009,8434234
6830009,11248307
6830009,3905667
6830009,2897783
207909,29862
207909,7399338
207909,6814367
4057169,4343637
4057169,4050075
7735509,7748751
7735509,7735214
7735509,7784267
700549,215690
700549,6570481
700549,140385
603749,293622
603749,603814
603749,603836
603749,13950
93949,9519355
93949,90259
93949,8770017
1834169,1222759
1834169,947395
1834169,445816
1834169,195167
2332149,16216
2332149,195167
3919009,3402
3919009,746183
3919009,444123
3919009,217798
3413349,8809340
3413349,8768055
3413349,9888025
3413349,2461098
1176649,3229934
1176649,4875227
1176649,537348
1176649,1493372
1176649,789486
4853029,517524
380309,125966
380309,2274448
380309,9197395
380309,96648
259989,429236
259989,3330559
259989,3331470
259989,3330113
53229,54422
53229,54355
53229,54506
53229,54447
620791,1098304
620791,6865241
620791,3387261
620791,11160862
620791,54999
620791,8747316
1209951,501622
1209951,2878378
4520111,4520081
3478031,237634
3478031,1378510
3478031,42900
129131,13950
129131,195167
129131,35178
16591,595058
16591,8765658
16591,710740
1706611,13950
1706611,66341
1706611,4703187
1706611,7107485
1706611,4124170
917531,90259
917531,8769533
4941731,1227544
188311,187830
188311,59096
188311,90259
188311,239450
55511,4210226
55511,3384159
55511,185365
55511,272387
2467151,5703199
2467151,5702837
2467151,5703272
2467151,3203730
2467151,9402521
881531,4808317
881531,8765320
881531,29424
881531,90259
881531,4808329
1069751,552873
1069751,5561648
1069751,58465
109871,109851
109871,5045904
109871,1277774
109871,412674
4123771,4124170
4123771,10181784
4123771,9223890
7690251,7690939
7690251,7787630
7690251,7690909
5898431,4227389
3202311,6832669
3202311,6832630
3202311,1143379
33391,6563651
33391,32571
33391,5476600
5477491,195167
5477491,3396437
5477491,1140487
5477491,2387229
5477491,11217770
705211,1196285
705211,57284
705211,1197045
705211,53092
6725971,962806
6725971,4397773
97971,8613038
97971,2062791
97971,13950
5332031,3034805
5332031,5355757
5332031,8769227
5332031,1785313
5332031,116294
5332031,2341
6701271,17774
6701271,8765041
6701271,11051644
6701271,8490599
3619051,8767492
3619051,1210805
3619051,39365
3619051,10216503
6491,2205099
6491,10792903
6491,9878481
377111,377366
377111,376558
377111,9556837
377111,782496
45031,84540
45031,1143621
45031,1631339
391471,1445915
391471,4948075
391471,391431
606531,8913092
606531,606610
606531,282037
429311,626842
429311,272387
429311,6707390
429311,4210226
429311,8344774
3307591,9099981
3307591,9877950
3307591,3310123
3307591,3307805
151855,8848629
151855,300626
151855,641363
151855,59913
640755,1553605
640755,971533
640755,39365
455855,10316745
455855,567932
455855,113956
455855,567830
3322855,4692663
3322855,1505445
3322855,3343324
3435175,1045770
3435175,3435195
3435175,3219612
3435175,39365
7623415,7626640
7623415,8826241
211075,8766797
211075,126398
1914255,6929300
1914255,2388715
1914255,8770017
1914255,8780760
1914255,8780824
655975,6610101
655975,2339
655975,91300
1710795,120050
1710795,1343268
642495,424878
642495,429226
642495,44057
642495,571038
4948075,1219150
4948075,7895217
4948075,391471
4948075,1783912
4948075,8768055
4948075,20256
422515,1610113
422515,79343
422515,715824
5121815,1349110
5121815,391136
8423975,2888510
896275,424531
896275,571038
896275,896585
896275,248319
896275,428813
64435,134980
64435,2355727
64435,2355746
64435,24338
64435,765982
4040675,4039995
4040675,2457982
4040675,2342701
1208935,5385
1208935,7375
1208935,16216
1208935,433077
1208935,666109
958855,233692
958855,881717
958855,69009
50935,3166295
50935,442767
50935,8778270
50935,8765658
50935,2559204
181455,8809340
181455,445816
181455,4889688
181455,2533618
119995,119826
119995,120050
736615,12852
736615,52828
4869155,3469391
4869155,6701561
4869155,3033588
4869155,6609499
4869155,4226295
4869155,20256
568615,283103
568615,149182
568615,740554
91155,626654
91155,629944
91155,626842
91155,8765658
8594275,629236
94955,377007
94955,924116
94955,2284836
94955,185365
48915,1192557
48915,53767
48915,2831267
48915,1087255
2145815,263108
2145815,7496
998755,4007675
998755,8765658
998755,2622425
998755,8780824
291175,3564287
291175,1755442
291175,457715
1011995,3589428
1011995,150519
1011995,256373
17875,5716314
17875,195167
1162175,1454862
1162175,198990
1162175,3935641
1162175,10024295
735836,241559
735836,39365
735836,735913
381956,1179012
381956,1958009
381956,2636429
381956,9606321
60956,655793
60956,1052681
60956,614049
60956,12928
60956,67543
1062836,13024
1062836,59913
1062836,2692916
712956,40432
712956,3287304
712956,1493801
712956,90259
648896,194582
648896,3402
648896,2475113
568576,158511
568576,90259
568576,240931
568576,697037
568576,388590
2336,94590
2336,195167
2336,3278172
154856,4174531
154856,1958009
154856,768884
154856,2345795
154856,8811192
2642456,2339
2642456,565110
2642456,213358
8608036,2253874
8608036,595249
5497636,5497642
5497636,5497659
5497636,219758
1616116,272737
1616116,1835814
1616116,26085
1616116,594873
7435136,577977
7435136,1445013
196476,2290584
196476,3384754
995676,8765894
995676,1920899
995676,137808
995676,737172
4075616,9463582
4075616,2776439
4075616,4141665
45436,195167
45436,1383005
45436,1195124
45436,2831267
1323276,1951155
1323276,4224048
1323276,4224317
196816,145013
196816,2897932
196816,337583
196816,195167
2557516,153474
2557516,61088
2557516,71863
640916,3390909
640916,8765658
640916,8825535
640916,39365
37416,13950
37416,536868
37416,8348152
37416,429236
3064296,2280460
3064296,545089
3064296,545199
76376,195167
76376,3885905
3498816,1420300
3498816,2423942
3498816,4080098
3498816,39365
6706356,6765190
6706356,9622724
6706356,5744308
6706356,4799528
6706356,59179
963056,2529324
963056,1084442
963056,4670789
1299056,3887
1299056,7496
1299056,447791
1299056,635810
203356,6505698
203356,6505136
203356,5386564
897036,379169
897036,115699
70036,192549
70036,140385
70036,837098
129136,39365
129136,2894691
129136,9149289
129136,9149294
3275796,4703187
3275796,39365
3275796,9031564
63776,590225
63776,59913
63776,3510198
63776,2109572
5988356,7943299
5988356,7690409
216056,2837949
216056,2837768
216056,9688251
216056,90259
216056,2837930
1710776,120050
1315556,866925
1315556,665507
1315556,197997
1315556,232153
1315556,1279829
5454116,5421029
1785716,25214
1785716,8939293
1785716,444391
1785716,127911
1785716,384923
8536,468
8536,1706368
676616,8802987
676616,8838437
676616,1828506
179076,53473
179076,222754
179076,9204235
444716,2831267
444716,53767
444716,7273225
2629396,984233
2629396,694875
2629396,18216
4575756,1387542
4575756,1381646
4575756,111415
4575756,1387559
692536,2199960
692536,2653943
692536,8822466
729716,128830
729716,1369969
3209276,8791165
3209276,1333550
3209276,3060561
3209276,219567
3209276,606610
1197456,185365
1197456,10681956
1087456,697944
1087456,415328
1087456,694176
452256,1499278
452256,264423
452256,101856
452256,740104
54576,406545
54576,1516475
54576,8983669
54576,16466
99956,5993506
99956,100294
99956,8780211
99956,8803453
99956,100197
3223036,1042321
3223036,8473588
3223036,90259
1343756,871851
1343756,1643110
114776,627427
114776,90259
114776,15009
2764636,2716564
2764636,2773025
2764636,4993046
2764636,1577167
696876,140385
696876,1835814
696876,1858005
696876,1731088
487556,2614460
487556,8968331
487556,2963505
512176,78945
512176,903853
512176,8797606
19836,1624429
19836,730992
19836,1624486
