641420,7790603
641420,2339
641420,455843
63680,2018550
63680,59913
63680,90259
63680,1546239
1838660,904313
1838660,154556
1838660,1838781
444485,47344
444485,654945
444485,71968
444485,3417
444485,226967
444485,269788
1226766,2206856
1226766,17467
1226766,108174
789486,1025117
789486,45687
789486,60679
483600,572129
483600,10888218
918665,39365
918665,2062791
918665,3798549
992925,113956
992925,2844949
992925,8800539
992925,922480
502225,273356
502225,1686227
502225,1972887
654945,2831267
654945,1087255
654945,444485
654945,1926810
946705,2323811
946705,950051
946705,2324026
59105,551626
59105,1768120
59105,584597
1674005,1686227
1674005,1333037
1674005,1686498
443746,53767
443746,1087255
443746,185365
443746,1161997
626186,2238339
626186,2710688
626186,1755442
108646,694931
108646,107301
108646,1050186
912648,5750110
912648,90259
912648,202442
912648,914319
89068,185365
89068,1087255
89068,2363940
269788,1087255
269788,2831267
269788,444485
8357908,8766905
8357908,4042323
573848,13950
573848,1019090
71968,53767
71968,6565450
71968,32571
922480,513878
922480,1031631
922480,1354332
2996020,534
2996020,7496
6929300,4078409
4020700,4014648
4020700,7790603
2149780,904313
2149780,4144360
2149780,1838781
1768120,175020
1768120,59105
2363940,119478
2363940,54476
2363940,43129
99625,3204407
99625,932733
2504345,186347
2958105,98209
3885905,3402
3885905,2136
3885905,621804
1210805,120076
185365,16013
185365,195167
185365,69009
39365,5913112
39365,11092452
39365,11092583
39365,8830418
3153065,1753035
3153065,61443
3006425,1838781
1050186,718880
1050186,90259
1050186,8780760
80586,150050
80586,3830
79066,70779
79066,684550
79066,61048
2324026,946705
2324026,2706595
1507186,195167
1507186,194943
1507186,456022
1507186,47344
489586,8797606
489586,2020415
489586,1165199
489586,9362179
119446,1329059
119446,4243803
119446,572000
119446,671304
16466,72537
16466,92173
16466,16013
16466,195167
551626,8357660
551626,451664
551626,376500
551626,195527
4198246,2325187
4198246,25659
4198246,262837
4198246,3402
29948,2066460
29948,3402
52828,540303
52828,7041775
52828,11094828
52828,11094952
52828,7449498
2710688,1460729
2710688,150183
2710688,534
2710688,46115
2710688,626186
1629388,70779
1629388,248468
1629388,34607
536868,71968
536868,194943
536868,3387521
59128,255142
59128,45614
59128,913203
572000,16013
572000,651415
572000,195167
572000,654945
572000,456022
1029300,681670
1029300,429236
1029300,1230106
2066460,1519037
2066460,79936
2066460,9287032
2066460,4073752
2066460,39365
8357660,8754404
8357660,8754418
8357660,9861364
8357660,9861418
186380,495394
186380,5331020
186380,429236
1751240,1985864
1751240,20432
4870200,4086690
4870200,950051
4870200,2717653
2811600,4860062
2811600,429236
695480,272737
695480,1835814
695480,916390
695480,90259
2169240,9840155
2169240,10388423
2169240,3387261
2169240,8439459
718880,508113
718880,1445619
637220,3379298
637220,7319341
637220,4086690
637220,950051
1929220,7503454
1929220,1686498
1929220,275430
4144360,8765658
175020,66341
175020,263328
175020,580962
292425,1171916
292425,4186764
292425,4441745
667925,770678
667925,5904549
667925,3145771
267705,1087255
267705,3085536
267705,185365
95105,7496
95105,415730
95105,1349110
95105,25938
1690045,165134
1690045,3428159
2325006,5903650
2325006,3979572
2325006,4060643
234046,195167
234046,53767
234046,429236
5993506,3400923
5993506,5988442
5993506,6841952
284688,32571
284688,2647242
2558988,4042323
2558988,195167
551768,1087255
551768,1781693
551768,1755442
6747228,285421
6747228,7790603
947468,85756
947468,8766814
1455328,2965470
1455328,2831267
1455328,8776187
1455328,5331020
4133508,3327620
4133508,8039204
4133508,5380549
4133508,5993506
248468,2608864
248468,902870
248468,28526
2183768,1718
2183768,1689444
2183768,3321555
2183768,534813
61048,115927
61048,2321219
61048,79066
4014648,4015740
4014648,3356198
4014648,4020544
4014648,81868
4014648,4020907
422508,90259
422508,781345
422508,426605
3648768,9970053
3648768,90259
3648768,3798549
205680,109871
205680,63680
1291740,3911247
1291740,8768
2874320,374689
3327620,979719
3327620,18732
5777220,502164
1366920,1528439
1366920,3493781
1366920,5170617
125520,14597
125520,15926
125520,2003839
125520,415749
722740,658668
722740,676115
722740,1206839
722740,53468
53060,3417
53060,1769451
53060,52800
53060,6816985
5331020,1516102
5331020,2433212
4015740,5459705
4015740,3365711
4082580,8121005
4082580,4082263
4082580,5348296
903440,287015
903440,1929220
259620,654945
259620,194943
259620,71968
259620,3387521
4408385,3020900
4408385,1499506
4408385,3278172
4408385,16013
4408385,269788
78945,70779
78945,684550
78945,70704
377045,706222
377045,286165
377045,376558
377045,151424
1332625,982276
1332625,2339
1332625,7790603
1332625,1190895
1332625,18097
106805,3020900
106805,7259044
106805,399586
581565,15744
581565,26849
581565,399586
1865065,505475
1865065,7496
1865065,1115164
224285,194943
224285,195167
224285,16013
36905,24501
36905,405908
36905,191264
36905,72537
1944145,76652
1944145,659655
1944145,213358
8121005,52828
8121005,8762970
8121005,8844480
1383005,16013
1383005,18154
1383005,3402
1383005,269788
781345,554842
781345,979532
781345,1190895
426605,718460
426605,14714
426605,34194
426605,451939
426605,23803
293745,189286
293745,5988442
293745,696517
46805,125577
46805,89404
46805,1515658
46805,1382473
5385,269788
5385,1937200
5385,1230511
5385,455843
5385,16013
2416305,2811600
2416305,654945
1533925,15322
1533925,72537
6930905,4078409
6930905,1720
2884985,16619
2884985,64406
2884985,12486
151885,1780109
151885,13950
151885,1779712
4441745,1382473
4441745,18154
4441745,3417
4441745,3402
4441745,119478
13525,13650
13525,39365
1521306,69014
1521306,72537
28526,3830
28526,99075
28526,26613
2055106,67180
407326,536844
407326,11929
1423306,108457
1423306,7496
1230106,4294812
1230106,518927
1230106,115081
1178826,83465
1178826,174982
4523766,43558
60426,840773
60426,194943
60426,69009
4818166,6841952
4818166,3174444
3494226,4156873
3494226,129217
3494226,47056
4133446,264408
4133446,213358
402826,165134
402826,68532
1430886,645636
1231966,455843
1231966,1230511
1231966,1937200
2838666,47575
2838666,3911247
2838666,732049
1299946,63680
1299946,697394
1299946,1753035
1299946,3049950
2108946,2767362
2108946,984233
2108946,4159707
2108946,3911247
25768,221001
25768,1780109
25768,95105
25768,139248
25768,3990652
25768,1872797
7425088,194930
7425088,932733
7425088,444250
3480088,3480067
3480088,3319163
3480088,1191839
3480088,5988442
919628,335082
919628,35281
8604068,3403
8604068,13911
8604068,268317
12928,45614
12928,932470
1477408,904813
1477408,45614
3117248,96853
3117248,18097
3117248,3911247
3117248,4121758
21828,259501
21828,710740
21828,59913
2878948,3039347
2878948,2041453
2878948,97173
186348,195167
186348,654945
186348,3278172
7110948,1769451
263328,2826827
263328,45484
263328,22464
1720,581565
1720,32571
1720,6833467
1720,195167
1720,1087255
6640,195167
6640,429236
6640,13950
4208980,10063822
4208980,8465024
879560,4080623
879560,20256
879560,6835283
1590580,1516333
1590580,134618
1590580,32405
1161400,4397773
1161400,3711985
1161400,4078169
1937200,5385
1937200,16216
1937200,3384764
94160,520782
94160,1950828
94160,39365
94160,20256
1443960,620759
1443960,3332872
3020900,9894370
3020900,1332703
3020900,4408385
3020900,9562346
780620,1520929
780620,101856
780620,2244595
1292980,195167
1292980,3384159
1292980,53767
710740,534
710740,15322
710740,120050
4060200,4050075
218640,245255
218640,1445619
218640,99955
718460,426605
718460,31818
718460,101856
52800,9579196
52800,8765658
52800,53060
114740,114812
114740,1207159
114740,114747
114740,115150
67180,2345831
67180,67165
385285,1031474
385285,4051149
385285,1518987
385285,9843974
1381805,4080737
1381805,3393983
8652785,5380180
8652785,516942
8652785,3377193
422945,194943
422945,186348
422945,7375
83465,86230
83465,70174
6532865,15322
6532865,16252
6532865,3417
6532865,217798
6532865,3032678
5459705,5463232
5459705,8765317
5459705,5463258
5459705,8769370
6618385,6919761
6618385,6537029
6618385,18101
6618385,235795
136625,1013598
136625,654945
136625,3278172
1907605,525412
1907605,8768055
1907605,8766905
1907605,1048448
1907605,4889688
1498805,189751
1498805,1057271
1498805,8607
1498805,2537608
122565,571031
122565,897036
122565,430211
122565,1083961
286165,2906905
286165,8785974
45525,2107276
45525,121335
45525,179976
45525,1631339
45525,2117035
2461745,10494518
2461745,5771950
2461745,40432
6816985,11204077
6816985,439290
6816985,8838437
32405,4324558
32405,1087255
32405,185365
32405,53767
32405,2831267
1329165,1160220
1329165,1559749
1329165,11126952
1329165,376809
30145,90259
30145,1493801
30145,1382622
30145,1489821
3897925,3898213
3897925,4013063
3897925,3898021
283025,919628
283025,723476
283025,1329780
283025,1562587
626265,40788
626265,678261
626265,677504
626265,90259
626265,39365
2417566,1866871
2417566,662504
2417566,1142893
2417566,1227544
621666,6747376
621666,16216
621666,1505445
621666,195167
1071506,1682353
1071506,10535966
1970686,8970174
1970686,4011401
6882726,25938
6882726,6919761
6882726,8472687
6882726,1328995
12486,1087255
12486,402826
1235886,12689
1235886,193998
1235886,18178
189286,39365
189286,1835814
189286,293745
189286,1158650
1369086,185365
1369086,1610499
3391746,4222410
3391746,3402495
3391746,620759
2003146,451939
39146,53767
39146,3143231
39146,1149365
39146,1502641
89706,9381029
89706,481507
89706,1178826
89706,2065455
1829866,3087615
1829866,1628997
1829866,18154
2323646,946684
2323646,6836
2323646,10463716
2323646,4684286
2323646,71968
2323646,5808488
1178906,42890
1178906,3907919
1178906,4510642
606646,259620
606646,606610
606646,2445105
606646,414354
133986,4418703
133986,4418641
133986,567932
6293126,5994113
15926,125520
15926,937520
15926,241559
15926,241736
790206,59913
790206,12928
790206,198990
64406,2333713
64406,61039
64406,713591
64406,1765403
1209106,456439
1209106,8809340
6608006,3088507
6608006,1209470
6608006,662543
1169026,10652705
1169026,8773897
1169026,9963051
1169026,3379298
1499506,4408385
1499506,400047
1499506,7375
1499506,194943
1325486,8774244
1325486,8767492
8768,13950
8768,572000
200408,2716564
200408,979397
200408,429236
200408,1847796
200408,4416117
4154428,4154453
4154428,20256
7735448,47900
7735448,7761041
7735448,3103132
7735448,7748669
3054608,2109572
3054608,385055
3054608,1161077
3054608,1150515
25288,2386995
25288,126398
903968,1098304
903968,1322
903968,90259
903968,128830
142428,916390
142428,14880
142428,12852
1503968,5398459
1503968,1686227
1503968,619479
1503968,2135341
4256448,2121789
4256448,3209340
144708,198990
144708,331073
144708,90259
405908,221469
405908,202200
405908,8773911
405908,7814415
264408,185365
264408,195167
49908,2831267
4946168,6555378
4946168,6898425
4946168,5884496
4946168,184187
4946168,119446
658668,268455
658668,1493801
658668,722922
5987848,3942747
5987848,4043402
5987848,4124170
5987848,739147
624788,2560954
624788,3384159
624788,3384754
624788,195167
1980728,1507186
1980728,1848189
1980728,4124170
1656168,793029
1656168,2341141
1656168,39365
1656168,1735242
1656168,101856
3422048,3417830
932008,53767
932008,195899
932008,931996
932008,1143379
3508308,13582
3508308,422508
3508308,109015
3508308,7768
4518160,558519
1420300,3167807
1420300,3952658
1420300,4077631
1420300,152139
1420300,53468
207120,87535
207120,24659
207120,421943
207120,14782
221020,17389
221020,97173
221020,220668
221020,1559268
221020,4133508
221020,72280
84540,43558
84540,45031
84540,45039
84540,383384
84540,3278773
84540,547572
136660,626265
136660,253506
136660,13616
1124800,8822466
1124800,210758
1124800,8766797
1124800,698910
14880,2439808
14880,288368
14880,694931
202580,4114793
202580,284688
129300,40415
129300,264408
129300,1942279
1160220,127522
1160220,1329165
1160220,645120
3416680,103390
3416680,1374384
3416680,3887
3416680,1450
2529660,47344
2529660,1349110
2529660,2441411
937520,78834
937520,113358
937520,107438
937520,101820
937520,60679
3209340,4566019
3209340,8765658
3209340,4256448
202200,3274540
202200,1489506
202200,95469
202200,402267
202200,684550
903580,2041453
903580,287015
424140,150922
424140,198990
424140,224780
424140,1835814
424140,90259
424140,4659515
5380180,3163610
18020,3621159
18020,6231
18020,2421674
18020,3922383
18020,3595597
2199960,25288
2199960,692536
402840,1035731
402840,239543
402840,5788360
402840,1329099
56880,195167
56880,654945
56880,1013598
1392380,5910606
1392380,718460
4673640,4018
4673640,4672824
4673640,32405
4673640,3104484
3002140,1706611
3002140,207889
3002140,374854
3002140,14737
2179380,3417
2179380,1293434
2614460,447806
2614460,487556
2614460,7101682
2614460,18732
1747780,3365711
1747780,3504878
1747780,2056174
6643280,1535077
6643280,2058398
1329780,205354
1329780,1329703
8421180,2058398
1496540,56880
1496540,401393
1496540,8765712
1496540,921920
42900,4009390
42900,66732
42900,269788
3204820,739758
3204820,1227544
3204820,1450
22185,16890
22185,376558
22185,3049950
22185,113326
7273225,54545
7273225,444716
7273225,65187
1705325,1502641
1705325,429236
2636365,381956
2636365,4046390
132005,269788
132005,3417
132005,119478
232905,262233
232905,3589428
232905,179076
232905,244958
232905,774681
2950525,1118432
2906905,2603693
242085,384662
242085,2771845
242085,101820
3245485,385294
3245485,385285
2622425,40474
2622425,998755
1728225,2350337
1728225,881531
1728225,705861
6608525,2339
6608525,1515658
6608525,3402
6608525,32405
3711985,5385
3711985,2399509
3711985,8834111
1083225,29770
1083225,1328995
1083225,165134
4989225,3505900
4989225,605599
4989225,8834111
2950305,70862
2950305,1020167
2950305,98209
921385,2632270
921385,631164
95845,21857
95845,705217
95845,14890
95845,1588713
985405,1443757
985405,7435136
985405,1761281
140385,696876
140385,700549
140385,696986
4141665,4075616
4141665,117602
5469625,9021943
5469625,5469639
4666565,699030
4666565,5470723
4666565,967866
4666565,47164
4666565,89068
1905405,1905312
7538905,2949800
1433365,385294
1433365,526259
1433365,1456397
1505445,621666
1505445,3322855
1505445,4323138
1574925,37213
1574925,1476492
1574925,917531
58465,3402
58465,117992
684545,384662
684545,78945
684545,13650
684545,120835
684545,8786793
590225,286165
590225,72537
590225,63776
199805,21726
199805,2461699
199805,1313701
199805,3054608
199805,199411
3335845,3335444
3335845,8528
4686805,2767362
1149365,399586
1149365,238898
1149365,2323
1149365,1197456
1149365,1147472
282605,644379
282605,267289
282605,969922
706345,64435
706345,644739
706345,19836
2963505,736541
67165,119446
67165,1348154
67165,401018
67165,1083054
67165,917940
1140586,421529
1140586,7496
1140586,3389087
1140586,3417
1140586,1914255
1140586,2443565
695946,439290
695946,62402
695946,571031
695946,101856
1680066,513
1680066,32291
399586,106805
399586,53767
399586,1087255
399586,32571
3595386,3594469
121526,418594
121526,286165
121526,696517
121526,121241
496206,94703
496206,90259
496206,8766814
4684286,3587627
4684286,195167
4684286,134217
4684286,71968
4684286,665524
5332066,262890
5570446,2387451
891006,890677
891006,35591
891006,827644
1459086,194943
1459086,12486
1459086,1031804
1459086,1038422
6893786,2672782
6893786,3719797
6893786,6765187
6893786,2280606
36066,195167
36066,1386533
404806,11929
404806,188548
5462586,8777526
5462586,20256
5462586,8476633
5462586,8864440
5462586,2702152
5384246,256955
5384246,429194
5384246,5383992
5384246,47350
5384246,72169
2117046,1769451
2117046,5710400
421166,780668
421166,45484
421166,645143
421166,705211
421166,34194
999406,6231
2168726,8882383
2168726,2168783
2168726,90259
2168726,2168761
6691086,263530
6691086,2455514
6691086,47344
54506,11539
54506,47743
54506,53229
54506,619114
439166,22009
439166,30008
439166,1953513
2292506,287349
2292506,1629776
300626,191264
300626,151855
420786,1956183
420786,8766797
420786,2175663
1828506,676616
1828506,5044960
1042808,83779
1042808,376500
4172848,2764636
4172848,8357660
430788,727907
430788,781322
5483448,4402927
2131968,187754
2131968,1519787
1508908,3387521
1508908,92173
1508908,195167
1508908,16013
239748,269788
239748,239643
239748,1013598
3229508,3229506
3306768,697944
1950828,4631469
1950828,214324
1950828,1437527
7768,9929718
7768,242642
7768,35178
644988,1616116
644988,451939
644988,424531
644988,144649
468,2151100
468,8536
468,1443960
658928,8770017
658928,727943
658928,442767
6825768,1064963
6825768,3480857
6825768,17875
2837768,216056
7591208,1337688
7591208,219293
137808,800481
137808,136897
137808,16890
651688,2309185
651688,4456556
651688,1023204
651688,1956044
4889688,4048988
4889688,8657299
1720048,4046390
1720048,3365634
292488,6930622
292488,979719
292488,39895
1952328,3379298
1952328,195167
1952328,4650363
3589428,5993506
3589428,9153664
3589428,1011995
3589428,8842651
1768648,59105
3455868,45484
4799528,6706356
4799528,3901520
241768,185365
241768,429236
241768,195167
4222868,1323276
5983268,2441598
5983268,2001213
5983268,9009661
5983268,1735242
1048448,3117289
1048448,411343
1048448,1907605
1048448,20755
1540468,2911779
1540468,8911807
1540468,11008762
1540468,11008382
2537608,482902
2537608,1498805
96648,47344
96648,129379
96648,262837
1444808,706120
1444808,186901
1444808,228273
1444808,145992
6535808,5856998
6535808,6893786
6535808,7110948
376500,1042808
376500,39365
376500,90259
376500,289807
616620,2077881
616620,163135
616620,722922
616620,4235676
661420,44442
661420,39365
661420,946742
583880,1070697
583880,1584625
583880,654856
648560,483793
648560,1495337
1293440,185365
1293440,4042323
5788360,16216
5788360,8778265
5788360,11203389
5788360,2821465
492640,285761
492640,5993506
492640,584816
492640,8764421
1517280,2359091
1517280,5951741
1517280,39365
5710400,10463192
5710400,9432474
93060,93503
93060,68990
93060,1083225
292220,6923406
292220,4042323
292220,13950
2949800,7538840
2949800,8820459
2949800,113555
2949800,1735242
6928840,2474484
6928840,2671212
4126760,10300224
4126760,9168127
4126760,10300103
4126760,4993046
4126760,3430899
4126760,1563532
58200,5893681
58200,1502641
4960,29564
4960,90259
4960,232905
4960,41429
2151100,54576
2151100,4629589
2151100,2339
224780,149106
224780,424140
224780,198993
224780,376904
224780,644739
706120,81292
706120,12928
706120,9142420
1264700,128830
1264700,1829866
645120,694931
645120,8767688
645120,9068014
645120,1160165
5044960,565234
5044960,1828506
5044960,39365
5044960,1735242
6899040,6565942
6899040,6898540
6899040,3389876
921920,1658269
921920,579368
921920,1496540
921920,661289
921920,152504
3402280,11139640
3402280,8272540
3402280,3342195
3402280,2274152
2751720,3373495
2751720,215690
5889080,1074072
5889080,97173
3505900,3402
3505900,2339
3505900,16013
641600,780713
641600,9048628
641600,780325
441220,99625
441220,15767
441220,4279462
441220,16216
101820,1629388
101820,7115220
101820,613859
3901520,39365
3901520,4799528
3901520,3593489
3901520,4799563
3901520,8767812
917940,1083783
917940,14570
917940,67165
917940,400292
3274540,202442
3274540,1019629
3274540,4001554
3274540,8786255
3274540,4001523
13100,2082800
13100,3400933
13100,13950
4689280,4689457
4689280,4689358
4689280,2722043
4689280,35381
4689280,8768126
1850920,2960715
1850920,5612114
1850920,3368416
1850920,194943
1202400,9561100
1202400,1929777
1202400,8234678
1202400,8763510
1202400,1186675
654580,90259
654580,3410084
654580,2109572
654580,919628
2040200,618123
2040200,3905338
2040200,1474618
2040200,2265227
783320,101856
783320,780325
783320,8785974
30820,8787588
30820,407326
444225,4793610
444225,1485253
444225,4960492
444225,3237222
444225,3315073
3430485,3430562
3430485,4151010
3430485,4992009
3430485,3403341
4406805,1750971
4406805,1157076
4406805,4103664
4406805,8767331
4406805,3111017
4406805,2312478
345725,7010593
345725,90259
345725,218127
12505,273356
12505,653771
4861245,194943
4861245,288616
4861245,1470885
4861245,7572850
648905,440275
648905,46381
648905,3402
648905,4018
648905,53468
4105625,3390677
4105625,6829326
4105625,298301
4105625,10654752
730985,730992
730985,8764421
730985,39365
730985,20256
176525,2341692
176525,11212562
54545,106805
54545,1149365
54545,4082580
1580985,288616
1580985,3379298
1580985,1144250
1823605,1690101
1823605,9292617
1823605,2702152
1823605,2137432
3001645,55377
3001645,1329059
3001645,194943
3001645,11184241
3356265,5993506
3356265,9988997
3356265,9275933
3356265,5380549
6823765,1292361
6823765,1502679
6823765,1485253
6823765,257986
4661605,4799396
4661605,8596628
4661605,8859225
4661605,12975
3342945,116294
3342945,720382
3342945,16216
3342945,666109
3342945,428140
2309185,3121262
2309185,70253
2309185,1381663
453945,90259
453945,1835814
51985,661242
51985,53767
51985,262160
51985,7287180
149505,928370
1283125,1331854
1283125,43129
1283125,12646
2669605,4672
2669605,404377
2669605,3487
1225945,5400853
1225945,203356
1225945,5914783
1225945,99955
1740345,598934
1740345,8767493
1740345,930341
153005,9478817
153005,1686227
153005,653771
2771845,39365
2771845,9649258
2771845,2771890
2300385,70253
2300385,3435233
2300385,516881
2300385,134618
2419165,496206
1589105,194943
1589105,3402
1589105,2078325
1239785,535351
367925,105897
2838665,4212992
2838665,4042398
3577245,1231647
3577245,2205099
1903485,35381
1903485,4418742
1903485,1142950
1903485,8765526
150165,26613
150165,4074736
150165,90259
150165,471973
150165,94634
150165,26085
525645,90259
525645,1335475
525645,8800257
525645,188116
525645,59913
48885,198990
48885,8766797
48885,90259
550365,1324686
550365,1835814
550365,139248
550365,144649
177705,8765658
177705,595058
177705,1639024
3624925,5993506
3624925,39365
1355345,865486
1355345,19836
113385,2205649
113385,221001
113385,2151100
2894545,4343588
2894545,4024136
2894545,3407072
2894545,10386991
2341045,646502
2341045,620759
2341045,4416041
2341045,250452
2341045,11213135
780325,780713
780325,1835814
780325,525412
1636005,8767492
1636005,2477570
1636005,8767493
1636005,39365
451645,59913
451645,421529
451645,8807264
451645,1835814
383886,1720842
383886,916390
383886,121335
1444786,90259
1444786,236565
1444786,1985864
1444786,925418
452126,13643
452126,401393
452126,452134
452126,90259
13626,8942126
13626,8799353
13626,13650
677906,1329059
677906,3942879
5708166,1777745
5708166,1178698
2343526,52828
2343526,8775267
2343526,649261
2343526,1161099
1020266,45690
44506,7814224
44506,4042323
44506,9472072
44506,2151100
44506,687481
125686,90259
125686,1219538
125686,93503
125686,125609
502746,1675913
502746,29862
502746,1675842
502746,1676039
5910606,5910693
5910606,1198083
5910606,2400139
549666,90259
549666,198990
549666,9045589
549666,41429
549666,571031
21726,1535562
21726,3984484
21726,2954306
21726,66341
21726,13950
37486,62154
37486,61794
37486,2641459
400506,1577450
400506,9209421
249546,9894761
249546,11139827
249546,1556206
249546,2770846
568566,692645
568566,8764718
568566,272737
568566,18178
696986,8797606
696986,1034640
696986,1835814
696986,140385
447806,10672375
447806,5351589
447806,10509276
110466,77772
113326,8785974
113326,780325
113326,1835814
422626,90259
422626,8766797
422626,198990
3315046,3315073
3315046,3594891
3315046,3482657
998326,3067972
998326,4196049
998326,3390317
3229506,3229508
3229506,8765041
3229506,1623900
3229506,90259
954946,694145
954946,954914
954946,1696115
6586106,6586053
6586106,8258881
6586106,8637717
6586106,2963505
6586106,7041564
34926,2142866
34926,34630
34926,239450
231466,1493801
231466,405819
231466,9100780
384366,90259
384366,198990
384366,2360860
384366,1967008
257986,69009
257986,71968
257986,125221
257986,1326063
728626,728374
728626,3073070
253506,245805
253506,1220926
1445926,1445915
197306,645166
197306,9083337
197306,473692
3010366,947395
3010366,552217
3010366,2238281
8400206,1643110
77446,194943
77446,654945
77446,1382722
2280606,6635530
2280606,13950
2280606,6893786
188548,90259
188548,8770017
188548,404806
188548,1493801
2444768,4152447
2444768,4042323
2444768,731111
2444768,5380549
288368,130305
288368,9815526
288368,189751
288368,90259
1559268,426605
1559268,8765695
1559268,4025188
1559268,8767493
1590968,9330
1590968,207909
1590968,4124365
1590968,2339
1590968,61486
2439808,14880
2439808,644475
2439808,1019559
2439808,8764431
2312128,28882
2312128,2106748
2312128,1436848
2312128,262837
1706368,4993046
1706368,614181
1706368,2870373
1706368,2035386
1337688,1937531
1337688,195167
1337688,7591208
287508,1889541
287508,1081876
287508,1538115
287508,551626
1382388,452134
1382388,646046
1382388,678242
1382388,1239448
412208,8907854
412208,12928
412208,8777970
412208,90259
412208,654290
30008,1916972
30008,2453024
30008,3165690
6688,10957231
6688,46827
6688,402826
999068,59105
999068,119446
999068,4209713
999068,998547
999068,573848
999068,1020842
4048988,4889688
4048988,8922450
4048988,4889660
4048988,37290
78808,90259
78808,242033
78808,3163798
78808,199436
4137628,628228
4137628,407940
4137628,71968
4137628,55964
421648,1540447
421648,1148622
421648,87419
421648,595058
421648,1159221
6617768,8472641
6617768,4669667
6617768,8449942
892768,94160
892768,1629776
892768,639496
632988,9547225
632988,2474310
632988,2168761
2280648,1848189
2280648,1829866
77968,128830
77968,1052681
932168,2497003
932168,411157
4123828,1513600
4123828,4124170
4123828,739147
3492708,97173
3492708,1171777
8528,3919009
8528,53767
8528,3384159
8528,1926810
54988,53767
54988,1161997
54988,444485
220668,221020
220668,220968
220668,1498657
4129648,8767493
4129648,52828
4129648,9595833
4129648,8767492
780668,1196412
