96853,2062791
96853,572129
96853,914319
96853,10256378
3042072,60679
3042072,45687
1112958,2137432
1112958,2396031
1112958,1210805
1112958,946742
119478,3387521
119478,654945
119478,10605041
119478,2811600
153798,111967
153798,273356
153798,99625
153798,8815901
2702152,244411
2702152,1389753
2702152,2701051
524552,4120139
524552,120076
524552,59105
1196412,1025117
1196412,43558
1196412,1054607
1438532,407603
1438532,109418
1438532,109011
2137432,1029300
2137432,534
2137432,243824
1559358,26849
1559358,19141
1559358,131882
4132038,3174444
4132038,4870200
4132038,2325006
6642778,1535077
1686498,651953
1686498,1674005
1686498,1719156
1686498,154292
1686498,1929220
3278172,195167
3278172,3387261
3278172,2290584
3309532,4818166
3309532,8149922
20432,1196517
20432,782459
20432,1752412
1354332,4708343
1354332,194943
1354332,7375
154292,5771950
154292,2614460
154292,1087255
547132,195167
547132,1087255
547132,288616
547132,13950
2516892,429236
2516892,1329059
2516892,1071982
2516892,903880
3192272,9816997
3192272,9816998
3192272,2324337
583912,233734
583912,584816
583912,113956
5913112,789581
5913112,8882110
5913112,39365
6528612,2831267
6528612,455190
6528612,1087255
6528612,194943
6528612,6628269
217798,6565450
217798,2363940
217798,1353273
217798,2831267
238898,3590364
238898,29862
113358,551626
113358,242642
113358,113159
113358,19887
4121758,5990454
4121758,2702152
4121758,1332625
4121758,3117248
241998,259620
241998,1485253
241998,3386394
241998,16216
513878,3898021
513878,20256
513878,39365
43558,444485
43558,4523766
43558,629944
43558,1196412
43558,185365
32058,1908970
32058,2055106
32058,9319635
32058,1535562
109418,2258544
109418,9159979
109418,109743
213358,1208690
213358,185365
213358,106805
6841952,4890682
6841952,4857913
6841952,6851463
6841952,1161400
3930092,427771
3930092,56382
667832,8923313
667832,401393
667832,674964
94412,698910
94412,8766797
94412,26085
94412,568784
94412,1165199
1752412,20432
3979572,2694018
4474872,53468
4474872,18154
4474872,1450
4474872,3441
4474872,4018
2960532,419311
3332872,294603
3332872,1191839
3332872,1443960
3332872,91789
567932,16890
567932,133986
567932,619296
8347452,217659
770678,797152
770678,2079441
770678,667925
25938,9099981
25938,6882726
25938,6618385
5918,411343
5918,3830
8754418,8357660
1852418,91789
1852418,217846
1852418,18154
1852418,1503968
6618338,6537029
615758,109011
615758,697552
615758,2944515
615758,263224
615758,218530
4014458,4864149
4014458,5951741
4014458,8802555
729898,1201481
729898,2401667
729898,90323
3379298,2397063
3379298,2285953
3379298,551768
3204818,114917
3204818,3033371
979532,8775267
979532,12928
979532,768884
2433212,11269785
2433212,5331020
2433212,7375
2433212,979397
797152,52828
797152,8765317
797152,69554
797152,1623900
785612,35381
785612,903853
785612,25953
3438712,4049374
3438712,445112
3438712,4689373
1476492,5993506
1476492,7538905
3316812,3327055
3316812,1420300
3316812,4803789
645172,2802720
645172,90259
645172,52828
81092,1493801
81092,90259
81092,1021164
81092,52828
81092,3164787
81092,32182
18732,3384159
18732,2614460
18732,53767
1007092,7476311
1007092,400047
1007092,194943
4294812,5918
4294812,8763550
4294812,946742
4294812,8765712
4294812,662703
68532,2317603
697552,568472
697552,62193
697552,1835814
697552,203859
1022512,149923
46232,1087255
46232,185365
46232,572000
76652,444485
76652,3341859
76652,1087255
76652,1313233
76652,185365
547572,3384159
547572,6609909
547572,185365
547572,8298335
1118432,2950531
1118432,8949072
1118432,1290813
1118432,1553692
1118432,6753359
1118432,2950525
70772,121009
70772,120893
70772,121157
70772,4000297
1147472,2818592
1147472,10227257
1779712,3887
1779712,35281
1779712,151885
417252,113294
417252,34194
417252,424140
417252,694176
1885312,134217
1885312,80586
1885312,116294
1885312,90259
1885312,3145771
1013598,429285
1013598,8790428
1013598,97655
1013598,56880
1013598,90259
18178,1701441
18178,860692
5856998,6535808
5856998,3174444
5856998,681819
5856998,49908
1124238,579450
1124238,4144376
3116438,9083061
3116438,155474
67318,721793
67318,1766676
67318,79394
1515658,6608525
1515658,1908323
6609578,1166736
6609578,15744
6609578,2339
6609578,444613
1509878,3384764
1509878,16466
1509878,195167
1509878,1629452
2694018,607044
2694018,694931
2694018,25769
2694018,659430
376558,8780824
376558,272737
376558,59913
1249658,4959487
1249658,8968097
1249658,3469367
1249658,735913
1876978,495394
1876978,1444372
1876978,4681991
4018,53767
4018,32571
4018,2831267
655178,24501
655178,1705325
655178,3985374
655178,4113281
877638,90259
877638,1356522
877638,134894
2058398,4279462
2058398,6643280
2058398,2004952
2058398,8421180
293438,195167
293438,7375
293438,194943
2109572,654580
2109572,3054608
4999232,578174
4999232,76376
2004952,3887
2004952,4629589
2004952,2058398
2004952,2136
2004952,1208935
402012,412208
402012,482463
402012,125544
47592,195167
47592,2169240
47592,654945
16252,53767
16252,3919009
16252,1926810
16252,6565450
16252,1353273
16252,3121520
1314652,572000
1314652,195167
1314652,4925932
3162552,39365
3162552,8767493
3162552,557943
3162552,10085920
8320952,56382
233692,198990
233692,408202
233692,958855
233692,29424
4802612,7926869
4802612,374734
568472,389007
568472,780713
568472,8785985
2274152,3404953
2274152,2067127
2274152,979719
2274152,285421
1444372,28882
1444372,176525
1444372,963047
445112,72537
445112,16013
445112,92173
4212992,1876978
4212992,47575
4212992,2838665
4212992,2767362
1055372,1629776
1055372,196816
1055372,218530
1055372,1175634
1055372,5994113
860692,29424
860692,90259
8440492,2856629
665992,69554
665992,93949
665992,195167
131212,295379
131212,241768
2177672,54262
2177672,1643110
2177672,15322
2177672,550365
40432,40474
40432,806790
40432,27276
40432,134367
3407072,1610499
3407072,8783560
3407072,8773831
1074072,5889080
1074072,8780941
1074072,4042323
3997972,363872
525412,783320
525412,583880
525412,149220
525412,780325
525412,1907605
730992,71968
730992,2441411
114812,114740
114812,3830
114812,188393
114812,114838
114812,61369
3211512,4114793
3211512,69009
1581192,69009
1581192,16013
1143112,1881474
1143112,4864149
1143112,10532870
1143112,2669605
1143112,2608423
5463232,5459705
12852,600137
12852,188289
12852,2940534
12852,1739690
1288152,2136
1288152,213358
1288152,1381805
1288152,79647
3103132,1381805
3103132,7735448
3103132,1313282
2818592,1020167
2818592,377111
2818592,1147472
3935692,89068
3935692,3402
3935692,16201
3935692,3487
250452,654945
250452,16013
250452,195167
473692,197306
473692,1823605
473692,658207
473692,53357
1512092,16013
1512092,53983
1512092,654945
6735492,564964
510652,54603
510652,7496
4063512,49908
4063512,4050075
4567392,379807
4567392,432324
4567392,3396744
4567392,7627002
4567392,2457982
4567392,3174444
2646752,3429484
2646752,1447799
1493372,1494022
1493372,226967
1629452,3417
1629452,294603
1629452,6533073
5500692,1526144
5057332,682931
922658,154292
922658,568576
922658,125221
1807338,121781
1930478,913362
1930478,89068
1930478,53468
1930478,269788
3907798,1178906
3907798,1662429
3907798,44064
31818,2311394
31818,16890
31818,72537
31818,563276
31818,26515
7608218,1682214
6745838,2134773
6745838,285421
6745838,3356265
2131878,187754
2131878,93060
571038,205784
571038,121335
571038,642495
5768158,4970821
5768158,3356265
5768158,7790603
3610918,2341
3610918,121335
3610918,8765658
3610918,645151
3610918,8765317
3368938,3417
3368938,226967
1605318,534
1605318,780049
1605318,7496
193998,849060
193998,122442
193998,165134
193998,92173
925418,186347
925418,441663
126398,210982
126398,415274
126398,644982
535058,71968
535058,3402
1332038,25659
1332038,4126760
1332038,4123828
1332038,1190895
1332038,76652
3355178,1980728
3355178,399586
3355178,444250
3355178,2136
6916298,3402
6916298,72413
6916298,71863
6916298,262837
134618,2363940
134618,1087255
134618,53767
5483518,4402927
2878378,681670
2878378,1329059
2878378,1559749
2878378,1209951
2461098,69009
2461098,619296
2461098,3413349
2461098,4402927
81338,21647
81338,48885
4324558,1706368
4324558,3402
6555378,1329059
6555378,4946168
6555378,8608036
6555378,2642456
907898,281690
907898,1616116
907898,736615
7756818,46562
3905338,472449
3905338,2040200
3905338,147477
4252358,25081
2881178,70704
5496878,5988442
5496878,1517280
5496878,3407111
547178,3087615
547178,1628997
547178,217659
595058,16591
595058,421648
5463258,5459705
111498,645049
111498,1382722
111498,575214
111498,110466
12604,90259
12604,101856
12604,8766754
631164,13950
631164,39365
631164,571172
35344,723476
35344,90259
205784,256373
205784,141147
205784,152913
3429484,2646752
3429484,10932046
3429484,7471363
697944,115927
697944,3357363
697944,101856
222184,3402486
222184,5956339
222184,222123
222184,4726001
222184,1706368
222184,3830
85644,374666
85644,85756
85644,1840544
3319104,1753564
3319104,3321555
3319104,2953078
3319104,4323808
2934104,9847526
2934104,9847509
2934104,8790735
2934104,1599877
2934104,1600099
1818004,8776187
1818004,8783560
1818004,4722042
2848344,59913
2848344,1040624
2848344,39365
129044,1369969
129044,39365
129044,8915003
129044,9134919
4672824,4673640
4672824,1748237
4672824,4042879
986264,90259
986264,8898488
986264,8765658
564964,4441745
564964,429236
564964,5474370
3104484,4196049
3104484,4673640
3104484,11028240
3104484,11028159
1489404,699030
1489404,33214
568724,2070593
568724,25769
568724,8785974
568724,1835814
641624,3356109
641624,8769657
641624,9881547
3922324,4042398
3922324,8773831
3922324,4072917
1090484,8882374
1090484,1828506
1090484,3316153
1090484,9595833
1090484,4130145
1374384,39365
1374384,2151100
1374384,9533688
1374384,3416680
398124,4192743
398124,195167
398124,1497785
3368744,3435195
3368744,4803789
3368744,1470950
2769484,7456261
2769484,2641459
2769484,62154
2339844,8812810
2339844,5250318
2339844,2712076
2339844,8788848
3396744,1331073
3396744,8767492
3396744,39365
3396744,13950
3396744,11250379
827644,155474
827644,891006
827644,909079
827644,1703748
55124,3345542
29424,995017
29424,598234
29424,23803
330724,122649
330724,1349110
330724,696517
330724,105897
1031804,733177
1031804,228076
1031804,288616
1031804,1459086
1031804,259620
432324,9354224
432324,1577450
665524,241768
665524,24659
665524,16013
145224,683442
145224,9415812
145224,233783
145224,7058570
31773,3387261
31773,5379610
31773,32571
31773,195167
31773,429236
6533073,646502
6533073,1629452
6533073,4568616
6533073,7244441
3503033,1675884
3503033,549261
3503033,8767493
3503033,8767492
3503033,285761
1239753,1020167
1239753,214038
1239753,107928
1239753,535351
49953,8766797
49953,64022
49953,4988827
2629373,886322
2629373,89068
2629373,3402
2629373,4018
8423973,2888510
1148993,1926782
600533,9322114
600533,139973
600533,86230
3406573,3406596
3406573,5453250
3406573,4659515
3406573,3406586
3406573,8948038
3406573,2702152
2635113,4113281
2635113,134618
2635113,726940
127653,16216
127653,450535
127653,2897252
127653,1679666
2603693,1607896
2603693,3165690
70253,8765658
70253,1042949
70253,2300385
72413,3474181
72413,53767
72413,444485
72413,2831267
1130053,572000
1130053,8765658
604773,2205099
604773,3919009
4699833,1199566
4699833,8762970
4699833,5979597
4699833,4140418
149573,8800539
149573,8781172
149573,5993506
149573,215690
192573,192549
192573,712211
192573,1835814
192573,2702152
192573,1711457
188393,1173299
188393,9496189
188393,1513909
3923853,2507541
3923853,116294
3923853,4456501
3923853,8773831
1487253,1445028
1487253,12649
1487253,12689
1487253,85756
1588713,148147
1588713,9026053
1588713,34616
1588713,90259
1588713,95845
121193,1087255
121193,185365
121193,2831267
121193,53767
1386533,9669130
1386533,2183863
1386533,1741330
1386533,9669155
3073153,3073070
245153,198990
245153,566985
245153,8786121
245153,1840544
245153,8862406
451933,727771
451933,90259
451933,1516643
84813,4109139
84813,1456397
84813,1777503
84813,4249685
219293,5475141
219293,2831267
219293,3474181
1223733,99955
1223733,2848344
1223733,93442
1223733,93373
1223733,33214
18393,64395
18393,571038
18393,227644
201833,11002654
201833,417177
201833,655415
201833,10754921
201833,1493801
462753,925418
462753,4954522
462753,2960715
462753,2959474
410513,1970088
410513,39365
780713,780325
780713,8785974
780713,1174522
1513133,5476397
1513133,11228556
1513133,8447659
