115404	100
1160752	200
1201387	100
1203143	100
1221311	200
1224041	100
12861	100
1286541	300
1290744	100
1292793	100
1303910	100
134423	100
1455742	100
1506734	100
1514774	100
151713	100
1541616	100
1552962	100
1561897	100
1580928	100
161600	200
16166	100
1619207	100
1675856	400
1755739	100
1839336	100
1848254	100
1850135	100
1850273	200
1852228	100
1977474	100
198364	200
20123	400
2095807	100
2285222	100
2444354	100
2472458	100
258776	200
266449	100
2871537	100
3384214	100
3562530	100
399459	400
408259	100
4133469	100
4163984	200
4214929	100
4230977	100
4628190	100
46725	300
510634	100
545199	2600
5472106	100
547381	100
552233	300
5574361	100
56051	100
61772	500
620424	100
62180	100
628782	100
629111	100
629389	200
6529512	100
67015	100
692464	200
720480	100
80594	100
8231067	100
8692038	300
8764979	100
8769401	400
8776228	300
8838278	100
91649	100
983162	100
984286	100
