1210681	200
1219124	200
128889	100
1311917	100
1312751	100
1315161	100
1319256	100
1341979	200
134619	100
140246	100
1430411	100
1499965	100
1500971	100
1504153	100
1505991	100
1506977	100
1509	100
1511113	100
151181	300
1543192	100
1581210	100
16633	100
16680	300
1722553	100
1850223	100
1852439	100
1947852	100
1955466	100
2101788	100
220614	100
243273	100
2765534	100
3060529	100
3245621	100
32543	100
33118	100
3353441	100
3354095	100
3389081	100
3432840	100
3578255	100
3586354	100
36621	700
383381	200
4026310	100
4029254	100
406879	100
4142886	300
414946	200
4192734	100
489029	700
4960747	100
517899	200
56215	300
627428	100
63345	100
638134	200
660414	100
697252	300
70748	200
71429	16900
72322	200
732245	200
80591	200
8764260	200
8769324	100
8838211	200
98407	1300
