1041299	200
10569	300
1063028	200
107183	400
107227	300
1087461	100
109121	200
1147462	100
120348	200
1217532	100
1291010	100
13235	1300
1403479	200
1504607	100
150543	600
1513375	100
1517438	100
152289	100
1556627	100
1564224	100
1581182	100
1593071	100
1657182	100
1823685	100
185167	100
194875	100
195662	200
199725	100
203872	100
206752	100
2561100	100
259165	400
2674885	100
268506	100
269416	200
2771342	100
2811493	100
2811675	100
2884669	100
2936128	100
3278183	100
3335880	100
3378509	100
3387624	100
364698	900
3910209	100
3911710	100
3995518	100
4024174	100
408681	500
428804	100
43900	800
44005	500
4647020	5300
4960793	100
499646	200
505475	300
52380	300
5332287	100
55991	200
598713	1100
644491	100
677125	400
722645	100
743590	100
875141	100
8765656	900
8926288	100
946793	700
97816	100
