1005381	100
1061877	100
1070748	100
1073734	200
1236944	2000
1291056	100
1292239	300
1307971	100
131553	100
1353682	200
1353758	100
1484323	200
1506301	300
1541385	500
1589502	100
1755717	100
1849068	100
187865	100
1911755	200
20576	100
2238141	100
23456	700
243697	100
251732	100
257054	300
268961	100
299581	200
3043934	400
3073932	100
3088081	100
378052	100
4192501	100
444775	300
455936	100
4571947	100
4629609	100
47357	100
48693	700
4985175	100
5400049	200
5456403	100
566395	100
5672924	100
589930	100
619901	200
649675	200
655223	200
68986	100
731407	100
7677502	100
774039	300
853955	100
8765653	200
8776952	100
8777195	100
8780941	100
8784246	100
952931	100
985767	200
