1094433	200
1133263	100
116322	100
1190834	1500
1227586	100
1292481	100
1292707	200
1293130	100
1296330	100
1323591	100
1371592	100
1389135	500
1499213	100
1505699	200
1588745	100
1691102	100
176153	100
1846107	100
1846944	100
1848321	100
1850234	100
1956569	100
2175302	100
23422	500
238294	100
2610043	100
262800	500
263710	100
266910	100
2787641	1400
2792114	1100
3061556	100
3072230	300
3235078	100
3406082	100
3561660	800
383131	100
391535	500
40365	100
4074019	100
4117914	100
4194565	100
4224019	600
4229630	100
440390	200
440663	100
443789	200
467961	200
480747	100
4860294	100
48782	100
4989236	100
53073	100
561614	100
565906	100
614608	100
618718	200
649109	200
694609	100
71182	100
71561	300
718166	100
73883	100
76411	100
77279	100
792951	100
8766711	4500
8787503	100
8797897	100
8804375	300
889135	1100
925299	100
949562	100
979604	100
