1019281	1600
1057166	200
1064552	700
107004	100
1180380	100
1196349	100
122644	100
1291717	100
1292871	100
1294644	100
1296203	100
1313865	100
1315274	100
1380533	100
138948	200
1458764	100
1509906	100
1516657	100
155660	200
1637837	100
1641996	100
1663602	100
1690400	100
1714673	300
1845132	100
1849547	100
195136	300
214357	100
2475933	100
253396	100
269272	100
2744673	1100
2808144	100
302445	300
3169808	100
3353281	100
3367915	100
3383446	200
3383948	100
4078123	400
41025	100
415344	100
426569	100
427917	100
437425	100
44028	100
444720	100
4682351	400
481668	600
496469	3600
548098	100
565110	2100
633151	100
645025	1900
648181	100
653961	100
655414	100
6617727	200
689692	100
726990	200
733706	200
85692	200
863061	100
8768921	300
8780039	300
8785726	100
8790640	100
8841787	100
8917450	100
8918207	100
91710	100
92396	300
948860	100
950896	100
952957	200
97716	200
9857	200
