1111937	100
1143467	200
1217054	100
122219	100
125572	100
1287227	100
1288061	100
134049	100
1384691	100
1389905	200
148836	400
1512548	100
1538178	100
1560367	100
1685	400
1850566	100
194259	100
2073549	300
217285	100
217920	100
219420	100
2249969	300
233404	200
287094	200
29135	300
3046189	200
3061888	100
3310165	300
341010	400
34339	100
376409	100
3869	300
4075047	700
4106413	100
414755	500
42485	100
429177	400
430788	300
432699	200
439854	100
4627238	500
47153	200
476086	100
47990	100
498408	100
4989504	100
539270	100
5398232	100
5466866	100
548537	100
54891	200
5521483	100
557396	7000
55786	200
569329	100
62746	100
6564520	100
667154	100
732145	300
819018	100
86738	100
8787168	400
8820430	100
956763	100
97732	100
984594	100
992417	100
