1173419	100
120142	100
120371	100
1212200	800
1228809	100
1238578	500
1293677	100
1309238	4700
1335628	100
134700	700
1427735	100
1449026	100
1471306	200
1513624	100
1516339	200
1658693	1100
1673203	100
1705026	100
1786909	100
1846364	100
1846637	100
1851765	100
1983545	100
203742	200
2068740	100
213449	600
2168552	100
226248	100
2443982	500
2662711	100
266315	400
2665015	600
269685	200
270122	100
281682	100
292496	200
31960	200
32338	300
3252226	100
405976	100
4140145	3500
4176848	23400
4179364	100
4411557	100
443706	100
443753	100
5047298	100
5514231	100
552360	600
55617	200
566374	100
585255	100
5931985	100
594414	400
610632	100
620809	300
623037	100
6539954	400
68736	100
7028216	200
8147275	100
867493	200
8776217	100
878883	100
8789048	200
8813168	100
8824893	100
893607	200
934971	200
950408	100
950514	400
954565	300
