1029275	100
1052556	700
11907	200
1208880	100
1291187	100
1352172	100
1368476	100
1390771	200
1395	1100
1422899	100
1462828	100
1517049	200
152700	200
1554145	100
1603349	100
1851944	100
18991	200
194513	200
203559	500
211033	100
2174813	100
2206604	100
2266130	100
2376166	100
249721	100
251590	100
2516914	100
2661618	100
266814	100
270547	200
2706041	200
2799572	100
284042	100
29288	100
294874	100
3032702	200
3530	1700
375406	100
3895317	100
3910672	100
407687	100
416179	100
42025	100
421211	100
42938	100
4320522	100
4414328	100
4852872	100
496131	300
499422	300
5029277	100
5138	100
54325	200
5457171	100
55614	400
558801	300
568678	100
621625	100
653490	100
654065	200
676936	200
6769617	3800
700052	100
72375	100
726760	100
773548	800
773792	200
787710	900
7900024	700
8763201	100
8781588	100
8786165	100
8794126	100
8802427	100
8824570	100
8824720	100
8832228	200
8854201	100
8873390	200
895318	100
91832	300
97533	500
97580	200
