1007842	100
102971	200
1105091	400
11679	200
1170990	300
1179192	100
1222070	200
1294063	900
1318668	100
149634	200
1498267	200
1499694	100
1510328	100
1514987	100
15575	100
1576879	100
1749095	100
1848194	100
1849239	200
197180	400
2066460	1400
2077471	100
2091546	100
214795	300
217264	100
2421576	100
243792	100
2513880	100
257988	400
261428	100
266495	500
292474	300
3341522	100
33487	100
3384139	100
397638	100
4014317	200
410715	100
414628	100
4193934	100
421406	200
444124	200
47208	100
479917	200
494388	100
5392163	200
598519	200
618830	100
6535795	300
692448	100
724601	100
72676	300
743819	100
7579	100
76402	300
781141	200
785706	100
85977	200
8781690	100
8793441	100
8810190	100
8830222	100
948355	200
956636	100
96028	1100
98259	100
