1219016	100
124654	100
1288570	100
1292101	100
1328492	100
1449064	100
1458314	200
1471285	100
1510371	100
1512417	100
1546904	100
161110	100
1844870	100
1870605	100
189869	100
1910089	300
197343	100
2085797	100
2113296	100
2116053	100
214803	100
215014	100
216670	100
224055	100
250081	100
257499	100
2608102	100
263244	100
293136	300
293456	200
3113413	100
3347844	200
395147	200
397922	2900
402388	200
4106725	100
4368899	200
43872	300
442684	200
4440988	3600
444425	100
45325	100
476910	400
482554	200
485813	200
497323	100
512220	100
5335363	100
547666	100
5662446	100
612246	100
618875	300
64088	100
64787	100
694249	100
7103619	100
7214713	300
72428	100
7415109	300
8764686	100
8769263	100
8772679	100
8777421	100
8791789	300
886882	700
8879496	100
952965	100
