101002	100
1012642	100
1015810	100
1025943	100
102840	100
1051528	100
1061430	100
1126574	100
11319	100
120326	100
1223122	100
125666	100
1314762	100
1330640	100
136842	100
1368646	100
1381703	200
1383129	100
1434136	300
1504194	200
1506543	100
1511779	100
1513599	100
1580966	100
1846531	100
1850584	200
1955748	100
2131581	100
2143423	100
222108	100
222123	100
2237761	1600
228875	100
234091	300
234135	200
235301	100
2421674	100
258858	100
2595693	100
2660866	100
293435	300
3203711	100
3332355	100
3386222	100
3391746	600
3602854	100
389790	1100
3898264	400
4234603	200
429542	200
432973	100
4339	200
456751	100
46108	300
471234	100
47321	200
482336	100
490206	200
515037	500
5446	200
549497	1200
5889	100
620280	300
652004	100
655359	100
663015	100
6735923	100
6820752	300
684430	300
6898308	100
6964	200
76990	800
8764436	8400
877350	100
8778251	100
8793588	100
8807329	100
963133	100
