108173	300
1216355	100
1414110	300
1485727	100
1498664	100
1501337	100
1516596	100
1548138	100
1801652	3400
1847772	100
1851441	100
195272	300
21232	300
2141250	100
2166	6900
251618	100
258426	100
2620367	100
2700782	2700
2716173	100
2936848	800
3008697	100
3033308	100
31488	100
3377118	100
3614892	100
377043	300
3895710	100
4106107	100
4231126	100
4258183	200
44041	200
4410798	100
453471	100
483102	100
513290	300
5346684	100
55281	200
55751	200
56326	100
565888	100
566264	100
5913173	100
594565	200
620608	100
629950	100
652291	100
654443	300
676342	200
81715	500
8777108	100
8784770	100
8787650	100
939561	300
949903	200
950313	100
