103130	200
1040505	100
1042842	100
1048405	100
1082606	300
1150509	100
119070	100
1207569	100
1230545	100
1308835	200
1314538	200
1374625	400
1433640	100
1488936	100
149934	100
1501405	100
150391	200
150450	100
151483	100
1581209	100
1629	100
1873275	100
196417	800
19847	500
2109926	100
217943	500
220734	100
221964	100
2282124	100
238703	100
2422114	100
245181	300
25031	100
2655438	1700
268263	100
2689514	100
2863966	100
286645	100
2960775	100
3087536	100
3281139	100
3351817	100
386654	100
410880	200
414399	100
4191624	100
4193658	100
421694	100
429136	300
4404464	100
4640104	100
47587	400
4831086	200
52407	300
53012	200
548149	300
59353	100
5949292	400
604572	200
616232	100
621239	200
644912	300
65009	100
680340	100
7252280	300
81360	200
872350	100
8767459	300
8768049	100
8786461	100
8820288	200
8839199	100
884133	100
8852832	100
951493	100
951505	100
97649	200
