10031	200
1017985	100
1090585	100
1162017	200
1164733	400
119720	200
1291813	100
1314263	100
13216	100
1351937	100
1383130	100
142014	200
1449745	100
1484659	100
1498410	100
1502089	100
1503590	100
153392	100
1605372	1800
1778284	500
181373	100
1842242	100
1846945	100
1850555	100
193599	100
2114188	200
218014	200
22988	200
2319708	100
234852	300
238701	100
25398	100
261133	100
2683341	400
293347	300
3084777	100
3353362	100
3593587	200
368634	500
370424	700
404520	200
4148033	3700
4195294	100
447927	200
4525477	600
515498	200
5479366	100
548115	200
585211	100
606161	200
629883	200
655025	200
7722	100
7754	200
8767942	800
8777376	100
8781530	200
917531	200
91808	200
934976	100
939735	200
95692	100
98252	100
985173	300
