102932	100
106087	100
1159256	1700
1174288	100
1292694	100
134750	400
1457234	100
1502311	100
1510688	100
1514569	200
152615	100
1548084	100
17494	200
200742	200
20814	300
2090083	100
2172864	400
222503	100
2257068	100
232801	100
238352	100
239550	100
2396980	100
239700	400
2437140	100
2437504	100
2458146	100
2604676	100
265775	300
268276	100
2802005	100
28655	200
2883662	100
2907856	200
3105250	100
3130624	100
3144547	100
3192516	100
3231575	100
3333431	100
34752	500
415182	100
4164428	100
4196049	100
4451504	100
48414	100
486585	200
4963605	100
516236	600
565056	100
56604	200
5981654	400
601247	100
613488	100
63050	200
6524243	100
6535468	700
678014	100
699963	300
8770064	500
8774110	300
8781395	100
8824923	100
8834677	100
981927	100
