101487	100
1069751	3600
1186609	100
1214261	100
1268113	100
1287208	100
1292533	200
1293337	100
1315180	100
1376130	100
1386583	100
144936	100
145329	200
1486604	100
1509374	100
1514728	100
151943	200
1532212	100
1581096	100
1696115	300
17973	100
1900142	100
1951328	100
196011	200
2084251	100
217143	100
23004	100
2330	1300
2452075	100
2463785	1400
2472427	100
2648483	100
2701051	11800
270134	200
2791623	100
2860392	200
2905848	100
3154716	100
3309416	200
3353659	100
3388933	100
3407669	2000
3472975	100
3476583	400
3482953	200
409549	1800
4404560	1100
4409762	100
4412083	100
443354	200
4457490	400
4675299	100
46849	1000
4987638	1800
502098	500
5333062	200
55159	300
5660738	200
5952698	100
60922	100
621426	100
696863	200
713501	400
719357	100
790622	2100
808872	100
8768876	200
8783054	200
8800408	100
8831181	100
93529	100
94289	300
98426	200
