1012634	700
10357	100
1056021	200
108292	300
1158992	100
1197344	100
1234888	100
133393	200
134101	200
146694	300
1498554	200
1510327	200
1553097	100
16026	9100
1641975	100
1745818	400
1845298	100
1893191	100
195194	300
2160038	100
217994	100
218067	100
2208815	100
22428	100
228318	100
240042	100
2648694	200
2885852	100
289209	100
2944793	100
3032714	100
388003	300
38944	300
4106135	100
4106349	100
420830	100
4390813	100
440456	100
4602	600
4723009	600
498401	100
550886	100
55188	200
558722	100
55914	200
56583	100
573951	200
593710	200
593759	200
59448	100
5971896	100
599822	200
623398	500
645159	2400
654227	200
654547	200
667528	100
672139	200
684407	100
68457	100
694752	100
728240	100
733018	200
7626599	100
7743	4500
854747	600
8764428	20300
8765338	9500
8765444	1200
8817772	100
89872	100
899711	300
