1068894	100
1119807	3200
1159072	200
1178819	100
1284044	100
1299197	200
1314746	300
1350996	100
13837	3400
1499210	100
1511212	100
1542105	100
16171	300
1627892	100
1697152	100
1756883	100
1818352	100
1846973	100
1850492	100
187237	100
19356	200
1955885	100
2208960	100
235728	100
23906	200
260160	100
2872117	100
2968868	100
299669	100
30672	100
3128042	100
3353419	100
3368890	100
3389133	100
3389224	100
3406566	100
3407870	100
38904	100
401013	100
429984	100
4404534	100
458496	100
474876	100
48188	500
4971003	100
506603	100
507545	100
52113	100
5398416	100
54056	100
547996	300
549496	3100
593781	8300
5959020	100
620702	200
653110	100
67069	100
681977	100
686298	800
693514	100
795390	100
80552	300
83496	100
854375	100
8767758	100
8774307	200
8775126	200
8778373	100
8787670	200
8791735	100
88789	100
9053	200
91910	100
953016	200
