(604572,200)
(949903,200)
(895318,100)
(56326,100)
(8765444,1200)
(41025,100)
(5400049,200)
(547666,100)
(8778251,100)
(1848254,100)
(1041299,200)
(1506734,100)
(1499210,100)
(773548,800)
(694609,100)
(1126574,100)
(1852439,100)
(1457234,100)
(8873390,200)
(2090083,100)
(222503,100)
(700052,100)
(1581182,100)
(953016,200)
(266910,100)
(109121,200)
(4230977,100)
(86738,100)
(6564520,100)
(1851944,100)
(1581209,100)
(948355,200)
(1143467,200)
(270122,100)
(120371,100)
(863061,100)
(496131,300)
(694249,100)
(548098,100)
(5333062,200)
(52113,100)
(221964,100)
