(6535795,300)
(197180,400)
(1455742,100)
(397638,100)
(293435,300)
(218014,200)
(13235,1300)
(429984,100)
(2660866,100)
(389790,1100)
(4179364,100)
(1510371,100)
(125666,100)
(8765338,9500)
(4404534,100)
(952965,100)
(956763,100)
(498401,100)
(193599,100)
(939735,200)
(8786461,100)
(3586354,100)
(1498664,100)
(443753,100)
(428804,100)
(654065,200)
(1471285,100)
(89872,100)
(1162017,200)
(1371592,100)
(1287208,100)
(507545,100)
(8776228,300)
(1374625,400)
(1307971,100)
(128889,100)
(8791735,100)
(458496,100)
(654227,200)
