(1389135,500)
(1292871,100)
(72322,200)
(42938,100)
(3895317,100)
(8824893,100)
(1505991,100)
(220734,100)
(1581096,100)
(150543,600)
(2905848,100)
(7900024,700)
(410715,100)
(119070,100)
(610632,100)
(302445,300)
(693514,100)
(219420,100)
(1846944,100)
(269272,100)
(91808,200)
(3476583,400)
(28655,200)
(253396,100)
(98252,100)
(1847772,100)
(648181,100)
(120348,200)
(80594,100)
(1217054,100)
(217143,100)
(442684,200)
(1230545,100)
(2444354,100)
(234135,200)
(3309416,200)
(1312751,100)
(33118,100)
(1207569,100)
(549497,1200)
(6769617,3800)
(1179192,100)
(203742,200)
(1690400,100)
