(653490,100)
(676936,200)
(7754,200)
(8879496,100)
(421406,200)
(1517438,100)
(1504153,100)
(5971896,100)
(8781395,100)
(3578255,100)
(8802427,100)
(8768921,300)
(2114188,200)
(3169808,100)
(270134,200)
(1159256,1700)
(1133263,100)
(10031,200)
(819018,100)
(4987638,1800)
(2452075,100)
(5672924,100)
(2648483,100)
(549496,3100)
(1287227,100)
(1546904,100)
(4074019,100)
(140246,100)
(243792,100)
(1210681,200)
(629389,200)
(268506,100)
(2787641,1400)
(2662711,100)
(1351937,100)
(594414,400)
(1291187,100)
(16026,9100)
(4106725,100)
