105476,677
105476,392214
105476,352
105476,4368
88,128770
88,121412
88,365
88,89805
12988,62895
12988,23406
12988,177755
12988,1705
12988,24400
8005,4201
8005,46590
8005,10917
1705,4201
1705,7427
1705,17507
1705,26129
21386,27536
21386,17875
21386,5422
110967,47280
110967,51341
110967,93174
110967,69626
3776,3762
3776,85221
3776,22742
22859,39697
22859,68585
22859,66525
108607,68421
108607,159429
108607,222304
72367,137401
72367,1031
72367,26129
72367,1369
153791,36981
153791,11571
153791,10299
153791,136130
1511,42
1511,4134
1511,46
1511,7452
1511,6
112640,112637
112640,424720
112640,15547
112640,7698
68000,78239
68000,78242
68000,87761
68000,73485
2480,23563
2480,23162
22820,80316
22820,20194
20,61535
20,70259
20,5896
20,479
20,138
15980,13321
15980,1586
15980,333
15980,5918
26120,11945
26120,10927
26120,4201
26120,126571
565,26365
565,18052
565,6405
565,5
17425,4134
17425,5788
17425,51637
236185,114985
236185,146362
236185,145198
236185,42698
69626,77085
69626,93174
69626,42900
82707,13811
82707,677
82707,88
82707,3998
14367,523
14367,10606
14367,782
12928,137590
12928,138
12928,213160
9328,404
9328,4665
9328,80879
9328,677
9328,3268
15628,138
15628,2105
15628,157997
15628,4760
22792,68564
22792,16604
22792,42679
27536,39666
27536,21375
27536,21386
27536,43129
31256,241719
31256,15632
31256,31271
194636,62895
56,1315
56,13643
56,352
56,4824
23159,365
23159,26098
23159,19887
23159,24978
23159,163847
43683,3944
43683,5686
43683,365
43683,13740
43683,1369
93183,93174
93183,138
93183,10822
93183,47280
37323,38638
37323,37316
37323,38002
8463,120418
8463,13007
8463,51785
8463,41869
8463,582
46923,46530
46923,138
46923,8898
43863,43835
43863,42679
43863,61221
41583,30583
41583,1650
41583,41589
120963,10917
120963,89820
120963,308
36363,1478
216483,95776
216483,138
216483,188856
216483,3549
35823,15560
35823,7758
35823,7923
39865,121989
39865,94907
114985,292253
114985,61202
114985,101606
114985,236185
162325,204308
162325,20200
162325,245805
1105,4201
1105,12109
1105,108445
1105,2630
26365,50796
26365,55027
26365,11922
26365,16427
385,138
385,3534
385,352
54265,42679
54265,89805
54265,365
1586,2778
1586,4201
1586,2199
3566,38311
3566,1024
108926,17507
108926,2199
108926,70259
61766,138
20066,5810
20066,16598
20066,40447
9746,22593
9746,6148
9746,43732
2427,3434
2427,13073
2427,43097
2427,333
2427,23105
32427,2854
32427,8005
32427,88
32427,677
25887,329055
19347,352
19347,16576
19347,8005
1767,1793
1767,76128
1767,7396
1767,9731
19887,132351
19887,148852
109648,68000
109648,128770
109648,77068
1168,26129
1168,365
1168,2199
7888,7427
7888,1369
77068,109628
77068,69237
77068,88
77068,43742
77068,68000
48928,43863
48928,68585
48928,16604
48928,12949
48928,3762
628,1305
628,3566
628,6544
628,4220
89676,1971
89676,5676
89676,1426
89676,1808
89676,5669
23796,18416
23796,6317
23796,1971
23796,138
46896,46615
46896,143680
80316,92302
80316,22820
80316,9590
80316,20885
80316,49031
37176,43129
37176,44289
37176,29191
37176,18504
29616,37761
29616,11998
29616,202981
29616,36280
29616,51178
74016,74031
74016,74021
74016,88
5918,138
5918,1586
5918,2199
5918,13024
42698,46698
42698,72569
42698,16604
42698,44143
92438,12928
92438,50418
518,7477
518,2199
518,37761
518,511
47318,385
47318,206
47318,6
67736,70837
67736,54223
67736,67702
67736,70549
34616,2035
34616,14
34616,23297
16676,555
16676,96734
18416,23796
18416,500
18416,6317
18416,1850
7079,73878
7079,1036
7079,138
70259,2199
70259,63926
70259,160817
70259,70238
1559,10
1559,22989
1559,308
1559,138
19679,74330
19679,38002
19679,22792
19679,79936
29879,134146
29879,23162
29879,29505
80879,94708
80879,71049
80879,5116
37019,3008
37019,1665
68939,88
68939,365
479,9746
479,138
479,74585
2099,2778
2099,6851
2099,523
40859,2250
40859,1031
40859,1767
40859,6855
14399,38311
14399,4614
78239,65325
78239,78245
78239,78242
78239,78240
78239,68000
13024,5918
13024,308
13024,352
6544,1850
6544,628
6544,4290
6544,40361
6544,6323
121444,104852
121444,120453
121444,137401
11224,36739
11224,77772
11224,11211
42304,49567
42304,4201
42304,20007
42304,39417
41164,385
41164,39993
41164,1426
5224,7377
5224,3226
5224,3421
5224,6
184,88
184,1237
83524,33949
83524,8398
83524,33954
40447,84918
40447,69626
29407,94094
29407,64943
102247,145956
102247,20818
102247,128392
11107,1971
11107,91216
11107,31192
49447,2697
49447,58389
49447,84558
31267,138
31267,31256
31267,106773
160627,5733
160627,3549
160627,10711
55027,4137
55027,61852
55027,7969
55027,126058
41589,25712
41589,21815
41589,45027
41589,15190
76989,88
76989,49673
76989,90213
121989,111626
121989,82465
121989,43835
58269,13740
58269,100294
58269,73610
14109,214108
14109,7322
14109,214101
14109,180565
14109,34565
31449,15643
31449,1995
31449,40493
31449,1205
71049,116957
71049,94708
18069,41842
18069,17507
18069,76795
18069,83327
18069,132832
15560,22678
15560,142580
15560,205416
96020,18033
96020,1982
96020,138
96020,34616
75080,62868
75080,26129
75080,5136
75080,5116
75080,109931
6560,31462
6560,188642
6560,26129
63440,15299
63440,23034
63440,677
63440,8298
97760,1369
97760,352
107660,169544
107660,202902
107660,309256
107660,211474
107660,41759
15380,5918
15380,65461
15380,48659
15380,70393
15380,7445
15380,58603
15380,333
5120,5150
5120,301
5120,138
5120,582
300140,365
56305,10822
56305,54280
56305,365
56305,12928
108445,4450
108445,628
108445,1105
63926,70259
63926,64943
63926,29407
206,23796
206,3285
206,6317
8546,1190
8546,7427
8546,5896
7766,1322
7766,4234
7766,1305
7766,352
746,1322
746,14382
746,2947
746,472
101606,4201
101606,42679
101606,54280
101606,72680
14786,8398
14786,46590
14786,26279
14786,55776
22047,352
22047,408
22047,23563
22047,16576
2007,2940
2007,480
2007,187955
2007,27
10647,21426
72867,129605
72867,80554
72867,113981
72867,26250
72867,164771
3927,1322
3927,16928
119067,292144
119067,26250
119067,115687
119067,92494
46647,88
46647,9305
46647,352
20007,94956
20007,39417
20007,91419
46587,38627
46587,19142
46587,43863
147,2976
147,24613
147,7445
147,67698
113247,22806
113247,113249
113247,42679
113247,260207
4408,73610
4408,73576
4408,73091
4408,73578
28468,138
28468,6374
100708,48659
100708,22210
100708,12731
100708,61794
27568,138
27568,28718
27568,87900
27568,8402
1228,2295
1228,760
1228,1322
1228,8288
18388,6958
18388,301
18388,8927
6148,4820
6148,301
6148,20679
6148,16452
23968,365
23968,4201
173308,61202
173308,68486
173308,61221
173308,128601
31408,8005
31408,54960
31408,352
80068,20007
80068,8398
80068,39417
80068,80069
40948,9731
40948,27359
40948,138
40948,22133
94708,71049
94708,116957
94708,5116
94708,26098
74139,108909
74139,106993
74139,194450
74139,100229
77259,111967
77259,4201
59739,2014
59739,10495
53139,3549
53139,7905
53139,218717
53139,224870
51519,68445
51519,82465
51519,53406
51519,46923
107859,73027
107859,230290
107859,41483
222399,352
222399,3549
222399,320777
222399,10495
222399,88
20559,16082
20559,3011
20559,25211
20559,16762
143559,93174
143559,93183
143559,11192
42459,17526
54223,122039
54223,188208
6283,9731
6283,1767
6283,56093
7903,2199
7903,73726
7903,88
7903,4201
185863,6544
185863,88
185863,10
185863,1237
44143,52255
44143,16604
44143,1793
31843,167681
31843,31811
31843,39239
31843,68362
31843,59968
152923,54435
152923,323
152923,308
104143,2131
104143,31175
104143,5898
104143,138
119563,1999
119563,3944
119563,436
65456,523
65456,308
45476,1971
45476,677
45476,88
5636,36905
3116,26820
3116,1322
3116,352
109616,288204
109616,283972
109616,68000
109616,70549
356,27314
356,13520
356,220
356,41511
14156,645
14156,73050
14156,352
14156,523
14156,2559
63116,2295
63116,13321
76496,3798
76496,2427
76496,36622
416,555
416,481
416,98962
416,101
37316,37326
37316,20230
37316,89313
37316,46537
235859,523
235859,220
235859,21833
235859,4435
43379,5444
43379,138
43379,95561
43379,15573
126719,93141
126719,236143
126719,24301
315839,64563
315839,108882
315839,320424
29039,15408
29039,6317
29039,60188
183539,106432
183539,306635
87419,24418
87419,137651
87419,11132
48659,15380
48659,61291
48659,36981
48659,100708
48659,93141
14944,45048
14944,582
14944,404
2164,408
2164,3549
96184,138
96184,9356
96184,523
96184,70392
96184,4440
357904,79409
85864,103549
85864,9305
85864,13768
85864,181366
19804,29981
19804,25034
19804,226337
19804,1387
19804,19813
19204,150050
19204,57648
19204,50928
19204,4201
38224,26381
38224,29165
38224,41301
38224,24646
292144,243880
292144,275835
292144,57112
292144,119067
27664,10
27664,138
27664,1205
100924,3863
100924,2921
100924,66350
100924,38711
87484,22755
87484,104499
87484,39697
87484,29812
87484,46537
93664,14404
93664,184982
85204,45137
85204,74048
13030,1426
13030,27664
13030,6851
13030,7285
73810,138050
73810,267420
64270,158334
64270,39140
64270,158693
64270,68372
64270,20958
22210,112127
22210,47229
22210,100708
36490,141087
36490,16013
36490,24804
230290,97089
230290,109471
94810,11927
23650,77411
23650,10944
23650,88
58450,3335
58450,1907
58450,3103
58450,1988
15190,22365
15190,25685
15190,25712
15190,3944
80410,28423
80410,12629
80410,17278
106570,404
106570,220
106570,27487
106570,13501
106570,14964
54200,109363
13520,41511
13520,404
13520,677
13520,13501
142580,41233
142580,138
142580,11895
235040,5199
235040,533
235040,28758
69260,29039
69260,45319
69260,26233
69260,3979
70220,78289
70220,321842
70220,68317
146120,138
146120,110402
146120,53018
146120,100918
30140,1988
30140,24013
30140,5284
30140,4156
30140,78
192740,395128
192740,1999
192740,89708
192740,141988
192740,24850
7285,24
7285,2501
7285,1586
7285,8472
82465,121989
82465,113238
82465,79293
160645,5733
160645,389
160645,141285
137365,217097
137365,9754
137365,13740
69205,68932
69205,257894
69205,167795
69205,4201
94645,3549
94645,408
94645,81529
98005,308
98005,33568
98005,885
98005,352
28045,25856
28045,74341
28045,138
28045,1315
180565,34584
180565,26120
180565,10753
180565,18079
25705,13073
25705,12539
31885,10177
31885,37672
31885,2676
37045,9754
37045,83274
37045,40847
190106,308
190106,88
177266,10373
177266,67133
177266,40242
177266,138
177266,13854
8186,582
8186,2295
8186,385
149546,40225
149546,249
149546,38711
149546,2889
1286,138
1286,18107
1286,36258
1286,58514
138206,1995
138206,50982
138206,301
138206,1982
68486,68585
68486,39697
68486,145198
68486,173308
111626,16604
111626,20200
231686,26753
231686,73485
231686,3269
2306,14880
2306,22470
2306,468
2306,24766
12686,523
12686,36981
12686,70393
12686,48659
12686,70392
49286,698
49286,65181
49286,29984
5246,1988
5246,73050
5246,88
5246,677
139286,88
139286,64911
139286,46998
4047,13970
4047,7856
4047,3121
4047,85460
4047,15175
4047,1692
46827,677
46827,7322
46827,42459
46827,3549
119727,365
119727,29163
119727,138
119727,38227
53247,31656
53247,140740
53247,73810
6387,408
6387,47040
17847,1704
17847,1686
9447,68672
9447,68419
9447,43863
9447,1454
9447,39697
27,1995
27,333
27,1168
27,1982
40107,11966
46527,43835
46527,44133
46527,42679
4467,1243
4467,4447
4467,12097
4467,53054
27687,162173
27687,4824
27687,13643
16708,12129
16708,10917
16708,88
78688,44661
78688,16994
78688,10726
74968,403
74968,4134
74968,7998
74968,4435
74968,1858
74968,352
13768,5116
13768,365
13768,89805
13768,26129
78388,78391
78388,885
68308,75360
68308,78240
68308,68317
68308,68000
3508,7905
3508,42218
3508,2163
3508,19347
214108,677
214108,3549
214108,88
59968,149146
59968,79074
59968,31843
59968,31818
63148,111967
63148,27872
63148,9180
63148,138
5444,24477
5444,13740
5444,138
205244,4201
205244,21136
205244,42831
205244,27864
25724,51355
29984,15121
29984,93
29984,156646
29984,8461
169544,38234
169544,6014
169544,107660
13484,1971
13484,138
13484,3285
13484,18284
217784,88
217784,125609
81644,13321
81644,70259
81644,29407
81644,25680
19904,79835
19904,169862
19904,34071
19904,264059
80984,179962
80984,352
80984,408
80984,523
80984,308
61424,98512
61424,57257
45164,68707
45164,15596
7304,5810
7304,16598
7304,17507
7304,40447
22253,14996
22253,3549
22253,14991
112913,2420
112913,9731
112913,9552
126353,146135
126353,13024
126353,48869
126353,249
126353,146120
3353,26456
3353,12597
3353,67165
56093,6283
56093,138
56093,352
353,137558
353,2676
353,90811
353,162757
103253,331821
103253,150409
103253,80528
2633,33162
2633,1686
2633,1437
2633,6381
22133,232483
22133,3979
145013,262888
145013,133676
145013,6042
145013,171923
6593,14801
6593,1454
6593,138
6593,6527
40493,33601
40493,135317
21833,523
21833,879
21833,4435
80516,177322
80516,251510
45296,111415
45296,61535
95516,155929
95516,8398
95516,11235
6236,10399
6236,17639
6236,1105
6236,10410
67496,55098
67496,41806
67496,18107
67496,29191
67496,14890
67496,103986
23996,15696
23996,126763
23996,8446
23996,253
9356,45319
9356,38451
9356,99329
117956,7781
117956,42419
117956,3477
117956,83501
117956,36290
62756,2844
62756,62760
62756,45501
12116,8398
12116,17175
12116,1982
12116,20007
12116,365
17639,1982
17639,14801
17639,28409
11699,144649
11699,35813
11699,58338
11699,51261
11699,48513
42419,178155
42419,161377
42419,51123
42419,80069
56339,37761
56339,3549
56339,677
56339,7660
56339,13321
222899,173334
222899,83518
222899,133761
222899,47710
91139,56951
91139,518
91139,7477
91139,27789
41759,178531
26279,126404
26279,13321
26279,2480
46799,18079
46799,365
46799,138
46799,5810
29159,206126
29159,9105
29159,192725
36899,994
36899,28205
36899,582
90299,32529
90299,18033
90299,99425
90299,18040
93959,131443
93959,3477
93959,138
15299,63440
15299,88
15299,352
15299,23034
122039,352
122039,54200
122039,36660
122039,185287
39239,31843
39239,31818
20579,16688
20579,59205
20579,440
20579,132887
158600,3393
158600,13134
158600,408
158600,3549
158600,22678
2420,19772
2420,1031
2420,23162
2420,6798
2420,1443
121760,43742
121760,153583
121760,96815
13820,31462
13820,26129
13820,7427
64940,81608
64940,138
64940,26129
64940,7396
64940,9901
4700,7766
4700,12094
4700,628
4700,7850
4700,8200
39140,34797
39140,138
39140,64270
13700,18878
13700,111627
13700,114231
63500,31836
63500,471
12860,25521
12860,41778
12860,65789
12860,6405
500,14932
500,69
500,138
500,6317
85460,45704
85460,24835
85460,4047
85460,66206
85460,161398
99560,223
99560,220
99560,1287
99560,99561
98180,181398
98180,13854
98180,138
98180,269984
98180,106215
72260,69188
72260,188208
46045,181281
46045,18107
46045,4201
46045,8398
75565,75547
75565,1315
75565,14822
75565,21331
3385,46
3385,3335
3385,15119
3385,47030
140005,95323
140005,8536
140005,36956
33145,4142
33145,37803
33145,58514
33145,97499
25,5
25,24
25,88
25,93
72265,68027
72265,66837
72265,68945
72265,71240
67165,221635
67165,45319
40225,38711
40225,68736
40225,45515
40225,127324
40225,159142
40525,18311
40525,138
40525,67959
21985,169121
21985,7922
21985,11998
15325,15372
15325,2745
15325,12062
208945,9914
208945,31401
208945,6199
278845,299192
278845,80249
278845,28097
95725,56325
95725,49567
95725,3549
5365,40398
5365,134364
1465,29
1465,6983
1465,2976
1465,147
63386,68372
63386,68362
63386,67895
207506,35909
207506,677
134426,13740
134426,118401
134426,52015
11966,88
11966,40107
11966,8114
138266,148015
138266,102090
138266,81672
138266,108133
21326,44283
21326,11436
21326,21311
21326,21331
21326,25117
21326,9300
165806,352
165806,17175
165806,408
165806,13768
35606,77587
35606,70698
206126,29159
206126,218985
206126,3549
14726,20591
14726,570
14726,208004
14726,41278
126206,3549
126206,10726
126206,78688
126206,677
14606,14057
46886,249
46886,92248
46886,234
46886,101511
806,253
806,122337
806,2992
806,211
806,186
13347,138
13347,126824
13347,1971
133227,6855
133227,9180
133227,138
293367,8928
38067,1443
38067,19685
38067,22966
38067,21569
49767,3745
49767,24747
49767,1083
49767,1655
134787,9180
134787,138
30927,33751
30927,121714
30927,80516
30927,124445
30927,37023
10827,760
10827,44143
29007,4201
29007,37176
29007,21321
43527,352
43527,408
43527,88
43527,3549
13227,29257
13227,27151
13227,1068
13227,43583
141087,9864
141087,36490
141087,208041
141087,160751
71968,85409
71968,8607
71968,19990
9208,479
9208,138
9208,14932
47428,23423
47428,123798
47428,213595
47428,149082
1708,13950
1708,1232
1708,22834
33568,98005
33568,39748
33568,96017
262888,19396
262888,13001
262888,137412
192028,222644
192028,46923
192028,142067
2908,300766
2908,262205
2908,66341
374188,210139
374188,45828
11728,1988
11728,12062
11728,10
11728,96135
218668,352
218668,73578
218668,8398
218668,223805
39688,20200
39688,53550
104499,46687
104499,270547
104499,23680
15579,59427
15579,23515
15579,66680
51639,29424
51639,172933
51639,137365
51639,154552
5199,40474
5199,18107
5199,15450
5199,365
5199,94840
130059,7691
130059,78388
130059,957
130059,53632
42579,27250
42579,42592
42579,280
2799,106
2799,16328
36219,57112
36219,76000
36219,138
36219,31917
35559,71709
35559,33601
35559,39515
35559,39406
201579,97089
201579,230290
11979,14213
11979,8578
11979,308
11979,2595
39759,139510
39759,139513
39759,29424
39759,1921
83679,205870
83679,352
83679,47690
83679,3549
84819,138
84819,582
84819,8385
84819,25395
84819,67133
130899,21825
130899,61794
879,18635
879,308
879,1426
879,352
24459,365
24459,3549
114219,13796
114219,11998
114219,49638
49179,43742
49179,57659
49179,67382
69939,8170
69939,143632
69939,143634
69939,1047
129579,19148
129579,90217
129579,3858
129579,52509
6219,1005
6219,138
6219,8755
6219,28097
98512,29365
98512,13472
98512,14078
35632,131212
35632,127039
35632,9731
35632,2295
100492,88
100492,619
100492,21781
11752,16708
11752,8005
11752,46805
11752,6918
11752,15596
63712,27740
63712,28114
63712,63718
63712,48059
63712,73810
31372,108197
31372,209581
31372,4201
26152,53941
26152,20386
26152,7781
26152,85239
26152,45137
18052,408
18052,32427
18052,8005
20752,485
20752,13317
20752,83461
20752,58767
29812,73227
29812,22755
29812,16604
29812,46530
29812,5393
29812,22742
73312,88
73312,29876
73312,11790
73312,33251
37672,37761
37672,138
37672,12753
70012,248
70012,64027
70012,353
70012,372
14932,301
14932,479
14932,138
14932,24433
9892,5733
9892,47592
9892,18079
9892,8398
164932,906
164932,17648
44692,334389
44692,60798
44692,59529
44692,59541
105232,80252
105232,62215
105232,40287
105232,27744
105232,99181
77812,69989
77812,2676
77812,88
77812,52972
25916,16420
25916,138
25916,220
25916,7969
115616,408
115616,8005
115616,677
45416,39919
45416,50796
45416,16427
45416,55027
133676,362931
133676,180969
133676,348541
133676,151799
133676,416415
26456,69113
26456,115139
150476,15115
150476,164547
150476,74854
42176,96847
42176,184560
42176,52145
16916,677
16916,6089
16916,16928
16916,12040
16916,628
33956,33954
33956,138
145316,36905
145316,109527
145316,110924
48656,12261
48656,77432
48656,352
136976,65866
136976,220451
136976,101769
136976,13437
956,30301
956,59096
956,29420
956,43288
73076,85351
73076,1767
73076,99828
73076,7445
54476,104671
54476,104519
54476,365
50576,22829
50576,21124
50576,22824
50576,78408
25856,4201
113036,88
113036,33790
113036,138
113036,76778
113036,92455
71756,65324
71756,26753
71756,66854
71756,82112
15596,1982
15596,43143
15596,138
20276,192279
20276,20223
20276,11986
2456,9626
2456,1053
2456,1010
14996,29984
14996,32783
14996,34452
14996,13643
90359,3840
90359,105630
90359,90210
90359,2915
4259,97598
4259,58978
4259,101782
123539,18272
123539,40028
123539,352
59,138
59,1971
59,23796
59,352
12539,81608
12539,29407
12539,29879
264059,12425
264059,19904
264059,12478
264059,12311
314579,16452
314579,7592
314579,11891
21839,23968
21839,115145
21839,9241
72419,29257
72419,43615
72419,29296
72419,29299
296639,408
296639,56537
296639,3549
296639,40842
16619,365
16619,8755
16619,88
16619,1005
2039,12629
2039,69643
2039,48833
2039,2280
193019,193020
193019,40218
193019,114534
193019,135216
55019,102870
55019,45416
55019,50796
55019,104729
105959,29086
105959,48954
1623,96835
54063,111627
54063,15267
54063,62927
54063,88
37803,550
37803,40447
37803,37815
37803,17495
32823,184308
32823,23653
5643,105216
5643,8398
5643,5676
9543,2199
9543,8398
9543,7427
147543,6868
147543,11994
147543,60911
147543,30318
22083,1275
22083,2654
22083,15161
22083,6502
210903,12490
210903,145494
210903,24850
210903,22004
139863,21605
139863,169862
139863,12490
21363,73531
21363,65360
82443,15267
82443,4528
82443,4729
82443,4487
111543,56135
111543,52015
111543,28642
331023,16216
331023,86230
331023,3021
151803,365
151803,138
151803,194837
103563,58978
103563,10267
103563,66598
20583,16688
20583,84
20583,10606
17223,211
17223,84
17223,5
114363,6463
114363,95943
114363,138
120543,42667
120543,2740
120543,138
95463,152244
95463,67736
95463,73329
90603,31793
90603,69725
90603,4877
101343,68729
101343,45177
101343,286288
101343,215149
1083,9746
1083,16623
1083,9621
1083,1115
1083,24747
37023,169826
37023,59412
37023,56399
37023,30927
22803,20200
22803,138
22803,53406
22803,42679
22803,20194
60963,251333
60963,172137
60963,142067
43143,1995
43143,1591
43143,76783
72603,74544
72603,54327
72603,33436
72603,16456
115563,188006
115563,163615
115563,25272
48843,15995
48843,301
48843,48832
48843,138
70210,65356
70210,28050
70210,28046
66910,1
205870,352
205870,45086
205870,10917
205870,8005
174490,11235
308110,677
308110,18678
308110,1426
308110,88
3910,1882
3910,1596
3910,22016
27250,6078
27250,10446
181750,220
181750,172443
181750,4433
48670,45319
48670,3969
48670,99339
6370,107253
6370,24338
252310,32098
8170,45137
8170,69939
35950,35166
35950,88
35950,352
35950,11922
154750,65324
154750,66939
154750,65331
154750,312765
23290,24146
23290,19406
23290,76809
19990,202375
19990,122314
19990,36216
19990,8928
139510,2042
139510,10
139510,762
53110,33259
53110,9356
53110,59031
74470,107873
74470,33441
74470,71019
74470,33751
56470,109471
56470,33458
1270,136536
1270,138
1270,628
375790,339917
375790,121548
375790,60526
375790,61724
375790,99072
116785,65004
116785,377056
116785,185334
116785,74195
85825,24978
85825,125022
85825,49591
5245,107819
5245,88
5245,365
99625,58965
99625,26842
99625,3169
71245,26753
71245,26057
71245,68019
71245,65817
205,7927
205,13854
205,2153
205,1503
205,2662
102805,138
102805,2976
102805,88464
145705,11880
145705,220
145705,677
145705,138
145705,10580
145705,26100
50665,18575
50665,1322
50665,9405
65185,677
65185,2380
65185,13740
78925,162767
78925,162765
78925,162764
78925,396
33505,468
33505,44266
33505,42994
54205,45137
54205,69060
54205,68939
54205,71756
100945,365
100945,10
100945,88
100945,13869
95905,181775
95905,79647
95905,146288
95905,229210
95905,68286
8065,396
8065,301
8065,138
77305,301
77305,10
77305,138
77305,146810
95365,6014
95365,308
95365,10647
95365,41631
58045,76561
58045,44020
58045,14025
58045,52476
58045,40282
133465,88
133465,6078
133465,677
133465,19236
29365,147482
29365,77903
5005,26282
5005,138
5005,5999
112886,98351
112886,24804
112886,60827
112886,222977
112886,6089
8306,10753
8306,17507
8306,352
8306,408
19406,192712
19406,145462
19406,134420
19406,71094
75746,74577
75746,69733
75746,16348
75746,14590
75746,67741
13886,138
13886,523
13886,12699
108386,2042
108386,139410
108386,138
108386,3938
9626,1369
9626,5000
9626,333
9626,1315
104426,92811
104426,7949
104426,257144
6566,51369
6566,13209
6566,4973
6566,12057
156146,74048
156146,9833
277466,309720
277466,308363
277466,294727
277466,298194
69926,73213
55586,762
55586,138
78926,3414
78926,220
78926,3540
78926,132929
86,6323
66206,253
66206,138511
66206,85460
118586,15596
118586,7905
118586,6855
286706,31532
286706,138
286706,36243
85586,352
85586,10647
48146,85258
48146,80464
48146,88610
48146,39716
48146,48142
58767,96783
58767,20752
58767,308
58767,6502
747,138
747,365
747,100197
59427,36224
59427,36422
59427,66700
59427,59431
109527,63619
109527,86640
109527,40669
109527,145316
79647,95922
79647,95905
79647,36558
79647,181775
79647,57542
79647,251654
54447,3840
54447,90213
298647,199442
298647,5686
87387,24060
87387,2042
87387,66394
87387,112139
1287,308
1287,1168
1287,138
77067,257986
77067,109648
77067,304022
111627,98544
111627,18874
111627,146523
111627,1190
111627,32123
48687,29876
48687,95137
48687,49466
48687,88188
48687,62498
251487,1
78387,78388
78387,78391
507,206
507,1988
507,3453
507,1247
507,88
507,5199
34887,994
34887,6127
34887,1988
34887,6527
34887,31160
34887,1137
24747,2114
24747,49767
24747,138
40287,39515
40287,33472
40287,40307
155367,261299
155367,141557
155367,16103
155367,138
155367,181366
182307,17871
182307,275077
182307,292394
8607,8695
8607,18442
8607,8709
8607,46748
73227,64943
73227,70259
73227,129466
42927,33450
42927,71023
42927,101133
164547,29984
164547,15115
164547,352
164547,150476
27387,1337
27387,5918
27387,58627
27387,5686
62247,191826
62247,62193
62247,25580
62247,58996
62247,34716
208167,88
208167,10927
17607,138
17607,21164
17607,38765
17607,17639
13707,1850
33807,33796
33807,33808
33807,33818
33807,33823
108387,352
108387,5301
108387,480
108387,17122
4528,88
4528,8398
4528,76454
120208,54528
120208,5547
120208,193862
120208,24771
6868,38234
6868,5918
6868,49828
5188,45305
5188,33954
5188,8618
77308,9774
77308,468
77308,9731
55588,111450
55588,48676
55588,18898
55588,25110
36568,150091
36568,36558
36568,29059
36568,36569
36568,92570
6268,2876
6268,23255
6268,85702
127828,8755
127828,42095
54808,10940
54808,11256
54808,52431
54808,129495
298468,78809
298468,37532
298468,120077
39748,45540
39748,66974
39748,60867
196468,17507
196468,42459
196468,130899
16768,44609
16768,20386
16768,7781
16768,67841
16768,16003
82108,73329
82108,69237
82108,73319
104608,88
104608,37457
52828,107215
52828,3253
52828,2869
52828,108967
52828,52419
43288,138
43288,5686
84448,479
84448,76783
84448,49567
84448,12629
54817,13789
54817,144992
54817,248
54817,7540
91957,14996
91957,1322
91957,14991
91957,82074
7717,7377
7717,138
7717,14937
185977,10
185977,252634
18397,73878
18397,1544
18397,138
18397,2141
186457,120573
186457,120112
186457,201340
186457,151029
136537,8005
136537,136536
136537,88
136537,408
136537,7940
19117,90180
19117,90185
20017,180565
20017,80068
20017,20007
20017,108094
20017,39417
48157,138
48157,93765
48157,29163
48157,39697
56797,40307
56797,163723
56797,4904
56797,263597
56797,105232
9337,20468
9337,40092
9337,1665
9337,22034
318697,112097
318697,55964
27697,27708
27697,1005
27697,8755
1957,88
1957,9676
1957,1168
149917,162757
149917,308
149917,352
271616,106627
271616,79835
271616,96530
271616,122224
29876,24368
29876,32383
29876,20124
29876,24378
29876,48687
45656,17871
45656,41337
45656,11571
6836,10174
6836,62782
6836,6798
6836,129979
6836,13029
6836,24644
75356,2670
75356,1298
75356,26753
75356,206
177416,88
177416,36558
177416,29059
177416,29071
37676,207735
37676,24914
37676,19254
95216,196858
95216,365569
59096,4201
59096,8154
59096,24804
2876,134730
2876,115927
2876,139053
70616,149917
70616,82858
70616,162757
70616,67695
82496,56021
82496,33751
82496,118420
17216,93
17216,17226
17216,17221
387776,12440
387776,138
54956,5224
54956,5
54956,55027
29036,352
13796,3883
13796,15926
13796,10807
13796,26129
70736,6
70736,7932
70736,291
174716,139048
174716,84794
36956,258948
36956,885
36956,4835
36956,103082
36956,140005
3176,19347
3176,14078
3176,36756
4076,1
111776,352
111776,39858
111776,1426
111776,98033
48059,92325
31319,22051
31319,18595
31319,103517
74039,150251
74039,38227
74039,74021
23519,34929
23519,53902
79619,9458
66719,1
15119,16708
15119,3335
15119,4201
15119,29984
15119,408
28619,8271
28619,19787
28619,28614
28619,88
61499,62151
61499,67741
61499,61516
61499,14602
57659,7569
57659,365
57659,1988
57659,13811
76919,193094
76919,69608
76919,55776
76919,29375
183839,90847
183839,151029
183839,45052
183839,95625
183839,197001
183839,140276
10559,1982
10559,11164
10559,15596
76979,85702
76979,2854
124199,99991
124199,77587
124199,19936
124199,59636
91679,72731
91679,56798
91679,5625
13859,1315
13859,1322
3419,4339
3419,408
73319,73329
73319,68000
73319,269292
193079,3014
193079,7533
193079,48869
68399,82465
68399,46664
8459,14171
8459,18272
8459,40102
299819,70392
299819,523
299819,66394
115139,84
115139,957
115139,26456
115139,98466
56399,20941
56399,202191
56399,314435
87359,20276
87359,108550
87359,87362
87359,60963
20941,64298
20941,138
20941,183737
20941,52476
20941,20973
31681,57969
31681,28097
97021,124133
97021,7592
97021,310929
97021,107211
97021,284756
55141,677
55141,352
55141,8005
55141,107628
76561,53905
76561,58045
76561,52476
76561,36073
46621,59431
46621,92742
63541,391125
63541,250357
63541,63528
63541,232070
63541,89201
1501,24747
1501,29984
1501,16598
71341,68937
85021,88533
85021,8960
85021,103942
107401,43688
107401,97089
107401,219595
107401,97085
18901,4201
18901,11318
90181,213595
90181,38880
90181,677
90181,11409
90181,11239
42181,52925
42181,36436
42181,677
194761,138
132781,101856
132781,157348
132781,36558
132781,124862
178501,6370
178501,10
178501,138
61201,42679
61201,138
61201,43863
62161,14662
62161,59359
62161,80825
62161,61516
62161,62154
148501,27872
148501,85189
148501,37726
148501,2280
67741,101041
67741,14602
67741,59940
61321,23532
61321,43688
61321,107310
61321,66680
11581,1718
11581,4201
11581,94840
11581,97014
25801,7427
25801,110177
25801,8618
58987,59383
58987,58978
45907,75787
45907,260719
45907,13234
35647,9754
35647,78549
35647,2527
380047,34797
380047,14602
380047,31224
380047,55964
60847,220850
60847,14343
60847,138
57067,481
57067,1426
57067,25953
106627,38374
106627,12366
24787,1426
24787,677
24787,69910
24787,54738
67987,57153
67987,186594
3367,149256
3367,14686
3367,1232
3367,15175
13447,1031
13447,80516
13447,60798
13447,121714
44287,78869
44287,21386
44287,18284
44287,86071
44287,12911
34987,73340
34987,52476
34987,19159
34987,8747
34987,44036
345487,352
345487,3549
345487,308
345487,88
115927,32214
115927,2876
108967,3830
108967,2889
108967,66350
108967,52828
13747,88
13747,130536
13747,60599
145507,3549
145507,6749
145507,23423
145507,352
10807,15926
10807,15413
10807,518
10807,9460
10807,17246
10807,5224
10807,6017
10807,28419
69727,63202
69727,52355
69727,34697
69727,19148
175687,164633
175687,352
175687,301
7927,13854
7927,185060
7927,18052
289267,308431
289267,88
289267,183133
289267,56470
23587,208341
23587,161
23587,23037
23587,14877
42667,123074
42667,42630
42667,138
42667,36258
36487,27315
36487,10495
36487,23968
36487,98211
153367,623
153367,2164
153367,12261
153367,253
10567,10577
10567,62053
10567,19772
10567,88
10567,138
21967,67955
21967,36490
21967,8385
21967,8303
21967,17021
21967,5252
22807,42679
22807,87571
69547,41975
69547,85013
69547,34181
18248,1879
18248,38975
18248,138
369968,245
369968,249
11288,146035
36788,724
36788,715
36788,2316
28088,62534
28088,19148
28088,138
284708,1858
284708,42
284708,6
284708,155318
3248,248
3248,206
3248,51757
3248,1274
3248,80829
93428,153583
93428,56771
93428,119318
93428,8755
34088,12366
34088,46264
34088,12344
82268,78484
82268,352
82268,88
82268,24173
82268,107188
82268,31793
130748,51854
130748,179934
130748,50055
130748,10121
130748,162553
5348,1871
5348,1078
5348,43364
184088,24220
184088,301
184088,138
184088,9180
6968,73160
6968,30869
6968,247842
108968,52828
108968,252374
108968,3845
108968,3253
112268,104467
112268,62600
112268,22560
209408,75827
209408,23764
209408,19904
209408,110004
209408,34726
114968,20300
114968,42679
114968,138
20468,352
20468,408
20468,3549
20468,88
146288,95905
146288,95917
146288,95922
3311,70392
3311,41869
160331,69690
160331,107509
160331,163184
160331,68303
72731,64298
72731,8755
72731,91679
72731,24156
98351,143250
98351,13740
98351,168282
98351,24804
119891,34178
119891,64196
119891,34181
119891,119873
150251,169758
150251,143306
150251,184693
150251,38616
14171,3781
14171,253
14171,14156
14171,221
3191,11542
3191,28697
3191,41095
3191,29267
3191,2363
132491,2295
132491,37882
22631,44442
22631,207442
22631,62161
22631,78985
158951,138
158951,99813
158951,93934
158951,159850
158951,11192
6971,119844
6971,127415
6971,250027
6971,16466
6971,28494
30145,177328
30145,111562
30145,28567
69565,68849
69565,26753
69565,66854
69565,65815
24565,45319
24565,66270
142165,108628
35965,16481
35965,1398
35965,6544
9685,408
9685,28231
9685,85287
9685,1443
9685,4440
266665,248
266665,249
266665,68238
10705,24141
10705,14404
10705,12975
180385,92909
180385,2250
180385,115928
180385,7074
180385,43741
180385,1804
69925,83425
69925,71243
69925,88
16645,11192
16645,14890
16645,4201
120925,110813
120925,95090
120925,131543
33865,34178
33865,35210
33865,33843
37105,36243
37105,85040
6085,19594
6085,12975
6085,36693
6085,101782
191965,65881
191965,4909
60445,19904
60445,146969
42085,88
42085,4201
42085,8398
42085,1982
2185,2280
2185,22457
2185,88
78085,10647
78085,677
78085,2763
92125,37536
92125,232006
92125,63364
92125,71709
325,3021
325,227204
325,365
294205,50239
294205,6951
294205,16452
108205,171032
108205,26120
32246,582
32246,8181
32246,32770
24146,1190
24146,27315
24146,106615
24146,68051
188006,352
188006,138
188006,177266
6986,25211
6986,7008
6986,4262
6986,6527
178526,9008
178526,44962
178526,2515
28046,27317
28046,20751
28046,66831
28046,66832
28046,66833
15926,192171
15926,223047
15926,158296
15926,38328
15926,26129
30866,80351
30866,7549
30866,96235
30866,117449
88826,138
88826,1095
88826,9128
88826,25214
88826,216
169826,19685
169826,1793
169826,132618
169826,88464
169826,37023
4526,12158
4526,88
4526,9791
4526,3549
124526,28193
124526,88
85826,49527
85826,24978
85826,49518
85826,150228
38606,38553
38606,20230
38606,20280
38606,28926
107486,36558
107486,146024
107486,192250
107486,296618
18866,11318
18866,14890
18866,18878
18866,18874
18866,18893
241226,56663
241226,88
75506,7569
75506,138
75506,33357
7886,69
7886,29879
7886,12526
102086,38675
102086,2918
102086,2880
102086,42
102086,115155
49466,48687
49466,32045
49466,977
136166,257986
136166,74411
136166,136179
136166,104087
103766,32604
103766,125250
103766,139312
103766,10647
158186,154488
158186,38224
158186,209040
158186,295843
158186,260300
27986,42176
27986,930
27986,52049
25766,13115
25766,37672
25766,2676
25766,41229
113486,21203
113486,2360
67346,39919
67346,308
67346,88
143306,132718
143306,20203
143306,46748
143306,68426
30266,30269
30266,901
30266,30270
30266,88
30266,642
27266,385
27266,13241
27266,1322
151887,49591
151887,84540
7047,7427
7047,13740
7047,1190
7047,42095
26247,1
11907,88
11907,16336
11907,26549
51747,3830
51747,2889
8487,8461
8487,93
60867,2676
60867,172965
60867,88
60867,39748
7467,4188
7467,4005
7467,138
158247,68850
158247,69054
158247,65331
158247,66860
183867,151506
183867,35076
183867,26634
183867,372
41127,5
41127,36660
41127,2427
41127,138
41127,308
55227,26842
55227,54813
15387,5084
15387,16420
15387,13692
15387,2024
73347,78598
73347,38002
73347,16604
211527,9305
211527,67881
211527,44825
199827,308
199827,134826
199827,352
15267,22424
15267,63433
15267,4729
102567,12610
102567,3377
102567,102576
102567,102572
42207,3549
42207,408
42207,42218
8247,145214
8247,8275
38007,2889
38007,55027
38007,16427
38007,105274
44967,7596
44967,100634
44967,61652
54327,138
54327,6951
54327,72603
54327,29911
5547,29039
5547,182013
5547,762
11308,138
11308,11445
320368,352
320368,30427
320368,10753
320368,408
320368,16576
59908,32972
59908,14677
59908,31337
59908,72746
59908,35366
107188,82268
107188,107199
107188,69156
16348,39515
86548,112913
86548,103253
103708,22681
103708,23956
103708,147021
51448,13650
51448,138
286288,289188
286288,52512
286288,192996
286288,101343
139048,64459
139048,1971
139048,15573
49828,30181
49828,221
2248,138
2248,3345
2248,24400
124888,99231
124888,245200
173128,82828
173128,61206
173128,1793
66328,103872
66328,2844
66328,122520
66328,38679
44668,147203
44668,39738
44668,21880
46648,3399
46648,138
46648,39688
46648,5
161548,59377
161548,42927
182788,104905
182788,151927
126988,204893
126988,33796
126988,42
126988,53518
22108,138
22108,15651
22108,5348
22108,677
15328,885
15328,2480
15328,125221
15328,308
33808,20139
33808,36119
33808,33807
33808,106215
160468,249
160468,26842
4348,139218
4348,132959
64228,35681
64228,1036
64228,24747
64228,6405
97288,38599
97288,38627
97288,78408
120508,74854
120508,18316
120508,6855
120508,202737
1596,3927
1596,3930
1596,3912
1596,3905
10356,9351
10356,9356
10356,99329
11256,2199
11256,69633
11256,63926
11256,19204
107556,138
107556,98838
107556,69608
41436,316
41436,1486
41436,202
41436,5
36756,34484
36756,533
36756,677
36756,3217
240516,200259
240516,125962
51636,78838
51636,138
456,4824
456,138
456,30353
456,1337
456,63573
49956,49919
49956,7436
49956,1971
63636,40028
63636,138
27996,73440
27996,10
27996,75528
27996,57
29736,15232
29736,29725
29736,16343
29736,23652
29736,21111
1896,352
1896,533
1896,17122
1896,301
1896,52
34716,62247
34716,34929
1416,565
1416,555
1416,1882
26016,8398
26016,4201
26016,352
19236,48833
19236,55776
76656,127606
76656,29653
76656,16623
105216,138
105216,41869
99216,104945
99216,57
99216,88542
99216,124847
99216,124850
90098,146120
90098,2889
90098,49567
90098,48869
3338,1454
3338,107253
3338,333
3338,6855
217718,136724
217718,67881
217718,352
62498,95147
62498,10295
62498,228167
12458,12241
12458,46216
12458,293259
12458,23906
298718,184693
298718,64280
298718,206242
30758,48059
30758,53254
30758,88
30758,22631
65498,6317
65498,42932
65498,100710
65498,209232
126398,47249
126398,80308
126398,47377
126398,59792
126398,65896
26198,165715
26198,40546
26198,20937
26198,65161
119318,116213
119318,14662
119318,93428
119318,116417
119318,24156
110438,153774
110438,677
110438,468
40478,5393
40478,1190
40478,1793
59198,511
59198,40075
59198,44325
59198,117599
1298,138
1298,13854
156398,278651
156398,175117
112538,2854
112538,96293
112538,58522
29978,32854
29978,32819
29978,49915
17798,12522
17798,25680
17798,417
114938,24454
114938,24465
114938,1971
114938,138
33818,387363
33818,33807
33818,29876
33818,16962
68318,138
68318,88
68318,66869
317498,365
317498,48712
317498,977
138158,2042
138158,352
138158,87202
59276,59431
59276,92742
17756,24477
17756,138
17756,35681
17756,78936
236,2844
236,38007
236,90104
22016,67732
22016,78735
22016,14317
22016,153852
11756,4290
11756,19904
11756,72731
11756,119275
164036,197737
164036,21978
164036,220344
39716,46923
39716,48142
39716,29163
39716,93765
140276,185251
140276,72201
140276,183839
47216,10753
47216,95648
47216,408
47216,32604
77336,2199
77336,39049
77336,39081
77336,9208
44276,21386
44276,29191
44276,1971
140216,38434
140216,23764
140216,27052
140216,138
4376,468
4376,17175
4376,80751
4376,124804
4376,5116
48116,10431
48116,7322
48116,226347
59636,31327
59636,31780
59636,77549
48896,48911
48896,47030
48896,3983
48896,19620
48896,48889
160196,151855
160196,204672
160196,160202
2216,29349
2216,29257
2216,25705
264536,138
264536,41100
16196,138
16196,37753
16196,55558
94676,177047
94676,41700
94676,6370
94676,99912
131276,408
131276,8005
131276,8122
59756,177786
59756,31411
59756,9590
89036,36490
89036,23401
89036,19117
89036,5733
89036,365
89036,88
95039,192652
95039,88515
95039,109331
95039,263020
95039,65004
10619,138
10619,365
10619,352
6119,102260
6119,1767
6119,13740
21479,226713
123119,18114
123119,5676
52919,49591
52919,29462
52919,88
7739,68144
7739,88
7739,15767
4379,18052
4379,4201
4379,677
112139,14431
112139,677
112139,171868
10259,7401
10259,10030
10259,182979
10259,51864
84059,257986
84059,221777
84059,68000
107819,213925
107819,16566
104519,34474
104519,54476
104519,104671
261299,8095
261299,261300
313679,3549
313679,3802
138179,12666
138179,144403
138179,179891
16259,104729
16259,126058
16259,44494
16259,38658
16259,16427
11339,29176
11339,138
151499,205820
151499,11898
151499,235635
54059,104413
54059,33771
54059,19772
72839,196858
72839,116785
172739,11395
172739,4411
172739,161802
172739,18284
172739,11353
165059,229078
165059,51444
165059,165066
165059,165058
54479,2480
54479,57708
54479,135269
348059,151471
348059,398715
348059,117239
348059,438328
348059,117256
21299,4479
21299,2434
21299,18297
21299,49123
20159,42679
20159,138
196259,93777
196259,38224
196259,154488
240239,150648
240239,7691
240239,677
240239,150649
5999,1205
5999,5005
5999,10
5999,91263
25199,75049
25199,1398
25199,266207
25199,9672
179819,138
179819,29144
179819,133623
179819,2250
