597,1
51261,181430
51261,193842
51261,188856
51261,11235
23123,132256
23123,1988
23123,105902
23123,20894
10917,17507
10917,140057
10917,214579
10917,183228
134698,677
134698,32427
134698,54960
134698,8005
61221,53406
61221,20200
85221,20293
85221,37330
85221,162325
71901,119242
71901,9746
71901,9731
71901,2985
71901,127811
72261,68000
72261,67736
72261,144911
14241,138
14241,3680
14241,14235
142,10577
142,760
142,628
38002,84887
38002,37323
38002,19679
5422,95561
5422,1793
5422,21386
5422,3017
31462,645
31462,22328
31462,518
31462,26129
61762,40859
61762,9731
4824,29644
4824,1315
4824,1337
285624,210433
285624,11895
285624,762
285624,11998
285624,138
3999,88
3999,3998
103549,73462
103549,99935
103549,4201
103549,18107
41869,8463
41869,81586
41869,13712
41869,54435
41869,42095
78289,128770
78289,69678
78289,67736
78289,288204
50329,518
50329,88
12949,16604
12949,43863
12949,42679
52737,138
52737,45209
52737,36363
8398,72326
8398,4201
8398,1982
8338,76338
8338,42
8338,2199
8338,316
26824,645
26824,352
26824,2940
26824,2480
26824,6142
26824,3008
1264,1260
1264,174
1264,142
1264,555
29644,352
29644,4824
29644,18741
29644,308
15844,18180
15844,4201
15844,46590
222304,87185
222304,108607
222304,222305
222304,88
53406,61202
53406,51519
53406,20200
39666,84217
39666,67474
39666,29191
39666,27536
40928,146497
40928,138
40928,51123
40928,5686
22328,22333
22328,23969
22328,23968
22328,37672
36981,8463
36981,523
51021,5810
51021,138
51021,17507
68421,108607
68421,42679
68421,46698
68421,113247
37761,10927
37761,17175
77721,11895
77721,10213
77721,97375
16762,37290
16762,138
1522,7888
1522,1137
1522,994
1522,1315
10822,47280
10822,56305
10822,93183
73462,17175
73462,365
73462,103549
73462,138
73462,45137
146362,149468
146362,46927
146362,236185
146362,145198
146362,227812
146362,9481
41483,107859
41483,29897
41483,98791
41483,61921
41483,41594
41483,31904
178703,35390
178703,14166
178703,86236
178703,19271
114443,164534
114443,6
114443,164533
114443,301
114443,2010
47543,6241
47543,698
47543,40948
47543,1759
47543,2515
43523,17495
43523,19142
43523,145279
43523,98015
13643,782
13643,1430
13643,3335
13643,582
32663,15844
32663,99935
32663,160627
32663,26120
31284,29792
31284,31261
31284,41461
31284,14376
31284,14374
224844,26377
224844,19550
224844,503
224844,142013
288204,68945
288204,240875
288204,78289
89619,333
89619,19623
3399,2031
3399,3962
3399,1559
3399,2199
42699,38891
42699,187741
241719,59945
241719,31256
241719,88
58659,128382
58659,1840
58659,3581
2199,7903
2199,5120
2199,8338
3472,73352
3472,54428
3472,76382
3472,79993
30112,7028
30112,4026
30112,18482
39417,16092
39417,80068
39417,42304
165117,308
165117,8385
165117,4201
165117,23969
12057,24400
60477,121664
26098,94708
26098,5116
26098,71049
26098,11895
11998,89805
11998,29802
11998,365
1618,18754
1618,6283
1618,41334
1618,7064
1618,8546
17278,1260
17278,87419
17278,4408
17278,13690
145198,39697
145198,44651
170938,68585
170938,204102
170938,214636
170938,9481
94921,39865
94921,33045
94921,91500
6241,20873
6241,26129
6241,7373
6241,59739
22861,9481
22861,87484
22861,101606
61921,39241
61921,9731
61921,32465
61921,1031
3121,13950
3121,68939
3121,4047
15361,1315
15361,1454
15361,3399
15361,2109
81001,88
81001,352
81001,9305
187741,42679
187741,46698
187741,9540
31261,1005
31261,41461
31261,31532
31261,138
31261,31284
41461,32098
41461,31240
41461,14376
41461,31261
41461,31284
18482,4201
18482,408
18482,352
2042,50896
2042,147323
2042,9731
5582,86842
5582,5593
5582,86849
5582,5669
5582,5676
168002,138
168002,8338
168002,19904
168002,10609
8522,33511
8522,2676
8522,13643
8522,139371
61202,53406
61202,20200
61202,43835
61202,43863
45662,1237
45662,5810
45662,19672
141362,88
141362,6878
141362,41200
13142,4005
13142,115145
13142,51341
13142,23796
135422,92389
135422,10606
19142,36585
19142,471
19142,154641
78190,3883
78190,131448
78190,30140
78190,4992
47710,1982
47710,173334
47710,11998
81970,8385
81970,88
81970,365
81970,19540
81970,677
185290,3979
185290,1205
185290,352
185290,30021
185290,138
4450,4447
4450,4467
4450,1243
4450,67446
38230,138
38230,29163
144790,13811
144790,165345
144790,43742
144790,67382
144790,139286
144790,88
84010,7922
84010,147139
84010,4201
13690,762
13690,138
13690,308
13690,17278
13690,1971
29721,6431
29721,1322
29721,4262
29721,6167
29721,19540
18741,23996
18741,88
18741,385
18741,715
18741,11907
18741,333
18741,15408
44661,78688
44661,185212
44661,56339
44661,36490
34761,6855
34761,5686
34761,103253
34761,115717
93141,159156
93141,15380
93141,48659
93141,24301
13162,4201
13162,88
13162,4005
13162,11043
13162,2280
67702,70549
67702,69774
67702,77053
67702,65817
67702,67736
1042,137
1042,810
1042,6593
19582,7427
19582,26129
79882,14235
79882,957
79882,139626
79882,84290
6142,308
208223,1290
208223,96847
208223,4290
208223,39016
208223,29059
117743,76151
117743,39574
117743,138
18143,44609
18143,95516
18143,143632
18143,18107
18143,83327
28404,42171
28404,28419
28404,3883
28404,138
18504,352
18504,84217
18504,12924
18504,4055
24,69
84204,12928
84204,14890
10944,36340
10944,760
10944,1315
12084,1322
12084,80069
12084,20007
12084,4201
221,26129
221,333
221,216691
3581,139468
3581,37761
3581,78732
13001,74964
13001,74968
13001,74969
90821,15115
90821,54903
90821,12666
90821,29984
2744,155355
2744,2527
2744,1369
2744,234994
2744,19391
97664,4675
97664,885
97664,7441
97664,619
121664,308
121664,60477
121664,84181
366044,396
366044,538
366044,537
366044,345534
4904,33472
4904,40307
4904,62215
4904,4909
7064,112913
7064,1369
7064,7427
100857,39697
100857,67118
100857,145198
36537,232753
36537,146035
36537,23162
36537,31885
1137,1369
1137,333
1137,1179
37317,3237
37317,37323
37317,46537
37317,1020
12597,26692
12597,24323
12597,10309
12597,3353
12597,120050
69237,13813
69237,88
69237,89813
3477,117956
3477,138
83518,90185
83518,35813
83518,222899
83518,18082
83518,209581
83518,4201
107338,249
107338,209200
107338,113792
89878,6405
89878,95618
38638,46587
38638,37330
38638,94917
51178,511
51178,3549
51178,37761
74158,11917
74158,6405
120418,70392
120418,65456
100918,146120
100918,100924
100918,146135
129605,26076
129605,9590
129605,71094
55925,134003
32465,166998
32465,65678
115145,88298
115145,114238
115145,224724
115145,11945
115145,21839
115145,75066
124445,30927
124445,5686
16865,1190
16865,13740
16865,1031
16865,9731
16865,12738
16865,80554
148385,6855
148385,44719
148385,15590
148385,6283
44705,44656
44705,1988
44705,8385
44705,3549
44705,10726
46805,5810
46805,16137
36905,4201
36905,145316
36905,31462
16685,38311
16685,37009
16685,1322
965,17507
965,8398
965,229279
37685,3008
37685,511
37685,3534
37685,352
72428,125673
72428,26542
72428,72418
72428,43615
72428,72419
299708,54223
299708,72382
299708,70549
299708,40950
78008,196081
78008,47229
78008,3549
31748,1322
31748,24156
60188,762
60188,29039
40028,352
40028,47794
40028,2042
40028,67474
8468,523
8468,114016
8468,308
8468,352
16928,6529
16928,16916
16928,7813
172821,105316
172821,61157
172821,52905
172821,88
159141,24462
159141,1971
159141,138
99561,99560
99561,2031
99561,6
214101,14109
214101,13347
214101,406293
93861,90033
93861,152192
93861,117239
93861,63840
93861,13442
12261,352
12261,65456
12261,523
12261,19364
12261,70392
10641,628
10641,136536
10641,4450
31401,51261
31401,4201
31401,93654
31401,36308
31401,207833
25521,6608
25521,25523
25521,21294
5541,3477
5541,169330
5541,1031
5541,13650
37341,1
24141,15242
24141,9305
24141,7373
21321,65774
21321,29007
21321,6855
128601,37341
128601,175303
128601,89168
128601,8467
154641,8005
154641,108803
154641,503
154641,42579
36622,94810
36622,120517
22582,43753
20902,44719
20902,316
20902,10
86842,172365
86842,5676
86842,5582
86842,5561
220882,352
220882,16576
220882,8005
220882,408
14782,1982
14782,4201
14782,12753
101362,49673
101362,82567
101362,43909
101362,238737
98962,416
98962,1858
98962,138
98962,206
26002,20445
26002,1852
26002,1895
26002,177315
26002,2295
26002,42
48142,2199
48142,46923
48142,95930
48142,29163
41842,76065
41842,6317
41842,19649
41842,138
41842,29424
68362,31818
68362,31811
68362,33751
3562,13024
3562,333
108322,1105
108322,2480
108322,4201
32783,82074
32783,34452
147323,45319
147323,1426
147323,9356
147323,2042
30743,39365
30743,31267
30743,32098
30743,36243
323,2199
323,3979
323,26233
323,70375
104603,24114
104603,182489
104603,44022
104603,150961
24323,13024
24323,12597
13223,27315
13223,92603
13223,147139
6323,4201
6323,628
6323,6544
1823,1850
1823,1840
1823,1879
1823,352
209063,54885
64943,29407
64943,138
64943,22966
12924,44289
12924,4201
12924,14890
87444,73329
87444,70549
29424,59784
29424,63
29424,2456
29424,39759
29424,30583
29424,1534
74964,7262
74964,81553
74964,138
74964,88
81564,11504
81564,66394
81564,16427
81564,107346
53124,138
53124,1031
53124,2250
65424,234
65424,19904
320424,6951
320424,338958
320424,25677
320424,315839
396,5375
396,421
396,39657
396,8224
396,73196
52476,39515
52476,4904
52476,28097
52476,57451
94956,10647
94956,20007
94956,408
94956,352
11976,1158
11976,48557
24156,56798
24156,70698
24156,116144
82236,63123
82236,19148
82236,33472
82236,63386
159156,151029
159156,29424
159156,93141
5136,59739
5136,5116
55776,8398
55776,19236
55776,133804
55776,46590
55776,352
55776,14786
2976,147
2976,1465
3276,308
3276,1158
3276,138
3276,88
86376,33472
86376,39515
145956,29039
145956,70983
145956,176244
205416,83602
205416,677
2989,130982
2989,66347
2989,130977
5989,7285
5989,60911
5989,30301
5989,8320
5989,2141
39769,51341
39769,63926
39769,228289
10309,41543
10309,12597
10309,26456
7969,55027
7969,16427
7969,555
7969,1633
7969,25916
10609,38740
10609,168002
10609,677
10609,15596
92389,17218
92389,10606
92389,135422
92389,57060
4909,33472
4909,62215
33949,130524
33949,2039
33949,301
92509,37135
92509,41746
92509,41324
86329,26250
86329,145671
86329,2199
50457,232753
50457,26279
50457,103253
4137,443
4137,21694
4137,16428
4137,7969
7377,628
7377,2363
7377,28808
7377,6979
7377,2778
7377,365
7377,88
2697,39574
2697,48302
2697,22970
2697,73604
2697,25391
2697,1971
537,1971
537,677
537,408
537,352
13317,3566
13317,14880
55377,10262
55377,1036
55377,37663
94917,43863
94917,68617
94917,37330
94917,78429
94917,38638
28977,4614
28977,14890
28977,39853
28977,144803
28977,11318
59818,20194
59818,20200
24418,133227
24418,9731
24418,762
24418,138
15418,45621
15418,14367
15418,88
126058,11912
126058,7969
126058,81382
1858,11979
1858,13831
32098,31532
32098,66021
32098,36243
22678,158600
22678,61051
22678,16086
22678,8005
22678,188434
66238,30478
66238,51785
66238,70968
66238,1426
66238,12261
38458,144853
38458,24914
38458,47040
38458,45319
44398,28783
44398,90429
44398,7427
44398,13516
44398,74583
78598,22792
78598,204102
78598,20200
78598,42679
538,100202
538,352
538,408
78058,3549
78058,137192
78058,677
6958,79693
6958,138
6958,35210
20818,12549
20818,19142
20818,5770
1503,2662
1503,205
91143,173334
91143,47710
91143,17175
70983,352
70983,6221
70983,102247
70983,145956
95943,57247
95943,75539
95943,26076
95943,6463
95943,114363
74583,100116
74583,138
74583,365
20223,53406
20223,20194
20223,20200
20223,138
133623,19685
133623,31151
133623,62600
133623,38067
11763,352
11763,19088
11763,276
63123,58978
63123,63202
63123,59383
63123,10267
37443,37440
37443,27796
37443,402708
133323,109972
133323,9305
133323,138895
133323,4201
220983,36905
220983,206
220983,138
36243,286706
36243,123312
36243,136611
36243,81828
36243,81814
26530,3185
26530,18575
26530,2363
10630,4450
10630,23563
10630,7691
128830,14376
128830,108909
128830,52355
128830,128819
88990,645
88990,88
88990,9305
92410,11945
92410,187489
92410,4743
92410,36579
216550,8005
216550,19672
216550,352
216550,408
14590,67721
14590,14677
14590,40252
14590,16520
14590,28097
33790,2250
33790,72518
33790,3434
60490,20194
60490,46664
86230,331023
86230,331022
86230,11571
86230,75912
143890,8161
143890,336114
143890,18079
143890,115940
68710,159897
68710,159895
68710,107338
42070,52125
42070,182238
42070,127039
24850,192740
24850,6552
24850,210903
24850,13044
219790,20145
219790,38616
169330,88
169330,189180
5770,46590
5770,4201
103510,108197
103510,154924
103510,191886
103510,3549
66201,47229
66201,32206
25101,9590
25101,65458
25101,26076
5301,5296
5301,301
5301,18691
79401,17094
79401,127039
79401,5686
155541,45319
155541,762
155541,18107
155541,1205
155541,138
5361,138
5361,1036
5361,1322
45501,135493
45501,23255
45501,26922
6381,376
6381,253
6381,13003
6381,1907
118401,45783
118401,134426
331821,120354
331821,254306
331821,103253
331821,82643
66021,252310
66021,32098
66021,6855
41301,44422
41301,38234
41301,29163
65181,70736
65181,677
65181,82694
65181,82697
45621,191700
45621,138
45621,97901
72382,1
40582,33426
40582,246401
40582,87387
40582,8306
177322,80516
177322,36622
177322,70191
102082,68939
3502,408
3502,352
26542,29299
83602,8005
83602,54960
83602,22268
83602,36669
148342,274384
148342,274
148342,106282
146842,181430
146842,31391
146842,146834
146842,98111
1762,1971
1762,1756
1762,22560
1762,60477
1762,762
202042,88
202042,387776
202042,220
1882,555
1882,95349
1882,3910
1882,1322
85702,6268
85702,26842
85702,76979
85702,269
49102,7477
49102,31462
49102,49123
49102,468
26842,288
26842,2854
26842,85702
26842,99625
26842,45497
100822,19406
100822,100945
100822,22970
100822,23290
135322,4137
135322,80351
135322,93
135322,25584
135322,18681
16343,21111
16343,15185
16343,37135
92603,26629
92603,66100
92603,13223
92603,3453
108803,111933
108803,95365
108803,2138
108803,154641
108803,8005
144803,28977
144803,1988
144803,10
144803,138
11723,27611
11723,6544
11723,10832
11723,107628
179243,1999
179243,10262
179243,82562
443,16427
443,21710
387083,37358
387083,10309
387083,162553
387083,317
23663,10944
23663,126034
23663,23653
23663,550
41543,88
41543,1426
41543,19142
171923,1
3863,2921
3863,249
3863,2889
67223,87655
67223,428598
67223,163700
67223,282751
68843,26753
68843,66854
68843,138
68843,65972
8723,8709
8723,8828
8723,71973
8723,28077
8723,18442
2363,41424
2363,62851
2363,18575
2363,26530
77903,14078
77903,3502
77903,3495
77903,85586
134003,249
134003,88
134003,2837
134003,1005
134003,138
25523,25521
25523,4201
25523,511
25523,1988
66983,1105
66983,8005
66983,352
66983,8398
1044,65815
1044,138
1044,65832
1044,11790
73224,9731
73224,13740
73224,6855
73224,131080
73224,1767
7164,16641
7164,7194
7164,4528
7164,56304
84,84410
84,211
84,20583
84,3803
84,18786
130524,110177
130524,172365
130524,48481
130524,33949
3984,2042
3984,1971
3984,33163
34584,156281
34584,6370
34584,41361
34584,20017
46404,73637
46404,42287
46404,67440
24804,677
24804,36660
24804,3549
27864,138
27864,27872
27864,9208
27864,479
224724,103253
224724,115145
224724,2141
2844,25214
2844,26920
2844,138
2844,88
48864,25395
48864,10542
48864,13392
48864,54422
48864,14542
176244,352
176244,76332
176244,308
176244,55590
176244,138
1704,1715
1704,83823
1704,165
1704,1237
14844,55586
14844,58603
14844,184643
99924,32179
99924,41434
99924,86
99924,1837
32064,25521
32064,12928
32064,213160
14964,106570
14964,12928
14964,18018
4464,365
4464,13740
4464,1982
4464,2199
42218,8
42218,2417
42218,828
42218,3508
42218,11550
9458,170100
9458,79619
9458,920
9458,22681
9458,94819
9458,53954
75158,14801
75158,352
302738,68912
302738,69066
302738,283972
197438,211
197438,301
197438,2671
197438,523
24518,76823
24518,46805
11318,28882
11318,124776
11318,11344
69098,69774
69098,69094
3158,1
137558,2042
137558,472
137558,126247
56798,189460
56798,34797
56798,28097
56798,2480
56798,91679
44138,22851
44138,16604
12158,10917
21278,51123
21278,121714
21278,163135
65678,31966
65678,32395
65678,67602
65678,79698
18878,17358
18878,4201
18878,18874
77078,54214
77078,68309
77078,278036
77078,282678
175303,128601
175303,78429
175303,38599
18223,138
18223,13869
18223,34797
6583,41837
6583,3990
6583,14801
6583,34887
22723,138
22723,25727
22723,1664
22723,25395
22723,301
232483,1426
232483,88
232483,352
237943,19159
237943,28097
237943,57736
237943,6971
237943,55964
28063,71240
28063,68027
28063,54224
109363,54200
107323,78549
107323,45694
107323,102820
72763,95216
72763,102456
72763,110457
72763,20973
68023,72261
68023,167791
68023,69205
69583,4464
69583,19127
130123,138
130123,6167
130123,6370
130123,88
37663,13321
37663,500
37663,176956
37663,55377
30583,9731
30583,1767
30583,4729
30583,43500
126763,23996
126763,25868
126763,31992
131443,7888
131443,83274
141643,110902
141643,27387
141643,22602
3103,2199
3103,1036
100783,33954
100783,49777
100783,301
100783,106215
100783,138
151363,228993
151363,48473
151363,53961
151363,113564
151363,6014
151363,1205
207833,3549
207833,161081
207833,16013
207833,100570
117353,27155
117353,29267
117353,44737
117353,11513
117353,33214
117353,33219
55073,125363
55073,52049
55073,181216
204893,138
204893,5686
204893,6855
98033,102954
98033,111776
98033,93
98033,72152
98033,23095
242033,69537
242033,233858
242033,42930
242033,353048
242033,39241
242033,152073
16013,97545
16013,89060
16013,301
16013,86952
39293,298647
39293,31904
39293,103253
39293,6872
39293,39241
66893,138
66893,65817
66893,202
66893,54200
66893,330105
66893,301
533,29407
533,77856
533,151996
132533,36363
132533,220
132533,13988
4433,523
4433,181750
4433,13024
81893,92750
81893,30467
81893,301
81893,1005
81893,23515
81893,30456
155453,263020
155453,151927
155453,341992
155453,40287
162173,11239
162173,220
162173,27687
162173,11881
162173,54596
417,8186
417,6387
417,6355
3957,4137
3957,54992
3957,87911
3957,511
3957,28718
3957,3399
65817,21363
65817,71245
65817,71243
130977,13707
130977,13437
130977,1808
6117,193097
6117,1437
6117,4592
97857,1426
97857,79907
97857,88
97857,93
97857,26634
24477,16662
24477,35681
24477,24747
238737,26927
238737,245
238737,248
238737,101362
357,84726
357,290205
357,88151
3237,308
3237,125221
3237,2480
16137,4262
16137,1315
16137,46805
16137,1443
16137,76823
66837,78253
66837,68027
66837,54229
66837,72265
66837,67736
25677,4427
25677,1971
25677,10606
25677,7898
1437,623
1437,14
1437,316
122037,11998
122037,17175
122037,365
122037,88
62097,38234
62097,5005
62097,1205
62097,138
74397,69063
74397,175769
74397,74433
74397,66854
107518,138
107518,74427
107518,329752
107518,283972
186058,84181
186058,135954
7798,16898
7798,628
7798,88
7798,352
19078,95648
19078,20066
19078,212361
27718,28493
27718,16452
27718,1005
7858,2010
7858,904
7858,3549
2698,18722
2698,52
2698,3413
838,3115
58978,138
58978,103563
58978,61499
212578,468
212578,46175
212578,5227
212578,13115
72418,72428
72418,43615
72418,170093
72418,29286
146411,30927
146411,71094
6551,138
6551,13650
6551,6566
6551,2199
21311,21326
21311,39858
21311,677
21311,352
74411,74492
74411,136166
74411,68000
74411,66854
167891,40664
167891,32287
167891,2163
56771,31780
56771,116352
56771,21047
56771,33751
278651,23269
278651,292950
31151,19685
31151,133623
31151,8898
31151,2527
31151,9746
47891,8385
47891,308
47891,408
47891,126590
47891,7641
220451,42207
220451,94823
220451,11945
220451,86301
160751,13255
160751,56135
160751,56103
160751,59873
48971,1
171911,677
171911,120517
171911,352
171911,11192
12311,1
271091,2889
271091,3830
133691,29296
133691,52015
133691,29257
9791,50109
9791,62090
9791,2250
9791,20377
9791,62087
77831,155929
77831,408
77831,95516
27611,408
27611,1988
27611,6241
27611,88
117191,13740
162611,66201
162611,51822
162611,677
162611,317
110241,45002
110241,239475
110241,238231
110241,54479
147021,155929
147021,4201
147021,8398
3021,3053
3021,3040
3021,3049
3021,3072
59841,49582
59841,263069
59841,941
41361,121062
41361,177523
41361,50632
163941,2844
210261,218138
210261,13955
210261,3549
210261,26905
210261,352
26361,110054
26361,44967
26361,8755
26361,10790
26361,138
212361,34178
212361,142165
212361,19078
561,29407
561,47563
561,55867
561,55377
561,8618
59541,59512
59541,59530
59541,60798
59541,59528
208041,88
208041,141087
208041,138
39081,27869
39081,39049
39081,8421
39081,13892
39081,9175
6081,1982
6081,10917
6081,18107
155241,47124
155241,4515
155241,10
154341,217532
154341,11959
154341,154337
154341,10177
11481,88
11481,72103
11481,11504
67881,11688
67881,217718
67881,245015
67881,86403
67881,67863
67881,211527
4101,468
4101,3566
4101,213563
181281,46045
181281,81429
181281,17871
181281,101430
165261,37489
165261,21047
165261,110457
165261,124695
16641,4201
16641,4564
16641,4528
148221,6855
148221,134420
148221,1247
103821,10
103821,42
103821,8335
105861,76984
105861,62760
105861,262636
105861,90213
54261,511
54261,4201
54261,468
54261,138
35661,35674
35661,138
13821,13812
13821,88
9621,994
9621,10
9621,10619
14721,139820
14721,76413
14721,28394
14721,138
14721,28419
21,68672
21,199827
21,518
21,91139
21,37761
324321,19162
324321,31681
324321,185323
324321,58136
324321,64308
63202,52204
63202,58987
63202,58978
63202,118272
63202,63123
110902,25425
110902,42647
110902,79315
202,1503
202,381
202,40524
90082,138
90082,11571
90082,155818
90082,52592
90082,977
28882,63636
28882,40028
159142,40225
159142,129434
159142,170444
159982,582
159982,45048
159982,24604
159982,43153
181762,10259
181762,95380
181762,43500
181762,6014
58522,122520
58522,159895
58522,66341
106282,3248
106282,107334
106282,16313
48442,138
48442,5005
48442,2671
48442,30021
48442,301
55222,11449
55222,138
55222,9356
55222,38451
2662,22989
2662,7927
2662,13553
2662,13854
108622,19117
108622,8398
108622,158860
18442,8607
18442,8828
46102,33492
46102,554
46102,5918
46102,6785
46102,17756
101782,36304
101782,6085
90622,35020
90622,33472
90622,39515
90622,4909
90622,221541
6382,104493
6382,44970
116602,8303
116602,7008
116602,138
116602,36693
44422,8398
44422,29163
195382,5659
195382,76783
195382,138
206242,298718
206242,56031
206242,34264
206242,101141
77422,142433
77422,10944
77422,138
77422,77411
108862,289489
108862,193097
108862,220
108862,6117
108862,108861
502,26129
502,2199
502,31462
502,69
118822,14025
118822,14617
118822,4904
118822,17871
118822,74195
4343,36637
4343,8618
4343,138
76823,5659
76823,36884
76823,16137
76823,24518
147203,67197
147203,1988
147203,44668
147203,154869
23423,25883
23423,352
23423,408
23423,145507
8303,4201
8303,26120
8303,345487
8303,26016
5423,77613
5423,629
5423,37793
82643,39220
82643,6951
82643,6968
43763,69039
43763,6
743,3944
743,26034
31103,138
31103,6405
31103,41049
31103,105824
150263,43688
150263,97085
150263,36224
150263,97089
43583,9864
43583,29299
43583,49564
43583,122751
78683,352
78683,12344
78683,308
45983,17671
45983,217713
45983,109972
3803,26718
3803,3809
3803,3794
71243,68932
71243,69188
71243,329510
1343,4290
1343,1036
1343,47563
1343,138
25883,352
25883,408
25883,46590
25883,8005
184643,4059
184643,317
184643,1426
8603,118169
8603,138
8603,49694
121463,69209
121463,383045
121463,12185
121463,68927
125363,124445
125363,138
125363,71094
125363,5686
125363,6855
6983,51123
6983,30145
6983,22560
6983,2976
91583,113074
91583,120508
91583,9131
79703,69537
79703,7569
54803,113095
54803,138
54803,65456
25943,88
25943,141125
25943,68564
25943,4450
623,253
623,7973
623,7965
623,1443
623,7969
1283,3011
1283,18718
1283,73789
1283,46
45024,107619
45024,5691
45024,163192
45024,301
9864,60512
9864,11549
13044,5088
13044,4005
62904,360106
62904,7569
62904,161548
16344,54355
16344,39515
284004,8468
284004,46544
284004,66517
284004,114016
27744,105232
27744,39515
92184,4201
92184,6868
92184,2014
92184,1988
107124,3962
107124,1260
163524,4804
163524,9373
163524,6
163524,88
163524,4096
134364,5365
134364,645
134364,88
47124,138
47124,60135
47124,155241
47124,4560
39144,2908
39144,90359
39144,54486
382164,88
382164,81000
382164,6
382164,352
51444,229078
51444,165059
51444,165058
41424,24111
56304,511
56304,365
56304,16645
56304,26135
56304,86509
22824,28926
22824,16604
22824,11895
49464,58514
49464,255983
49464,48727
49464,969
207264,130937
207264,11881
207264,365
207264,88
11844,49673
11844,49668
11844,49664
139524,352
139524,138
139524,88
32604,103766
32604,172591
32604,47216
1782,78834
1782,1031
1782,13740
20922,58978
20922,77587
20922,61499
20922,33707
40842,40447
40842,56537
12462,104340
12462,12490
12462,40669
101202,95097
101202,39524
101202,81033
149082,42
149082,677
149082,123798
149082,10
4782,8472
4782,29984
104322,2889
104322,249
104322,159827
100422,95648
100422,206083
100422,313679
100422,112127
96702,256
96702,101737
96702,96707
96702,97055
7782,4201
7782,15844
325782,1503
325782,247391
325782,1292
325782,1852
325782,198073
67602,105466
67602,67607
67602,65678
67602,33842
18942,533
18942,36945
18942,4514
50682,33219
50682,88733
50682,9405
65742,3798
65742,26413
65742,134381
184963,166121
184963,25883
184963,165363
184963,614
153583,61652
153583,111680
153583,201734
153583,53371
33163,5918
33163,9356
33163,1954
49123,365
49123,31462
49123,26129
15823,47229
15823,13321
15823,14977
95323,965
95323,140005
95323,15328
95323,3549
69343,24787
69343,162757
69343,13219
318823,45374
318823,19
318823,18248
318823,790
36583,149210
17803,36591
17803,730
17803,6089
17803,1988
17803,677
13003,23130
13003,18595
13003,6381
7963,3944
7963,138
260923,88
260923,10177
260923,10149
260923,518
23983,1588
23983,1564
23983,301
23983,25685
23983,28835
59383,116638
59383,63123
59383,1882
59383,19672
94723,11895
94723,43742
94723,32238
94723,5116
223,2077
223,308
223,352
223,138
55077,235503
55077,2014
55077,5918
18897,25272
18897,18878
18897,352
18897,188860
62937,94109
62937,45319
62937,108926
31917,32098
31917,36224
18297,27519
18297,28981
18297,84185
18297,21299
113577,107660
113577,171560
113577,181762
113577,170748
34797,1
159897,162492
159897,102086
159897,52848
159897,210303
159897,68710
47217,352
47217,3549
47217,677
47217,207506
219297,10715
219297,352
219297,52377
219297,408
69537,124538
69537,79703
69537,16459
69537,62959
28077,8723
28077,23515
28077,17079
103557,53930
103557,39887
103557,15518
957,138
957,34665
957,3912
957,44022
13437,132005
13437,119919
13437,231874
13437,231883
105237,20973
105237,14677
105237,79043
105237,20981
132718,143306
132718,59908
132718,315903
132718,114968
1078,333
1078,1137
1078,1005
1078,5348
1078,3794
171538,16598
171538,213610
20398,30266
20398,8398
14038,628
14038,16353
14038,14014
161398,85460
161398,88
31918,57101
31918,45633
65458,59377
65458,3979
53578,108622
53578,66556
53578,15242
53578,66573
18178,37793
18178,109972
18178,4201
78838,3237
78838,51636
78838,69271
78838,885
12478,19904
12478,320841
12478,138
108418,324343
108418,180978
108418,10647
108418,5088
41278,88
41278,4201
8578,37404
8578,69353
8578,69352
8578,13704
81538,36788
81538,67987
81718,352
81718,3549
81718,81724
966,138
966,58433
24846,352
24846,12094
24846,677
179346,52
179346,28879
182526,6872
182526,65540
182526,199209
182526,271575
182526,121820
120606,9003
120606,72050
120606,8915
120606,86711
2046,9850
2046,13712
2046,121
2046,179434
54486,55239
144786,211486
144786,408
144786,231622
144786,18165
144786,108197
34746,69554
34746,52505
34746,101451
12366,153820
12366,21605
12366,119028
12366,109527
102186,249
102186,138
102186,31585
252246,146288
252246,29071
252246,106761
128046,49694
128046,58946
128046,19936
128046,112069
128046,8828
49026,37886
49026,49915
49026,48362
109806,138
109806,71019
109806,31585
109806,8755
38346,9791
38346,88
38346,2480
38346,67440
29346,67376
29346,67378
29346,29260
29346,61206
12126,6544
12126,24400
12126,15720
12126,88
12126,8271
72846,50239
72846,30927
72846,39194
72846,317305
142746,3502
142746,677
142746,88
142746,14431
142746,352
115086,28419
115086,88
115086,28394
115086,2014
53346,4899
53346,35325
53346,119199
30966,33394
30966,7569
30966,127415
30966,105954
57366,11895
57366,29191
70386,77432
70386,66238
70386,51785
70386,12261
58026,43966
58026,39194
58026,60061
28686,2363
28686,134435
28686,29267
59526,163938
59526,286996
59526,59516
59526,250329
59526,60798
9786,5686
9786,629
9786,4201
98466,115139
98466,2940
98466,3335
98466,169573
106566,32334
106566,3990
106566,11880
106566,11881
165066,229078
165066,165059
165066,165058
165066,51444
162606,39858
162606,8398
154869,40847
154869,215371
154869,131584
154869,147203
13029,13869
13029,6836
13029,352
13029,15418
39249,20973
39249,39194
39249,72763
30849,147848
30849,50239
30849,38149
30849,216086
80829,317
80829,52851
80829,11845
80829,112699
12189,4201
12189,9786
29289,24405
29289,9305
29289,43615
969,138
969,11620
969,941
63789,91388
63789,11192
63789,62154
63789,26104
14409,449
14409,2042
14409,33238
14409,106
14409,138
13209,46
13209,48788
13209,6566
13209,2199
54489,15596
54489,103872
54489,94301
54489,93339
312489,154552
312489,138
312489,352
6069,32026
6069,1322
6069,25868
6069,15143
41049,41015
41049,181826
41049,1971
41049,1988
41049,2173
41049,5
128289,20280
128289,68596
128289,129379
128289,111827
128289,113238
34929,112097
34929,245630
34929,23519
34929,34716
10149,143381
10149,10177
10149,10234
64149,52
64149,39464
64149,42673
64149,59584
76809,1142
76809,10
76809,6
76809,998
76809,206
8709,8960
8709,71968
8709,8607
10929,123798
10929,223131
10929,48833
74709,35442
74709,147308
74709,151474
74709,82567
74709,3858
74709,138
14829,11917
14829,4011
14829,72152
14829,83665
14829,4055
135849,65059
135849,9020
151809,38451
151809,67165
151809,9351
909,34335
909,35222
909,902
909,301
909,106
253629,10427
253629,88
253629,19604
253629,11991
253629,2014
56961,122557
56961,15564
56961,3549
56961,121250
66261,36105
66261,211
66261,484
66261,317
66261,3983
85401,23162
85401,13740
85401,121714
85401,36162
85401,51580
103221,164626
103221,181794
103221,48869
103221,100918
7821,36490
7821,29424
7821,3566
42561,2141
42561,2280
42561,34352
90741,511
90741,37341
90741,22832
90741,9481
90741,164754
26661,1808
26661,58386
26661,26161
17481,138
17481,1315
17481,72518
217281,15568
217281,11273
217281,210560
4941,11318
4941,14890
4941,21331
4941,174221
30021,41851
30021,24727
48801,84944
48801,93
48801,26629
145881,677
145881,205259
145881,17871
27561,677
27561,352
27561,59826
27561,47281
73041,68000
73041,88
73041,133544
73041,184098
33441,69537
33441,33411
33441,74470
33981,1
35121,5686
35121,56798
35121,39241
232401,3858
232401,297498
232401,90213
232401,2908
24981,25003
24981,301
24981,34335
24981,111076
277701,3495
277701,11733
277701,113095
4821,1469
4821,66201
4821,4201
4821,1337
16701,29036
16701,29375
2901,2876
2901,138126
2901,102067
2901,100448
320841,4753
320841,20358
320841,67015
226341,69066
226341,226340
226341,26057
8421,77336
8421,39081
8421,14729
8421,27872
7641,6014
7641,126590
7641,47891
7641,301
63981,8487
63981,357
63981,29773
381,138
381,1337
381,4824
20662,20640
20662,20651
20662,138
14542,138
14542,1664
291622,48998
291622,165679
291622,155909
150922,206049
150922,52217
150922,294045
150922,191969
150922,27740
28642,44514
28642,56103
28642,2412
28642,11998
14662,8747
14662,16540
14662,19159
14662,67721
14662,44036
83362,18116
83362,45818
83362,248470
83362,16013
145462,5686
145462,127039
8122,138
8122,408
8122,523
171442,352
171442,213595
171442,138
70402,54435
70402,217536
51742,247
51742,52387
51742,249
136162,74492
136162,336929
136162,95462
55822,8459
55822,47312
55822,220
53902,50280
53902,23519
53902,80825
28462,18223
28462,126279
28462,1988
28462,23515
28462,15632
82042,9251
82042,77212
82042,1971
82042,479
55102,7427
55102,7673
55102,4201
5242,1995
5242,54923
49582,977
49582,59841
49582,138
49582,941
49582,962
3382,69
3382,1971
3382,333
3382,308
3382,17275
32182,301
32182,6562
32182,1840
62782,6836
62782,2199
62782,114136
40102,29773
40102,35297
40102,29984
14602,59940
14602,138
17122,17113
17122,43153
17122,88
17122,17104
226222,43966
226222,33305
226222,106825
244102,365
244102,37761
244102,4201
244102,121250
122842,31532
122842,55291
122842,54156
58583,7569
58583,42927
308363,265623
308363,266307
308363,308
367163,36224
129563,1
16103,10917
16103,14463
5123,12928
5123,106570
5123,2412
5123,8266
5123,365
146123,237157
146123,80829
146123,52851
146123,172941
40043,77721
40043,81429
40043,42459
40043,141628
94823,11538
94823,35745
213563,4101
213563,24522
213563,4097
213563,134236
213563,31637
79523,301
79523,113311
79523,30385
15143,2639
15143,3749
15143,4496
188603,26129
188603,6374
188603,13768
188603,468
188603,88
188603,157884
255983,49464
255983,1286
255983,3471
255983,53921
255983,48727
65303,19148
65303,8765
52283,352
52283,14890
52283,18981
52283,29191
79043,73810
79043,19572
79043,105237
79043,20937
79043,14662
40223,54488
40223,54449
40223,248
40223,256
40223,13776
29063,36700
3983,69
3983,7279
3983,500
33443,35210
33443,192199
33443,117443
33443,32398
33443,65653
74783,26098
74783,19887
74783,195523
90323,65678
90323,34178
90323,34181
95184,52922
95184,52135
95184,42166
95184,1988
219864,13869
219864,138
219864,18311
219864,176314
2544,88
2544,84726
2544,2480
13764,58814
13764,116936
135084,14078
88464,59476
88464,112348
88464,171079
65004,72774
65004,95039
65004,116785
65004,178614
151464,188735
151464,93
151464,756
8784,85409
8784,111641
8784,8607
8784,41894
8784,105782
128424,1005
128424,61119
128424,61107
128424,36660
128424,76578
128424,56021
8604,8733
8604,62706
8604,72037
8604,9020
8604,71973
57144,95090
57144,316089
97824,352
97824,88
40524,1426
40524,119310
40524,76995
37404,26824
37404,677
37404,37397
37404,1426
37404,8578
204144,49428
204144,91458
204144,140546
204144,58433
158664,95917
158664,29059
158664,124850
21984,163135
21984,94013
21984,1031
152244,70573
152244,73327
152244,73329
152244,95463
152244,138
74544,6951
74544,6968
74544,42927
59544,59541
59544,60798
59544,59526
59964,59945
59964,88
59964,119406
20124,16604
20124,20300
20124,138
197904,31904
197904,202310
197904,242053
197904,186844
197904,128793
155004,33954
155004,9180
155004,48481
155004,138
10404,17639
10404,10399
10404,26942
10404,10410
10404,7427
10404,10452
49164,10431
49164,118665
49164,10399
49164,10452
156702,352
156702,30471
156702,17122
156702,81228
125022,95137
125022,58428
125022,49492
125022,32041
121062,5733
121062,134848
64422,11635
64422,88
64422,55020
61842,4137
61842,5053
291342,23767
291342,32723
291342,12389
291342,37045
291342,38386
7422,247260
7422,187524
7422,36841
3402,220
3402,5
3402,1398
3402,3226
3402,29
3402,352
5982,138
5982,159584
36162,25953
36162,77308
36162,73076
36162,42095
36162,9621
13722,7427
13722,27796
13722,86035
13722,26129
16662,35681
67062,301
67062,125640
67062,77365
67062,101724
112602,2179
112602,4259
112602,213985
55002,111076
55002,192598
55002,7560
55002,8646
55002,57892
55002,994
84102,206010
84102,25904
84102,96780
84102,154924
32802,59383
32802,1005
32802,352
32802,31327
112362,30927
112362,301941
112362,12564
112362,26076
22602,1190
22602,9731
22602,73076
22602,49303
117162,1971
117162,9855
117162,75459
19242,16911
19242,555
19242,88
19242,408
11682,58910
11682,11192
11682,49828
11682,7427
11682,1190
69162,86585
69162,352
69162,138
133902,15727
133902,59028
133902,815
133902,761
51822,24804
51822,352
51822,3549
31362,8398
31362,17011
31362,10446
2082,66648
2082,27509
2082,48366
2082,68489
161502,100924
161502,151474
35442,1882
35442,75506
35442,3858
35442,26920
13244,83614
13244,88
13244,138
13244,6979
33584,3449
33584,1005
33584,33902
33584,7569
68024,69188
68024,69205
40124,124305
40124,33443
40124,162828
40124,40783
257144,17358
257144,104426
257144,352
61724,30230
61724,56631
57824,352
57824,42459
145604,38328
145604,88
145604,19936
145604,19990
162764,130524
162764,145751
162764,162767
162764,144129
14564,28097
14564,14057
14564,4916
14564,53884
58244,12261
58244,51785
24644,138
24644,5918
24644,2199
24644,6836
24644,41646
75464,29191
75464,75455
75464,138
75464,169349
75464,352
19604,365
19604,43742
69044,65972
69044,65360
69044,87846
69044,68849
1124,6355
1124,4824
1124,1454
1124,138
22784,42679
22784,43835
22784,29163
22784,53550
301844,136179
301844,345521
301844,68000
57284,70028
57284,14570
57284,7592
66224,22742
66224,25993
66224,20143
66224,9428
66224,88633
92084,30467
92084,172767
92084,71189
92084,92742
40664,23897
40664,12490
40664,21348
40664,21605
300944,6855
300944,30427
85364,59516
85364,187208
105824,23764
105824,6405
312284,69066
312284,340983
312284,120337
312284,148342
12344,109527
12344,19904
12344,21605
65324,1006
65324,54197
155744,45501
155744,138
49784,35681
49784,16662
49784,35688
49784,74085
1544,2263
1544,9208
1544,1554
1544,5437
170444,129434
170444,102731
170444,150033
170444,100924
170444,3830
170444,159142
24224,19347
24224,70051
178844,13854
178844,24804
95872,48680
95872,38891
95872,139884
6892,3562
6892,629
6892,9526
6892,5782
69352,19230
69352,1988
21352,168876
21352,198445
21352,181762
47992,88664
47992,88
47992,408
47992,15995
59512,59516
59512,203667
7672,55588
7672,25110
7672,4720
7672,55586
36352,49937
36352,98402
36352,49026
36352,98332
36352,10944
50632,234923
50632,144685
50632,161980
50632,197247
52912,37793
52912,54280
52912,9180
120112,582
120112,14805
120112,186457
163192,111708
163192,15182
193012,4515
193012,4729
193012,4528
45052,67133
45052,23825
45052,158814
45052,582
162412,352
162412,88
162412,85460
162412,160876
139312,103766
139312,3549
139312,7691
139312,137686
139312,96326
45472,45476
45472,45483
45472,45480
45472,45488
10912,88
10912,408
9832,80516
9832,173129
153892,150197
153892,150192
153892,267841
176692,9351
176692,109191
71932,8330
71932,71927
71932,782
59032,16092
59032,5297
59032,89820
59032,9540
59032,52
59032,44316
6172,677
6172,88
321772,300295
321772,321773
321772,224310
67197,365
67197,147203
45177,1
46017,6014
46017,95930
46017,1205
46017,5918
100197,34726
100197,1322
119157,196630
119157,305087
128277,42679
128277,111415
128277,25801
128277,138
128277,46923
172137,20200
172137,38599
74577,221931
74577,358871
74577,66597
74577,2733
268017,64132
268017,154444
14937,7377
14937,1608
110457,64309
110457,181033
110457,119318
36357,34398
36357,15995
36357,104426
180297,151520
180297,221
180297,66680
180297,18223
122457,88
122457,36558
122457,138
122457,550
5037,160096
277137,109672
277137,312458
277137,291327
277137,33651
277137,121157
85437,26753
85437,269876
85437,85431
85437,25172
41337,6855
41337,157815
41337,157811
57,17671
57,158745
57,2331
66897,133544
66897,283972
140157,138
140157,49215
140157,762
95097,90881
95097,89833
95097,99058
95097,101079
95097,202327
44457,19148
44457,14025
44457,87213
37917,7903
37917,138
37917,2676
47517,56880
47517,9208
47517,1554
85258,48146
85258,85253
85258,175731
18718,1283
36358,28602
36358,81756
36358,84474
196858,196856
196858,150085
196858,95216
196858,16533
82858,160028
82858,3008
82858,352
33118,80554
33118,88464
33118,113981
70018,177151
70018,1665
70018,22034
70018,9337
8158,14431
8158,2042
8158,52972
18898,179346
18898,18893
18898,40028
50578,1
50218,8960
50218,119067
50218,85021
50218,33732
84958,12896
84958,2082
84958,40060
84958,1728
84958,98168
84958,1718
84958,5
152578,217635
152578,308
152578,33924
152578,3979
66778,52509
66778,183874
66778,55890
83578,518
83578,8514
83578,138
83578,3798
87658,206
87658,3195
87658,317
87658,217635
87658,37701
165058,229078
165058,165059
165058,165066
165058,51444
66598,90931
66598,128157
66598,118277
66598,58978
50518,138
50518,112541
50518,64916
50518,50129
6538,1233
6538,1879
6538,760
6538,6562
6538,1875
116638,59383
4018,100721
4018,6608
4018,4038
4018,1718
4018,88
229078,51444
229078,165066
229078,165058
55558,3053
55558,37753
55558,5437
160138,56910
160138,221560
160138,102820
160138,26250
17998,51963
17998,88
17998,7660
17998,7940
