121412,3998
121412,9328
121412,3999
121412,88
333,8338
333,5896
333,3434
333,138
44133,16604
44133,20200
44133,42679
44133,138
994,1469
994,1024
994,138
24815,138
24815,51900
24815,138535
24815,50329
177755,63667
177755,154476
177755,12988
10299,153791
10299,12710
10299,126725
10299,12731
19623,1190
19623,7427
19623,26250
68585,66751
68585,22851
68585,170938
68585,163092
68585,46923
21545,1647
21545,2669
21545,5628
21545,301
21545,2055
21545,138
10,60477
10,1322
10,61766
10,1337
14912,6253
14912,3335
14912,25595
14912,138
3873,19578
3873,3397
3873,542
3873,1283
3873,4675
12753,3549
12753,47197
12753,408
36633,8298
36633,117083
36633,8303
36633,15547
36633,4234
36633,44838
101554,1999
101554,301
101554,57060
2854,108882
2854,249
58114,365
58114,35325
58114,18107
23255,49673
23255,68939
23255,88
23255,138
23255,26922
99935,10039
99935,32663
99935,4201
99935,677
99935,36280
20256,42679
20256,16604
20256,20200
20256,22820
188856,51261
188856,81995
188856,11571
188856,89740
154476,23058
154476,95119
154476,41583
74021,46698
13321,63116
13321,54525
13321,93737
13321,1036
301,6014
301,29039
301,81915
301,138
17221,40075
17221,88215
17221,138
17221,3798
137401,45662
137401,72367
137401,127693
146581,183539
146581,5686
146581,300113
146581,162873
146581,25420
24301,12710
24301,12731
24301,93949
24301,126719
9305,8005
9305,7373
9305,60106
9305,46647
7445,14801
7445,6355
7445,1190
37330,20200
37330,43835
37330,43863
14890,84204
14890,134928
14890,19174
81190,3549
81190,17507
81190,45832
81190,16598
81190,408
137590,78
137590,12928
13811,144790
13811,365
13811,129973
127811,71901
127811,12629
127811,120453
44651,20200
44651,138
109931,6495
109931,91602
31271,31267
31271,31532
31271,31256
31271,74139
98111,138
98111,11235
98111,2014
98111,2676
4760,142
4760,45476
4760,1840
3680,14241
3680,1322
3680,14235
3680,142
440,481
440,3798
440,3927
440,138
9152,76472
9152,301
9152,2077
18272,4718
18272,12833
13712,26116
13712,8463
13712,41869
41492,31529
41492,31284
41492,14376
41492,41594
15632,31284
15632,15643
15632,138
15632,31267
189393,4201
189393,365
189393,5676
39993,1205
39993,41164
39993,6495
39993,88
16293,155613
16293,172131
16293,138
16293,146742
16293,10606
97053,38234
97053,145671
97053,1426
18033,138
18033,99425
18033,6317
135574,27568
135574,6599
135574,1871
135574,220
135574,4824
20194,61221
20194,43835
20194,68419
4234,628
4234,23034
4234,36633
4234,7766
43835,16604
43835,20200
43835,61221
43835,43863
43835,20194
3335,16598
3335,20873
3335,90821
3335,29879
25595,220
25595,129136
25595,14912
42095,138
42095,13740
42095,1190
46895,38711
46895,100918
81995,89714
81995,188856
81995,89740
81995,10446
51637,4134
51637,17425
51637,235859
46897,3121
46897,1988
46897,2918
46897,46615
14977,20273
14977,21136
14977,555
14977,39887
2077,67133
2077,308
2077,994
47197,47280
47197,50928
47197,69643
47197,143559
47197,12753
3397,4285
3397,23845
3397,49236
3397,1279
1237,1875
1237,26029
1237,184
1237,1704
69643,95618
69643,10822
69643,365
523,408
523,138
523,65456
523,308
31423,31408
31423,8398
31423,10917
15643,41594
15643,31298
15643,31449
15643,41746
3883,28404
3883,5896
3883,97889
3883,4992
23563,22047
23563,2480
23563,88
23563,138
4440,159156
4440,151996
4440,93949
25680,1591
25680,25665
25680,87574
25680,206
1260,10
1260,142
1260,17278
1260,628
1260,1322
78240,3998
78240,88
78240,68308
78240,69237
14880,13317
14880,12832
14880,64032
14880,14801
14880,385
89820,19550
89820,372
89820,47040
89820,5297
89820,177355
18180,15844
18180,10927
39540,1767
39540,2427
480,308
480,4134
480,1999
480,211
480,26025
69608,19204
69608,4201
69608,42900
10808,80351
10808,255465
10808,138
149468,85204
149468,172821
149468,236185
149468,60580
204308,20200
204308,172137
204308,128601
204308,20256
54428,2280
54428,550
54428,99422
54428,15202
54428,9251
1808,42126
1808,1988
1808,31748
7028,4005
7028,7766
7028,1322
7028,15720
37290,51352
37290,15115
37290,16762
37290,70238
37290,13321
78690,82112
78690,154051
2010,69
4290,13955
4290,1322
4290,1879
73050,5246
73050,308
73050,50457
73050,280
81090,50329
81090,88
81090,10262
81090,511
73352,61221
73352,138
73352,42679
22832,20200
22832,111415
22832,46929
22832,42679
13052,4201
13052,4005
13052,78058
13052,10901
32972,31337
32972,31327
32972,31850
32972,88
31532,19904
31532,30743
31532,31261
31532,30493
29792,61424
29792,31284
29792,30493
29792,41594
29792,36899
50613,1971
50613,11224
50613,16598
50613,10039
50613,15844
155613,10
155613,25677
155613,14149
155613,308
25953,17278
25953,12738
25953,2250
25953,36162
25953,352
5733,20007
5733,19204
5733,160645
93,16598
93,5136
93,88
93,29984
93,26549
183393,71709
183393,12731
183393,93949
22593,62600
22593,53215
22593,110402
22593,44398
22593,55554
46414,172247
46414,46469
46414,6405
26674,49673
26674,3008
26674,68939
26674,47710
19174,13484
19174,11331
19174,4055
2014,365
30154,7427
30154,138
30154,8338
67474,102954
67474,43129
67474,40028
67474,22434
10655,3549
10655,1322
10655,17343
10655,7028
515,408
515,4201
515,352
56495,138
56495,39993
56495,352
56495,5686
81635,63926
81635,122529
81635,10213
81635,70259
81635,138
240875,288204
240875,69205
240875,167791
17495,5810
17495,17507
17495,4201
98015,10753
98015,17507
98015,17175
98015,88
49236,817
49236,15418
49236,3397
49236,273590
756,2099
756,138
756,17847
5676,352
5676,138
5676,5582
14976,5733
14976,10277
14976,3549
14976,352
2676,22253
2676,14323
2676,353
14376,31256
14376,41594
14376,31284
14376,138
38316,38311
38316,6979
50796,16427
50796,153342
50796,11922
12109,1105
12109,65866
81529,1354
81529,121746
81529,94645
81529,376
26029,4005
26029,1322
26029,1237
138769,12928
138769,137590
138769,677
72349,1665
72349,32783
72349,13643
74929,1369
74929,65774
74929,18129
74929,147491
74929,9180
70549,299708
70549,287575
70549,67736
70549,226713
14093,39515
14093,57736
14093,33472
292253,53406
26753,15034
26753,231686
26753,330105
142013,88
142013,352
142013,408
67133,58514
67133,25395
67133,2077
48833,138
48833,48832
48833,629
48833,98005
35813,277665
35813,11211
35813,10244
35813,83518
35813,26120
48473,762
48473,30333
48473,73076
48473,10
13073,25705
13073,1369
12833,7691
12833,18272
7373,9305
7373,16950
7373,15242
7373,24141
20873,180311
20873,518
20873,17639
209581,208945
209581,93008
209581,19290
209581,31372
7441,21386
7441,21326
7441,21375
39241,242033
39241,31808
39241,39293
39241,83224
125221,885
125221,57064
125221,352
125221,806
125221,15328
9241,134787
9241,81705
44401,47040
44401,2199
44401,1586
39421,8005
39421,408
39421,2331
84181,121664
84181,10987
84181,88
3421,308
3421,468
3421,74178
43322,3927
43322,81945
4022,6555
4022,88
4022,45366
27362,47922
27362,40860
27362,22579
27362,5415
27362,6217
15242,13525
15242,29375
15242,36725
15242,7373
15242,24141
15242,69939
4262,15596
4262,13955
4262,4201
4262,3434
4262,16137
118682,1988
118682,11043
118682,7781
118682,23969
7922,21978
7922,169121
7922,21985
110402,101501
110402,247
110402,115135
110402,1793
8402,5361
8402,138
8402,83716
8402,74352
52742,29163
52742,24114
67382,13811
67382,43742
67382,9704
67382,88
46682,29163
46682,20223
46682,9481
46682,128537
268142,3549
268142,123798
268142,162089
188642,702
188642,408
188642,13820
188642,76873
16082,67165
16082,26233
16082,67223
10262,16676
10262,90259
10262,26942
10262,179243
10262,150390
37326,37316
37326,37317
42126,71094
42126,6855
42126,58814
42126,1031
42126,2527
12666,32599
61206,16604
61206,44133
61206,101606
61206,9481
61206,48680
61206,42679
284826,148342
284826,10
284826,1808
284826,6855
284826,51123
284826,1793
284826,105724
17526,7304
17526,46805
17526,84918
17526,5810
67446,4450
67446,2199
67446,108445
272766,1
6426,61794
6426,100708
6426,151996
6426,25705
21426,6081
21426,10647
21426,677
21426,31408
21426,352
56951,31462
56951,86035
56951,518
80351,135322
80351,88
80351,4137
80351,838
11891,11895
11891,314579
11891,762
11891,116069
18311,40525
18311,18629
18311,138
18311,101592
7691,17985
76151,2077
76151,4560
76151,381195
76151,2104
66011,118420
66011,36243
137651,138
137651,87419
147491,74929
147491,9180
147491,155562
4391,666
4391,4201
4391,3549
9251,479
9251,18107
9251,9208
6431,6463
6431,19540
6431,29721
6431,9813
6431,47387
164771,69830
164771,72867
164771,155433
3011,138
3011,8005
3011,15844
3011,113095
152591,7477
152591,8266
152591,6374
73091,4408
73091,2077
73091,511
33251,11659
33251,73312
33251,1988
33251,762
25211,16598
25211,84794
25211,78942
25211,3798
180311,20873
180311,11945
180311,88
180311,3502
26671,69554
26671,1665
26671,70012
26671,13643
26671,2676
85351,39688
85351,7867
85351,1793
85351,62590
85351,9731
216691,357
216691,308
216691,221
216691,25677
216691,138
216691,25007
316111,194148
316111,5686
154051,66831
154051,69067
154051,72469
5551,24771
5551,6
5551,193862
5551,100822
5551,5547
18691,26002
18691,5301
18691,293
18691,26506
18691,197438
167791,288204
10711,160627
10711,22210
10711,57648
10711,24459
86552,1190
86552,5686
86552,93861
82112,78690
104852,2515
5252,4201
5252,18165
5252,11763
5252,24804
113792,13776
113792,107338
113792,46886
113792,103304
105572,212
105572,5794
105572,52566
105572,5438
105572,1205
11192,159520
11192,153820
11192,149832
11192,99263
86852,27510
86852,352
86852,6405
86852,138
11132,25395
11132,2077
11132,12635
11132,301
72572,38002
72572,22792
72572,39688
19772,6855
19772,1315
19772,365
19772,1322
4592,6117
4592,3342
25712,15190
25712,88
25712,816
25712,3634
25712,919
46773,39589
46773,1190
46773,138
35913,18120
35913,41265
35913,13113
35913,11723
106773,875
106773,31267
106773,30495
90213,283110
90213,161045
90213,2908
15573,199773
15573,263614
15573,204893
11313,7691
11313,138
11313,1982
11313,27492
7533,58978
7533,63386
7533,21595
120453,25425
120453,73076
120453,121444
5793,38234
5793,138
5793,301
30333,6014
30333,92686
30333,151363
30333,48473
61833,55027
61833,55019
61833,4137
226713,67736
226713,70549
226713,26057
226713,21479
274,43909
274,247
20014,13768
20014,48319
20014,677
87574,523
87574,25680
80554,134426
80554,1031
80554,1793
80554,19685
39574,67133
39574,13024
39574,88
39574,138
23194,6527
23194,1882
1354,3460
1354,1322
92494,41746
92494,7560
92494,7532
100294,56910
100294,6855
100294,222135
100294,58269
164434,138
164434,86230
164434,150993
178114,54525
178114,11571
178114,138
234994,5793
234994,26282
234994,2744
234994,138
31175,25398
31175,17665
31175,677
306635,212578
306635,183539
146135,140895
146135,100918
146135,101673
146135,378281
146135,48869
21815,27575
21815,385
21815,1988
21815,88
13955,88
13955,4262
13955,1322
46175,5281
46175,973
46175,2146
46175,511
46175,492
39515,40297
39515,33472
39515,99072
39515,28097
27575,41640
27575,16137
27575,1426
27575,1315
27575,21815
4055,127693
4055,97857
4055,65774
4055,18504
4055,5365
40595,73462
40595,29616
40595,17175
40595,4201
187955,59031
187955,2007
187955,3984
187955,885
18575,41429
4835,1896
4835,45646
4835,19550
4835,220
4835,308
143679,43909
143679,88
143679,49673
20679,138
20679,404
20679,32238
28419,113630
28419,78190
28419,4992
12699,70259
12699,64943
107199,40307
107199,33472
107199,39515
20139,1
2559,352
2559,14156
2559,27288
167679,35437
167679,7592
167679,31818
167679,174954
91419,20007
91419,3549
91419,65866
1179,6355
1179,5
1179,2077
1179,6017
196081,45818
196081,78008
196081,10901
196081,88
33601,16449
33601,28531
33601,39515
33601,79693
33601,39510
30301,138
30301,6014
13501,3270
13501,26092
13501,405
13501,34732
13501,11884
83101,3477
83101,134479
83101,26250
83101,31391
28981,6855
28981,18297
28981,29191
103621,2109
103621,202
103621,138
10081,10446
10081,479
10081,32238
15121,408
15121,4201
15121,29984
15121,6900
15121,16598
8165,26120
8165,11945
8165,32427
68045,76417
68045,11895
19685,9731
19685,1443
19685,9621
161045,138
161045,263328
161045,54447
8765,60039
8765,43966
8765,28097
54425,2670
54425,5117
54425,206
54425,60753
192725,12973
192725,136093
192725,29159
137645,24766
137645,994
137645,42
137645,42392
39365,31532
39365,32098
39365,30493
39365,138
25685,41700
25685,15190
11945,2163
11945,90185
11945,81414
11945,4201
28205,195382
28205,138
28205,11998
28205,36899
29165,48142
29165,18107
120485,1454
120485,6405
120485,16427
120485,43742
36725,15242
36725,1982
36725,8398
52085,39858
52085,92438
52085,75547
52085,13202
2527,9731
2527,333
1387,93
1387,582
1387,151506
1387,19804
1387,34292
97147,39524
97147,7691
97147,14648
5047,78925
5047,78926
5047,3995
40507,511
40507,555
40507,9241
40507,23796
319207,352
319207,102090
319207,111780
319207,335072
247,2889
247,3830
247,102067
77587,35606
77587,14057
27487,106570
27487,468
27487,13768
27487,111113
58627,10647
58627,4201
58627,6405
58627,26120
68707,138
69067,154750
25387,352
25387,1971
25387,69
25387,550
82567,101343
82567,101345
82567,101375
82567,101384
82567,101330
10987,75049
10987,84181
185287,12185
185287,69205
185287,72381
185287,28050
185287,68083
12847,677
12847,121250
20227,20194
17771,29424
17771,352
87911,43895
87911,88
87911,138
87911,28718
247391,174655
247391,1057
247391,88554
247391,325782
60911,9590
60911,44401
60911,153674
60911,147543
60911,6495
77411,352
77411,23618
77411,77422
77411,23650
1871,352
1871,1337
67631,352
67631,1855
67631,1426
103271,258315
38231,29163
38231,44408
131711,96734
131711,677
131711,125609
131711,209626
131711,217784
1331,1
15971,20007
15971,26120
15971,20014
11111,211
11111,79512
11111,3410
11111,1999
130271,1995
130271,1228
130271,385
130271,893
31811,68362
31811,31843
31811,63386
9131,396
9131,91583
28409,10410
28409,4992
28409,582
162089,251994
162089,2499
162089,64132
162089,220534
162089,268142
69989,35151
69989,352
69989,677
116069,138
116069,301
18629,179434
18629,1971
18629,138
18629,18311
99329,3969
99329,138
99329,45319
389,20873
389,64065
389,1823
389,13321
12089,12129
12089,76905
12089,3393
12089,16708
12089,10923
50909,29191
50909,11895
50909,50928
50909,56305
50909,73109
50129,308110
50129,71504
182489,104603
182489,138
182489,136237
125609,217784
125609,131711
125609,50129
3269,37452
3269,365
3269,27796
3269,138
59849,46537
59849,88
59849,3734
48869,164626
48869,193079
48869,140112
48869,146135
38609,38553
38609,39688
38609,46698
19649,41842
17549,166582
17549,73898
17549,153931
17549,46827
17549,5810
41429,18575
41429,11513
41429,26530
68672,95871
68672,21
68672,74039
54992,11917
54992,4137
54992,87911
54992,16427
31052,9337
31052,85691
31052,511
31052,15138
5792,2250
5792,9731
173312,68399
173312,20276
173312,66525
173312,37341
137192,8398
137192,10647
137192,6167
68372,63386
68372,292099
68372,64309
68372,64270
68372,39207
68372,165261
1292,76820
1292,207264
1292,75076
1292,5116
1292,89805
152192,20873
152192,67881
7532,99753
7532,79693
7532,69537
7532,92494
7532,677
376352,57736
113672,147308
113672,43909
7592,6951
7592,44446
7592,88
7592,43742
9572,251487
9572,183380
9572,37659
9572,88664
11912,133207
11912,6405
11912,55027
11912,50796
18152,35933
18152,118586
18152,5589
18152,1988
283292,150649
283292,29879
283292,25680
27872,9191
27872,9251
27872,138
27872,187862
39693,114812
39693,16604
39693,38002
39693,37326
155433,164771
155433,32045
199773,35210
199773,15573
199773,88
18393,6167
18393,19540
406293,214101
406293,4109
406293,4098
406293,9110
48513,85864
48513,222307
48513,408
48513,2014
48513,67849
22893,301
22893,2940
22893,30471
101613,138
101613,43966
101613,88
101613,56771
101613,34797
137013,30799
137013,29059
137013,88547
137013,10
9813,98838
9813,45818
9813,140057
9813,6167
86853,20376
86853,301
86853,407
202833,164299
202833,333
202833,1971
202833,10
1293,3944
1293,4728
1293,217635
1293,677
18693,14932
18693,131791
18693,762
90033,93861
90033,11619
90033,43876
90033,2441
125673,66719
125673,66732
150993,2055
104493,126016
104493,6382
104493,127039
104493,18120
104493,171032
74433,74492
74433,66860
74433,74438
74433,66854
36693,7008
36693,116602
13113,88
13113,4201
13113,26120
15034,68023
15034,507
15034,8909
15034,123571
15034,2312
45694,148221
45694,57648
45694,1105
45694,138520
1534,994
1534,138
1534,762
3634,518
3634,47995
3634,15190
3634,6374
15394,138
15394,2295
15394,14801
9754,55554
9754,9621
9754,2476
45634,57101
45634,177159
45634,45633
45634,31918
263614,42
263614,2042
263614,8483
263614,15573
21694,23235
21694,28772
21694,4137
21694,54956
47794,21386
47794,352
47794,18107
47794,69554
66394,299819
66394,138
187774,103872
187774,92249
187774,110241
35134,1
71854,28419
71854,3883
66874,72265
66874,70220
66874,12185
66874,54217
66874,66910
66874,68023
61535,138
61535,45296
61535,106215
13115,49591
13115,19204
13115,26129
13115,31462
1295,555
1295,5918
1295,1024
15995,36739
15995,2163
18635,485
18635,3216
18635,523
18635,211
18635,49334
335,48971
335,42640
335,41380
335,39034
74195,55964
74195,116785
74195,118822
74195,95090
45515,249
45515,40225
45515,112699
45515,3830
45515,26842
45515,52851
875,26098
875,83538
29375,408
29375,62635
29375,15242
29375,352
79835,271616
79835,1793
79835,19904
10715,138
10715,10917
10715,16598
10715,4201
167795,167801
97055,52509
97055,104322
97055,96702
97055,112495
12635,38837
12635,13690
12635,762
12635,2077
54215,67736
54215,70549
54215,287575
409175,6742
409175,8306
409175,1503
409175,7960
409175,10277
24462,42
24462,9481
24462,138
78942,8118
78942,14156
78942,352
78942,308
78942,645
44142,53406
44142,20256
44142,46923
702,4279
702,37298
702,13795
702,489
155562,45983
155562,147491
155562,9158
155562,7782
3342,760
3342,3377
3342,88
40242,29616
40242,15823
40242,18079
40242,71673
39522,230290
39522,39515
39522,40307
39522,105232
50982,16985
50982,4075
50982,2420
50982,138206
50982,111690
4302,44474
4302,629
47922,138
47922,1767
44022,104603
44022,8618
73722,18874
73722,174490
73722,16598
93902,2595
93902,138
8342,16566
8342,1200
8342,44609
8342,4005
199022,61535
199022,138
199022,25801
199022,128601
199022,13854
52922,977
52922,95184
52922,54280
52922,52905
12542,15674
12542,6544
12542,1228
50642,11917
50642,11504
50642,50669
50642,88
50642,15462
50642,4137
118322,59205
118322,26718
118322,2427
118322,6759
95462,82108
95462,77049
95462,69237
95462,13520
187862,64773
187862,2280
187862,27872
187862,227780
187862,301
38762,25489
38762,11895
38762,219252
38762,1988
38762,15175
160202,160196
160202,85221
160202,94911
160202,44138
160202,181061
36422,83224
36422,290490
139442,5224
139442,88
139442,440
13202,2940
13202,7697
13202,52283
13202,11340
12062,91576
12062,4033
12062,12992
12062,1232
82562,1988
82562,179243
82562,10262
82562,90259
331022,8898
331022,86230
29462,18107
29462,941
29462,138
54422,13392
54422,48864
54422,1443
54422,17275
2222,7427
2222,5390
245,26682
245,51742
245,45515
245,2918
52145,67431
52145,138
52145,42176
3185,44514
3185,9929
15185,138
15185,72167
15185,220831
15185,22083
19745,10705
19745,131257
19745,4215
19745,17998
19745,3549
12425,40669
12425,10593
12425,12458
12425,12462
248585,130780
248585,50129
248585,10299
248585,1896
27425,36468
27425,16817
27425,85336
223805,1988
223805,4201
223805,4368
52925,52905
52925,155433
52925,42181
52925,145316
97085,97089
97085,43688
30365,352
30365,12189
30365,13643
12185,85437
12185,21350
12185,37992
183305,13782
183305,220
183305,27483
183305,14964
262205,19904
262205,138
229025,11880
229025,88
229025,145316
32045,49591
32045,11635
32045,977
16985,9731
16985,40859
16985,1767
18906,9373
18906,88
18906,134352
18906,40891
246846,74854
246846,17871
246846,78549
246846,762
246846,117230
33426,10923
33426,8122
105966,130504
105966,100918
105966,155744
105966,101381
67506,41806
67506,67496
69066,151499
69066,77053
69066,312284
69066,226341
60426,107873
60426,55964
60426,46998
60426,121157
29286,29257
29286,98683
29286,43615
29286,5686
73386,8930
73386,42005
73386,31578
73386,59890
28926,49031
28926,46587
28926,66751
28926,22820
28926,38606
191886,408
191886,7691
191886,10647
191886,352
191886,4201
151506,183867
151506,59648
17946,4201
17946,90180
17946,26120
906,909
906,96135
906,6544
906,138
119406,59945
119406,59964
119406,43781
18786,26718
18786,20579
18786,36500
18786,8514
8646,81705
8646,49591
8646,55002
84726,352
84726,88
84726,2544
84726,308
84726,39919
345306,33472
345306,40307
44286,29191
44286,163615
44286,104294
260589,56399
260589,111091
260589,3449
260589,71094
13869,44800
13869,23323
13869,1793
13869,219864
128469,33601
128469,34178
128469,16449
199509,88565
163149,13520
163149,26129
163149,138
163149,43892
13809,115717
13809,88
13809,13811
13809,74048
13809,48793
77049,78823
77049,95462
77049,73320
77049,73329
41229,112127
41229,468
41229,677
121869,128277
121869,80056
121869,16604
121869,9481
121869,44138
267489,127112
267489,17358
267489,35827
267489,14367
23829,666
23829,3460
23829,1882
3609,10743
3609,37761
3609,45137
3609,42085
334389,1793
334389,1031
334389,44692
24009,2676
24009,5224
24009,59648
24009,88
180969,133676
180969,2250
489,484
489,3410
489,1999
489,4433
81429,181281
95349,3562
95349,132491
95349,22333
95349,1882
108369,138
108369,468
108369,11895
5589,138
5589,5676
5589,35649
36669,8154
36669,4201
36669,365
11852,88
11852,13811
11852,43742
11852,19419
2312,45595
2312,2336
2312,138
2312,76265
2312,4201
130172,352
130172,36637
130172,677
130172,205357
130172,88
335072,317
335072,319207
335072,677
335072,352
335072,4526
335072,3549
34292,13126
34292,95872
34292,1387
34292,29981
28292,16604
28292,138
28292,22792
28292,42679
392,511
392,69165
392,47789
392,69162
74492,118305
74492,74411
74492,189931
74492,74433
73832,26120
73832,408
73832,35827
73832,4201
59972,39281
59972,116144
59972,179280
28772,138
28772,941
28772,50796
13472,147482
13472,52972
13472,3510
13472,135084
13472,14078
2612,2940
2612,352
2612,15115
2612,22333
2612,3008
80252,62215
80252,105232
80252,40307
80252,4909
6872,10431
6872,80709
6872,86640
6872,125363
68912,60798
68912,68910
68912,59539
171032,108205
171032,104493
171032,126016
42392,211
42392,206850
42392,485
42392,956
72152,39858
72152,18284
72152,14829
72152,162606
72152,8306
114812,38002
122732,18052
122732,8005
299192,378977
299192,116213
299192,28097
299192,278845
77432,48656
77432,70386
99753,62154
99753,107873
99753,138
16533,28097
16533,166374
45633,108909
45633,74139
45633,19968
52773,7208
52773,22365
52773,7427
5673,70178
5673,88
5673,5582
5673,202042
60753,54425
60753,1971
76413,12928
76413,40028
76413,4201
162813,74158
162813,70174
1113,101
1113,6566
1113,1158
1113,21164
1113,28718
20973,72763
20973,102456
20973,105237
20973,138
20973,119318
1053,9648
1053,3477
38553,38627
38553,38606
38553,38638
111933,138
111933,1971
111933,19655
69993,5088
69993,20761
69993,655
69993,35151
69993,46410
68853,72261
68853,255978
68853,69060
68853,138
152073,78549
152073,1988
152073,69547
152073,138
187953,2671
187953,138
187953,206
187953,220
83973,35437
83973,31664
83973,35108
83973,31656
83973,73845
96093,72152
96093,39858
96093,352
19113,57067
19113,26176
19113,46017
19113,86148
120573,45052
120573,229230
120573,186457
120573,582
120573,151029
76233,88
76233,308
76233,4343
76233,22989
76233,352
76233,13811
228993,393826
228993,439155
3453,75506
3453,85204
3453,51521
3453,396
54813,38007
54813,49664
54813,2925
54813,55227
158493,6734
158493,25278
158493,7672
61953,128238
61953,51141
61953,677
25054,26233
25054,408
25054,352
25054,13024
25054,3979
13234,26530
13234,45907
13234,88
41434,1486
41434,6370
41434,138
41434,1315
30934,111627
30934,1190
30934,201497
179434,92154
179434,18629
179434,2046
10534,75915
15934,11881
15934,88
69094,138
69094,67736
69094,69098
69094,69095
74854,42908
74854,70755
74854,10299
74854,13442
18874,111627
18874,23095
18874,18893
8434,138
8434,2480
8434,10730
15574,8005
15574,7905
15574,217281
11074,4005
11074,7905
11074,45694
11074,37457
28114,60039
28114,63712
81814,36243
81814,31532
81814,30493
22774,7560
22774,12949
2434,8335
2434,11581
2434,4479
121714,180385
121714,19685
121714,6855
121714,1793
15874,26250
15874,149832
15874,408
15874,7427
15874,352
39034,138
39034,9208
39034,8417
39034,1554
39034,2263
126034,49956
126034,396
126034,4379
12094,134420
12094,15720
12094,15752
12094,15767
93934,6855
93934,1808
93934,1818
40474,24146
40474,1190
220534,64132
220534,176692
220534,66394
22834,10987
22834,20159
22834,46648
54214,88
54214,138
54214,1988
41854,1454
41854,1024
41854,6355
41854,1369
1655,49767
1655,3944
1655,7940
3995,12057
3995,24400
3995,38311
3995,2199
1895,17226
1895,52505
1895,885
67955,8398
67955,21967
25415,25420
25415,36905
25415,219525
98915,29230
98915,619
98915,8956
98915,26195
141275,48116
141275,64879
141275,38328
141275,36487
141275,318672
141275,170080
4115,555
4115,10567
4115,6979
96815,96812
96815,132374
96815,97021
84755,173128
84755,9832
84755,11895
84755,7047
7415,9746
7415,1793
7415,9774
7415,61762
52355,31681
52355,33651
52355,59008
52355,14075
52355,69727
67895,24747
67895,88
67895,63386
48875,138
48875,17771
48875,333
126575,67736
126575,54215
126575,54223
126575,68087
126575,72260
2915,3858
2915,43909
2915,100924
2915,247
2915,90212
36276,138
36276,10647
36276,4201
36276,26120
101856,36558
101856,152913
101856,122457
101856,132781
117696,33902
100116,110438
100116,68875
263856,23680
263856,46914
31836,380052
31836,113019
31836,380047
124776,11318
124776,115397
124776,19174
124776,6199
88896,88884
88896,38234
88896,6014
88896,138
30276,88
30276,138
30276,352
216,37917
216,5982
216,1988
216,7422
216,86548
38976,9731
38976,7427
38976,13740
38976,1031
37536,380191
37536,322650
37536,219351
37536,376352
37536,92125
38616,46923
38616,173308
38616,59377
38616,170953
20376,18165
20376,138
20376,86853
20376,11175
20376,8385
185976,177315
185976,52505
185976,2676
185976,185978
185976,101451
130536,13747
130536,677
130536,45476
130536,885
36216,64578
36216,64697
36216,64665
36216,64680
36216,8915
3216,26233
3216,523
3216,51785
3216,41869
66156,10
66156,762
66156,3990
77856,86361
77856,555
77856,88
77856,5
77856,2077
67296,4201
67296,3549
67296,352
67296,138
67296,1982
67296,25622
102456,39249
102456,72763
102456,20973
11436,6167
11436,29191
11436,14822
8976,85021
54156,122842
54156,199773
54156,342612
54156,39241
54156,31504
118189,77068
118189,78242
118189,84059
26629,92603
26629,17175
64309,110457
64309,68372
64309,44457
64309,31089
150649,150648
150649,130795
150649,7008
150649,240239
829,138
829,308
829,352
59809,33472
59809,107199
59809,40307
59809,39515
4729,193012
4729,82443
4729,15278
4729,15267
204409,138
204409,19582
204409,1988
204409,301
204409,9180
75049,25199
75049,27854
75049,3573
75049,43777
21829,523
21829,45621
21829,8463
21829,41869
187489,44391
187489,2348
187489,187493
187489,164060
43669,105724
43669,127966
33842,7528
33842,7541
33842,80174
33842,1005
73082,88
73082,352
73082,408
108602,29191
108602,138
15182,25395
15182,69
15182,472
15182,20591
2822,3014
2822,18107
2822,3012
2822,138
962,945
962,49582
962,48695
33902,33417
33902,112615
33902,65653
33902,6971
33902,117696
172682,191700
172682,172681
172682,357
78302,42176
78302,28008
78302,941
78302,74667
78302,67431
87362,108553
87362,378375
87362,57648
87362,61206
304022,71242
304022,77067
304022,67581
86522,365
86522,33191
86522,677
86522,1988
48362,49026
48362,3979
48362,36340
33182,35193
33182,49615
33182,11603
33182,191911
29282,98683
29282,43615
29282,29299
29282,29257
98402,37906
98402,110397
98402,10944
98402,49969
199442,41953
199442,54108
199442,6971
199442,325362
189842,232070
189842,138
189842,7569
189842,11880
103082,3204
103082,1274
103082,1971
147482,3510
147482,126013
147482,3353
57542,67785
57542,95917
324483,328719
324483,57101
324483,31240
324483,242097
67863,89138
67863,76895
67863,301
67863,152332
67863,67881
4563,4201
4563,75149
166143,88
166143,11881
166143,13811
49623,129273
49623,49591
49623,24978
146523,13484
146523,10
146523,111627
8883,8843
8883,108386
8883,88
8883,138
8883,8797
86403,67881
86403,182354
86403,99905
86403,205870
315903,162080
315903,22784
315903,132718
315903,22774
19863,3135
19863,5659
19863,10
19863,5654
19863,3120
27483,12928
27483,66111
27483,103517
27483,201456
106383,81586
106383,15380
106383,87003
96783,92263
96783,14714
96783,10128
96783,27349
96783,24703
32043,977
32043,49591
104703,300766
104703,119199
104703,16533
104703,111680
104703,95216
104703,14570
8283,11880
8283,88
8283,677
8283,16243
8283,148660
204603,157302
204603,223007
204603,138
11463,50682
11463,11472
11463,50665
33843,30959
33843,1005
33843,37159
33843,7524
6063,80354
6063,2141
6063,550
6063,155523
171183,151471
171183,206627
46863,841
46863,28231
46863,1971
165363,352
16623,39873
16623,78261
16623,138
16623,76656
156003,885
156003,125549
156003,1426
210303,100376
210303,389783
56103,28642
56103,86435
56103,134435
56103,56135
235503,95930
235503,29163
235503,138
172443,220
172443,2237
172443,1988
172443,181750
29230,10177
29230,973
29230,468
29230,138
29230,2042
30130,51785
30130,89772
59530,73979
59530,59520
59530,173113
106510,20973
106510,138613
106510,101079
355150,301
355150,48481
2590,3008
2590,2427
2590,5918
38590,38599
38590,38002
38590,20213
12490,23897
12490,38434
12490,75338
166870,65161
166870,1882
166870,1005
213610,45137
213610,145871
213610,171538
213610,18107
265390,43688
265390,141365
265390,66679
265390,94039
265390,273939
117070,1793
117070,164
117070,93993
108550,108553
108550,108558
108550,310383
72130,24005
72130,19804
22930,76413
22930,25680
26890,6167
26890,96326
26890,365
150430,121960
150430,301
150430,51126
150430,79377
232150,138
232150,100008
232150,11235
232150,226977
22030,3559
22030,16336
334390,1031
334390,334389
334390,33443
26230,6
26230,58437
26230,22957
8410,9208
8410,5437
367810,31949
367810,34241
367810,341992
367810,62215
367810,33651
24430,9356
24430,48670
24430,5
24430,1426
24430,2295
37150,37146
37150,472
77470,77411
77470,49915
117550,42
117550,8303
117550,117256
117550,1988
72070,149082
72070,34484
72070,14124
730,39385
730,17803
730,88
59890,365
59890,72367
139410,108386
139410,28995
139410,5107
13110,135602
13110,352
13110,4005
13110,46590
292950,40224
292950,88
292950,38296
292950,52502
105750,138
105750,135493
125250,32604
125250,88
125250,103766
125250,352
6930,33839
6930,33902
6930,9731
570,141512
570,18129
570,9180
134730,2670
134730,2876
134730,104972
134730,4076
134730,100020
12510,16832
12510,22949
12510,59044
290490,138
290490,36224
290490,36422
330,120418
330,41869
330,47047
33450,119905
33450,74470
33450,90323
234570,1247
234570,10271
234570,12185
234570,63605
229230,158923
229230,120573
229230,25018
229230,24604
322650,86380
322650,37536
322650,38249
322650,30230
298470,88
298470,298468
298470,37489
78030,138961
66330,249
66330,138
66330,104322
66330,7691
23130,2141
23130,523
23130,8463
23130,138
206850,139356
206850,42392
206850,52626
3510,677
3510,45137
3510,88
191430,134939
191430,114363
191430,248
56910,100294
68910,167981
68910,298066
68910,59520
68910,203667
930,89687
930,142
930,27986
163290,74139
163290,194450
163290,108909
41850,54425
41850,138
44970,138
44970,88
44970,1322
2670,138
2670,60188
2670,29039
189931,28052
189931,175769
189931,189933
189931,183065
189931,128264
189931,189930
19291,138
19291,1982
19291,19350
19291,8398
53371,58546
53371,61889
53371,59412
53371,95216
4411,3979
4411,2427
4411,352
172591,32604
172591,110365
172591,208019
238231,110241
238231,296741
238231,282722
238231,192997
238231,248350
61171,11192
61171,138
147811,8650
147811,13270
147811,59377
147811,251434
138511,1
156571,131069
156571,3549
156571,226896
156571,352
90931,186355
90931,21040
90931,388952
90931,10267
1651,19611
1651,6576
1651,6355
1651,120
1651,5
48091,4188
48091,138
48091,18079
73531,77620
73531,247819
73531,21363
201871,155318
201871,43909
201871,154801
56371,108368
56371,4094
56371,24410
56371,134236
20551,9590
20551,3798
20551,14750
20551,2427
56071,31089
56071,34934
56071,28120
56071,39510
150091,317
150091,10
150091,206
19411,46049
19411,436
19411,56057
19411,1247
19411,23019
19411,6
220831,2654
220831,15185
220831,1275
220831,22083
12992,16797
12992,25489
12992,6495
51212,193715
51212,48265
51212,408
4532,32026
4532,809
4532,352
371852,36217
217532,88464
217532,26076
217532,1793
217532,117211
103712,3477
103712,3927
103712,10
103712,47811
52832,45158
52832,117191
52832,9128
52832,117194
2432,13955
2432,59045
2432,4005
2432,45818
2432,39919
2432,11186
60512,72163
60512,11549
60512,9864
88232,32341
88232,6162
88232,77308
88232,4201
88232,597
127112,267489
127112,352
127112,88
85232,238796
85232,121509
85232,80036
85232,11186
85232,176956
142832,86258
142832,53846
142832,1808
142832,119778
11792,48680
11792,61206
11792,73355
11792,42679
240212,5655
240212,8095
240212,158561
70832,133775
70832,26098
70832,43742
37532,88
37532,365
37532,138
13892,76795
13892,1443
13892,26942
13892,17094
13892,9731
96812,33472
96812,31337
96812,59945
96812,96815
65972,69285
65972,68843
65972,72616
1232,1237
1232,16261
1232,16243
52592,24946
52592,52585
52592,979
52592,977
52592,52030
15752,12094
15752,38338
15752,677
15752,6544
61652,194228
61652,138
32,555
32,14441
32,5
43892,150390
43892,13321
17253,3979
17253,10
17253,138
17253,2042
33,13346
33,24
33,7285
33,308
81033,374467
81033,95090
81033,252887
81033,53226
81033,363942
101133,4201
101133,365
101133,138
3573,9672
3573,3350
3573,53102
68913,73781
68913,91222
153,15178
153,316
153,1511
153,86513
3393,352
3393,8005
3393,408
152913,89934
152913,230575
107253,17569
107253,34616
107253,4614
107253,1137
107253,1454
64773,187862
64773,160061
64773,16962
16713,3549
16713,523
16713,20369
42573,138
42573,45818
42573,45982
6813,555
6813,26510
6813,1633
6813,37704
10593,17260
10593,189179
16353,14038
16353,88
16353,16339
16353,34622
16353,5169
16353,35271
2373,100116
2373,45907
2373,26098
217713,26120
217713,8398
217713,628
217713,4201
69693,68849
69693,69285
74373,45614
74373,88
74373,468
74373,5116
20554,25705
20554,48833
122314,202375
122314,71890
3994,365
3994,17639
3994,5116
12934,17175
12934,31462
12934,50418
43294,136042
43294,9180
43294,156803
28234,43492
28234,138
28234,67346
28234,108745
1954,1237
1954,8507
1954,1437
1954,1024
3814,92226
3814,52446
3814,906
42154,146
144754,13650
144754,16598
237634,88
237634,352
237634,198531
237634,365
237634,677
42994,220
42994,11921
42994,26243
42994,349
113074,6106
113074,1115
113074,10
40774,144628
40774,69537
10294,208712
10294,64065
10294,56357
10294,10373
10294,169349
151474,54447
252634,4137
252634,185977
252634,6
252634,2799
26254,124291
26254,171064
33394,193760
33394,8828
33394,30966
14014,24819
14014,14038
14014,24826
14014,14039
14014,24823
14014,14019
357034,83010
357034,87759
357034,72082
357034,303681
70174,3482
70174,15499
70174,205
70174,10574
70174,9833
35674,301
35674,36909
35674,138
5195,109403
5195,102858
245015,352
245015,72467
245015,67881
14075,68127
14075,21595
14075,35325
14075,56766
14075,14057
155795,64899
155795,106630
155795,78812
133775,239401
133775,137391
133775,70832
133775,189297
133775,95648
56135,59858
56135,199410
56135,56103
56135,160730
149435,150659
149435,88
149435,48481
149435,138
191555,7923
191555,2769
191555,108197
191555,46
6755,19540
6755,11235
6755,3798
181775,261911
181775,95908
181775,281387
181775,95913
104615,7905
104615,106046
104615,99534
56975,50329
56975,30181
56975,55341
56975,84838
75455,163615
75455,138
75455,582
75455,14890
13475,11571
13475,150405
13475,363734
1115,365
1115,1337
1115,8398
98315,90185
98315,83435
98315,88
19655,21960
19655,321
19655,805
19655,4113
175955,20213
175955,336194
175955,184837
175955,113238
175955,22851
26195,33476
314435,36219
314435,56399
314435,31585
314435,63863
66517,38627
66517,46587
66517,38638
66517,284004
817,1254
817,1228
817,16877
285937,101856
285937,230575
285937,138
41557,468
41557,7427
41557,6374
41557,38328
41557,26129
2377,63917
2377,13234
2377,110438
2377,76592
2377,75797
53977,73810
53977,149811
53977,51815
205357,180536
205357,266411
205357,130172
397,2778
397,1633
397,73878
26017,265817
26017,97348
26017,56383
26017,193960
56317,13768
56317,29616
56317,408
104137,129605
104137,79394
104137,112165
104137,1665
59377,184592
59377,146257
59377,259447
59377,35553
59377,163138
60757,69
60757,365
60757,518
60757,61535
2137,18468
2137,3477
186577,112450
186577,30189
186577,82697
186577,23464
83797,76561
83797,247068
83797,190227
83797,40307
83797,71275
101737,301
101737,96702
101737,51757
65377,70541
65377,212646
65377,67736
65377,2676
65377,72229
128437,56021
128437,39192
128437,33177
103057,103666
103057,320858
103057,170303
103057,159895
103057,305935
4297,9672
4297,14977
4297,1988
275077,182307
275077,97055
275077,51757
275077,147884
131257,118790
131257,2163
131257,1988
59917,90931
59917,58978
59917,43742
59917,138
43777,5
43777,15450
5857,17507
5857,5810
5857,24804
14617,14662
14617,37548
14617,62566
4957,26549
4957,93
4957,11907
90217,129579
90217,10101
90217,46991
90217,46401
22717,677
22717,52764
22717,797
22717,88
14677,31780
14677,8811
14677,60990
14677,19148
68019,6405
68019,138
66939,136166
66939,212625
66939,142038
72519,72518
72519,138
72519,88151
71019,16466
71019,7569
71019,109806
71019,74470
83139,138
83139,172933
83139,78549
113019,28088
113019,55964
113019,14662
113019,64729
8379,8398
202179,50239
202179,34178
6759,231481
6759,20559
6759,46433
6759,3798
6759,225093
27519,6199
27519,365
27519,92438
27519,21585
19419,13811
19419,153415
19419,511
19419,88
52419,38711
52419,52828
52419,2889
88119,97598
88119,352
99339,66270
99339,48670
99339,10230
69039,43763
69039,65380
69039,21477
69039,73209
29439,5918
29439,1295
29439,65456
29439,138
29439,2512
4059,3549
4059,157917
4059,14871
4059,7782
4059,11395
14619,51694
14619,31918
14619,7564
14619,45634
14619,51686
