317,4134
317,110967
677,352
677,3549
677,88
1398,12750
1398,24815
104085,152249
104085,144911
104085,11895
104085,88
4368,4201
4368,51261
4368,10917
8268,9731
8268,45209
8268,26922
8268,53550
8268,333
195496,352
195496,43523
195496,42080
195496,145279
195496,408
46698,236185
46698,38002
46698,74021
138,21545
138,2055
1999,41869
1999,8568
1999,7452
1999,101554
42679,16604
42679,138
1426,24413
91547,42679
91547,20200
91547,138
9648,14912
9648,5390
9648,1315
9648,1024
38328,26129
38328,7427
38328,89805
38328,365
408,4201
408,16598
5896,1190
5896,333
5896,3883
5896,40960
140057,10917
140057,9305
140057,32287
140057,408
1337,34616
1337,4824
1337,6355
1337,59077
6317,23796
6317,1850
6317,18033
6317,3944
4037,88
4037,12057
4037,385
4037,62895
214579,4201
214579,10917
214579,46590
379,101
379,1322
379,16676
145279,20066
145279,51021
145279,35823
145279,43523
89805,43742
89805,9180
89805,37761
7427,29505
7427,6374
7427,1591
7427,762
17507,85287
17507,44211
17507,81190
17507,16598
17507,79671
8568,481
8568,518
316,308
316,5
316,994
316,1315
316,38311
31696,31818
31696,31840
31696,31843
31696,31725
31696,31720
10577,37290
10577,3566
10577,333
112637,15547
112637,352
29537,76795
29537,8398
44838,36633
44838,14954
44838,22506
44838,138
44838,1982
8298,67649
8298,225055
8298,23034
8298,63440
8298,301
76338,168002
76338,8338
76338,555
7698,1
23058,1982
23058,108445
23058,1105
69678,26753
69678,69285
69678,77114
10039,50613
10039,99935
10039,4326
10039,81995
10039,10726
95119,154476
95119,27811
95119,12084
95119,83069
95119,208754
95119,65866
179059,16598
3979,185290
3979,2042
3979,197036
3979,3389
31305,31256
31305,352
31305,15632
31305,41492
31305,35520
31305,18388
29505,7427
29505,29879
73485,68000
73485,3477
73485,78690
4665,5116
4665,103517
4665,12928
4665,468
645,73050
645,2480
1665,2480
1665,123798
1665,138
20145,43835
20145,20200
20145,43863
6405,1665
6405,74158
6405,24338
35325,31337
35325,14625
35325,4904
4005,13162
4005,629
4005,13142
4005,13052
137505,48833
137505,62625
10606,42112
10606,135422
10606,138
10606,308
81586,352
81586,41869
81586,138
46,1
10726,44661
10726,9305
10726,2163
10726,44656
10726,147139
163847,23159
163847,58418
163847,138
163847,10
10907,408
10907,352
10907,53139
10907,9305
84887,37317
84887,75423
84887,98950
84887,38002
84887,93
18107,18069
18107,18143
18107,30162
18107,83327
40847,106178
40847,1767
40847,9731
40847,104852
27288,100708
27288,1190
10446,15844
10446,2163
10446,8398
74766,11998
74766,13768
74766,14977
4326,629
4326,75111
4326,7377
4326,18129
14166,26129
14166,8398
14166,38328
14166,27796
14166,4201
55386,1971
55386,2671
55386,25395
1686,5551
1686,756
22506,44838
22506,2686
22506,14954
14056,33472
14056,14057
14056,86376
14056,39515
26116,762
26116,30140
26116,18311
26116,13712
21136,677
21136,10726
21136,205244
7396,138
16576,220882
16576,22047
364216,76778
364216,10110
364216,10213
364216,2250
129136,20566
129136,2199
129136,16762
129136,36358
44656,138206
44656,31128
44656,10726
44656,44705
44656,44683
36796,206
36796,10
36796,1618
36796,762
86236,181430
86236,178703
86236,677
86236,11699
5116,19887
5116,26129
5116,116957
95776,182238
95776,102090
1036,3969
1036,55377
1036,352
1036,1840
1036,13321
79936,20293
79936,20139
79936,128712
79936,38224
23297,7888
23297,34616
23297,23369
23297,9731
43097,352
43097,408
43097,16698
31337,73810
31337,24156
31337,53247
31337,31327
160817,64943
160817,70259
26057,69063
26057,762
26057,69925
26057,69929
26057,138
103517,518
103517,26129
103517,43742
45137,85720
45137,17175
45137,40595
45137,365
45137,88
50418,92438
50418,518
50418,26129
50418,468
113238,82465
113238,22851
113238,128289
113238,42679
3798,88816
3798,2427
3798,43273
3798,352
8898,38082
8898,37045
8898,1803
8898,72572
78,49845
78,2141
78,3410
78,6317
1158,3276
1158,3495
1158,5713
1158,3088
1158,5550
31818,59968
31818,68362
113358,49673
113358,88
113358,66347
123798,94939
123798,2463
123798,1665
2778,760
2778,3944
2778,138
2778,6014
32118,78869
32118,29191
32118,75547
1458,6405
1458,7427
1458,365
1458,138
7758,352
7758,47690
7758,8398
7758,4201
1519,1036
1519,365
1519,138
1519,6405
1519,6387
48199,408
48199,10927
48199,8005
48679,43322
48679,95930
44719,148385
44719,32287
1279,3397
1279,42
147139,147132
147139,84010
147139,10726
147139,13223
6979,1
1759,333
1759,994
1759,28045
68419,16604
68419,20194
15199,88
15199,15138
15199,8536
146497,138
146497,56
146497,38458
7477,26129
7477,56951
7477,518
7477,91139
7477,511
84217,18504
84217,17507
70837,70549
70837,67736
70837,112788
70837,54210
65325,65360
65325,66869
65325,68000
65325,77068
37305,42679
37305,16604
37305,43835
37305,22792
8385,19540
8385,18768
8385,4201
68445,20194
68445,22851
68445,145198
68445,61221
62625,4428
62625,308
62625,385
62625,677
885,37761
885,78388
885,125221
69285,144911
69285,66854
69285,69678
9465,138
9465,95930
9465,29163
9465,48142
245805,29163
245805,46923
245805,204102
54525,6463
54525,72399
54525,13321
54525,26076
54525,178114
14625,35325
14625,107199
14625,33472
60106,9305
60106,1982
60106,4201
92266,29039
92266,164434
92266,8030
134146,29879
134146,88215
134146,94810
134146,11192
134146,47421
41746,92494
41746,92509
41746,15643
41746,26498
65866,1105
65866,47710
65866,365
100486,174655
100486,137
100486,81564
100486,73635
100486,1487
646,449
646,2094
5686,80516
5686,45783
5686,124445
5686,316111
5686,86552
8266,152591
8266,404
83327,18107
83327,352
83327,10917
94907,39865
94907,260537
94907,37330
94907,160206
94907,59818
16427,4137
16427,21766
16427,565
16427,35909
39887,59739
39887,103549
39887,365
39887,106570
1907,33251
1907,1036
1907,58450
1907,1840
27227,3562
27227,1840
27227,58659
134928,29191
134928,14890
134928,6199
134928,40383
3108,1988
3108,1971
3108,88
3108,138
3108,762
3108,202
110568,32287
110568,15573
7368,365
7368,138
7368,2131
468,26129
468,31462
50928,19204
50928,4201
50928,14782
151996,65456
151996,533
151996,523
309256,107660
309256,5793
309256,243553
22576,25387
22576,99425
22576,18129
29176,133146
29176,43527
29176,17507
29176,138
436,69
436,83274
436,119563
436,7377
13516,44398
13516,468
13516,8266
13516,41511
6796,5918
6796,42154
6796,1190
6796,333
6796,132533
57736,237943
57736,376352
57736,155453
57736,28097
50896,46590
50896,352
50896,88
50896,408
8536,140005
8536,2654
376,555
376,1158
376,9180
73576,54280
73576,301
73576,52431
73576,4408
91216,5116
91216,6979
91216,138
218717,53139
218717,7905
218717,2163
218717,3549
116957,71049
14057,33472
14057,92325
28097,56798
28097,40307
28097,33472
28097,39515
28097,278845
5297,19550
5297,352
5297,47040
5297,2042
5297,89820
10277,88215
10277,138
10277,8005
56537,26120
56537,296639
56537,185212
137,994
137,1328
137,6
137,8635
5898,5116
5898,18646
5898,5896
5898,333
67698,6
67698,15045
67698,147
67698,138
15138,2316
15138,31052
15138,1275
182238,95776
182238,123539
182238,42070
73578,218668
73578,148583
73578,19078
73578,136993
12738,63842
12738,5814
12738,9731
12738,27679
12738,35894
84558,11620
84558,1971
84558,977
84558,34324
139218,26152
139218,2163
139218,677
139218,37761
139218,88
113778,138
113778,133676
84918,5810
84918,76795
84918,40447
16698,220
29059,29071
29059,88844
164299,11895
164299,2427
619,5663
619,6236
619,95690
38599,37317
38599,51519
38599,219584
38599,42679
1879,1823
1879,760
18079,23969
18079,143890
18079,143875
18079,143851
19819,220
19819,26891
19819,3385
19819,352
19819,16560
134479,36622
134479,26250
94939,312706
94939,7691
94939,352
94939,25904
94939,123798
36739,36693
36739,26770
36739,15995
127039,1031
127039,23563
127039,104493
127039,42070
82357,26129
82357,31462
115717,2250
115717,54890
115717,199037
115717,34761
11917,27510
11917,11922
11917,56305
37,24
37,25
37,301
37,138
76417,68045
46537,37316
34117,308
34117,138
34117,1275
34117,817
29257,29311
29257,52015
29257,13227
29257,43615
26498,63364
26498,59162
26498,8930
26498,72949
76778,33790
76778,138
76778,308
76778,113036
53018,1
52298,6167
52298,127693
52298,14890
52298,12928
52298,29191
6338,64943
6338,29407
6338,17771
28718,54992
28718,21164
28718,23268
28718,87911
20798,58627
20798,155355
20798,19623
20798,9590
6878,103913
6878,352197
6878,24301
6878,155541
6878,177111
67118,44133
67118,762
67118,111734
67118,2141
33045,323
49845,13388
49845,49102
49845,6317
49845,52
49845,18416
49845,5289
29805,468
29805,88
29805,22723
29805,2141
29805,26129
26025,480
26025,25101
26025,8165
36585,108840
36585,19142
36585,23663
7905,3477
7905,2163
7905,3944
7905,37457
1305,628
1305,602
1305,7850
1005,27708
1005,994
1005,27718
1005,8755
1005,8811
277665,35813
277665,90486
43905,42
43905,1247
43905,10
205185,5918
205185,5676
205185,25415
205185,10177
205185,6868
285,1995
285,1426
285,249
285,45515
9105,14890
9105,677
9105,22681
9105,11318
9105,1971
66525,61221
66525,111415
66525,273780
66525,43835
3285,1971
3285,762
3285,14932
330105,66893
330105,26753
5625,13024
5625,11752
5625,1031
165345,26152
165345,13248
165345,180475
165345,11852
165345,88
165345,365
255465,114016
255465,9481
255465,301
73726,88
73726,352
73726,43742
2686,6355
2686,138
2686,1337
24766,29505
24766,42095
24766,13442
24766,137645
25246,385
25246,58603
25246,677
20566,159520
20566,20559
106,7858
3226,1200
3226,7377
3226,5
3226,88
209626,217784
209626,677
209626,125609
209626,96734
209626,41233
352246,14590
352246,63500
352246,14614
352246,3508
21766,45416
21766,4137
21766,16427
19127,1137
19127,2698
19127,69583
172247,1
142067,170953
142067,192028
407,4201
407,26120
407,8398
65267,156817
65267,111415
65267,46923
65267,72763
65267,204102
66167,138
66167,2035
66167,18311
66347,68939
66347,92248
66347,677
66347,88
1487,1024
1487,41132
1487,16164
260207,113247
260207,46754
260207,38609
260207,59586
22727,11790
22727,46698
22727,46721
22727,39697
22727,22738
3167,38690
3167,2844
3167,234
3167,2869
3167,49664
8927,18442
8927,293367
8927,8930
8927,138
8927,71968
6167,18393
6167,130123
6167,51199
6167,208251
38627,46587
38627,43863
38627,38563
38627,44138
68027,78242
68027,167795
68027,68000
132287,29163
132287,48142
132287,138
40307,105232
40307,33472
45828,199999
45828,37815
188208,54223
188208,68023
188208,54200
188208,72260
228,88
228,249
228,234
112788,352
112788,67736
112788,70837
57648,19204
57648,37761
57648,20007
2328,7427
2328,365
2328,2427
131448,15573
131448,3883
131448,138
165348,10
165348,162654
165348,5676
31128,408
31128,184933
31128,352
31128,3969
18768,3549
18768,619
18768,2548
18768,18925
18768,12158
4728,352
4728,408
62868,53954
62868,20014
62868,11880
62868,13768
36828,2712
36828,5659
36828,79401
36828,73224
42588,18693
42588,806
42588,18722
42588,40507
4428,62625
4428,26233
4428,70392
4428,51785
15408,29039
15408,18741
15408,582
15408,994
15408,61766
8169,1988
8169,885
8169,8129
2889,247
2889,3830
2889,100448
2889,107333
151029,186457
151029,159156
151029,183839
151029,124291
7569,42927
7569,138
7569,33411
7569,16452
7569,6951
80709,26361
80709,124445
80709,6872
80709,18388
99549,1
16449,33601
16449,79703
16449,79693
16449,34181
52509,146120
52509,66330
52509,55871
52509,104322
52509,45501
12129,17358
12129,10927
12129,16708
12129,8398
1089,6117
1089,220
1089,4592
1089,73879
78429,28926
78429,82465
78429,20194
78429,22851
97089,219595
97089,230290
97089,36224
73329,73319
73329,82108
73329,77049
78549,85339
78549,1793
78549,213501
78549,246846
78549,6463
32529,36466
32529,13809
32529,18038
32529,68420
12549,20818
12549,110
12549,138
12549,1971
65956,70210
65956,66869
65956,67736
65956,70217
48676,1292
48676,220
48676,55588
48676,677
48676,26755
6496,216
6496,707
139756,107338
139756,209200
14476,52621
14476,41233
14476,187556
14476,160817
14476,29407
4576,6317
4576,16604
4156,1036
4156,7427
105316,172821
81196,2014
81196,57844
81196,44211
85336,100422
85336,27425
85336,677
114016,352
114016,28926
114016,284004
20056,138
20056,17507
20056,45828
45497,2876
45497,48869
45497,68704
45497,3863
45497,23255
49937,10959
49937,82608
49937,24323
4877,70698
4877,33472
4877,90603
4877,69718
4877,90622
135317,40493
135317,62904
135317,33601
135317,16440
135317,6951
28217,105216
28217,2744
28217,138
28217,5659
977,913
977,66970
977,85825
37457,104608
37457,1971
37457,187993
57257,59809
57257,4909
57257,39510
57257,28097
128537,43839
128537,228044
128537,12949
128537,94374
25157,15185
25157,3910
25157,1840
226337,2327
226337,19804
61157,25006
61157,61160
61157,49464
61157,941
61817,7969
61817,565
61817,542
61817,46459
292337,16313
292337,249
292337,248
292337,2676
7637,2280
7637,6338
199037,115717
199037,138
199037,10
7937,3549
7937,677
7937,8005
7937,408
112097,34929
112097,324321
112097,318697
112097,55964
48557,11976
48557,43777
48557,619
48557,6
110177,13854
110177,33949
110177,199022
110177,8618
40097,26400
40097,13643
40097,3385
217097,301
217097,6148
217097,205
217097,138
11178,77772
32238,94723
32238,138
32238,10081
32238,30276
32238,19887
46998,60426
46998,121157
46998,293100
25698,7427
25698,5116
25698,138
25698,365
25698,31462
20958,62247
20958,93428
20958,56771
20958,65540
20958,39194
70698,40275
70698,35606
70698,4904
70698,4877
70698,35014
25398,138
25398,8398
25398,4201
25398,42679
58338,3798
58338,2427
58338,44325
73878,1228
73878,6017
73878,10
73878,18397
166998,277971
166998,277972
166998,2348
166998,33591
52338,19187
52338,10
52338,2635
52338,44751
52338,4718
52338,6523
338958,320424
338958,30799
338958,352
184098,133544
184098,283972
184098,80516
74178,2199
36558,88
36558,146024
28758,7377
28758,5
96979,160876
96979,54280
96979,165679
96979,85937
96979,18178
74419,66854
74419,69690
74419,43763
41599,63386
41599,17803
22579,6836
22579,5116
22579,7427
45319,48670
45319,2042
45319,9356
45319,99329
45319,38451
45319,40536
229279,11852
229279,677
229279,3549
229279,88
919,628
919,29954
919,6317
10399,88
10399,102972
10399,10410
10399,365
10399,4450
10399,10452
11659,17310
11659,16598
11659,136778
11659,3969
5659,76823
5659,211380
51199,85910
51199,16708
90259,9828
90259,10017
90259,82562
90259,54464
90259,10244
90259,555
1939,316
1939,24
1939,15450
94039,97085
94039,36422
94039,230290
27679,385
27679,13859
27679,619
27679,12738
32599,12770
32599,18079
32599,8434
32599,36304
32599,12666
75079,138
75079,11998
75079,1168
75079,9731
75079,3345
199999,24804
199999,408
48319,3549
48319,352
48319,17175
30799,138
30799,88
30799,101856
18284,12928
18284,11581
18284,138
219584,301
219584,38599
88844,6855
88844,83990
88844,5390
88844,5896
19364,3549
19364,19672
9704,88
9704,227380
9704,67382
9704,7660
49664,26674
49664,54813
49664,54817
2444,9731
2444,23162
2444,83415
75044,147491
75044,511
75044,17946
247964,45783
247964,38208
247964,9360
247964,249
116144,24156
116144,34797
116144,59972
103304,278651
11504,11481
11504,16427
11504,26538
11504,50642
11504,178725
21164,4115
21164,220
21164,1113
126404,352
126404,31504
126404,26279
126404,88
73604,10213
73604,13933
73604,51341
73604,64943
36224,99300
36224,43671
41324,92509
41324,50239
41324,8887
41324,26498
18165,408
18165,46590
18165,138
18165,86853
18165,8398
92325,61889
92325,14038
92325,14057
92325,48059
59205,3810
59205,118322
59205,240518
59205,20579
59205,84
196545,27510
196545,138
81945,8398
81945,629
81945,51261
22365,82443
22365,15278
22365,52773
9405,50665
9405,50682
9405,26530
9405,130486
54885,76233
54885,5116
54885,30177
54885,71049
23385,20200
23385,168243
23385,138
25425,40948
25425,19685
25425,110902
172365,86842
172365,11256
172365,171064
172365,10081
172365,5793
172365,138
52905,135185
52905,511
52905,49591
52905,63894
52905,52922
52905,184560
141285,160645
141285,11318
141285,98005
141285,28879
141285,28882
141285,12832
121845,2280
121845,9251
121845,138
121845,81429
121845,9191
121845,8417
23685,21471
23685,1190
23685,128292
23685,93934
41265,35913
41265,6106
41265,1443
41265,352
41265,8398
158625,32045
158625,159853
158625,122093
158625,1971
130545,138
130545,88
130545,130536
36345,77446
36345,138
36345,4201
81705,352
81705,9241
81705,8646
117045,46923
117045,138
117045,154488
17985,7691
17985,352
17985,88
56325,95725
56325,40242
56325,20007
56325,19540
15045,88
15045,333
15045,19713
15045,22998
2146,37440
2146,53961
2146,518
2146,54261
2146,511
2146,10542
39406,107400
39406,35559
39406,71709
181366,23391
181366,85864
181366,84755
181366,155367
14506,32604
14506,95648
14506,114526
73486,69926
73486,66886
73486,330105
73486,55195
73486,227155
26506,81538
26506,29513
26506,18691
26506,533
8446,408
8446,440
8446,645
8806,8755
8806,34911
8806,28097
41806,65940
41806,55098
22966,38067
22966,1441
22966,31697
52066,11620
52066,59841
52066,52908
52066,26666
52066,49596
34726,47124
34726,162400
34726,2676
34726,75100
34726,8457
92686,51916
92686,15674
24646,138
24646,24644
24646,2199
254326,352
254326,10647
254326,7691
254326,102090
6527,138
6527,1322
6527,12057
6527,13650
6527,1337
112127,41233
112127,41229
112127,22210
1247,58514
1247,18107
1247,138
132887,440
132887,4637
132887,11235
132887,47421
132887,11239
132887,11192
42287,12750
42287,9672
42287,1996
13187,15115
13187,18311
13187,2612
13187,333
33707,14038
33707,57969
33707,37494
33707,19148
33707,31327
11927,94810
11927,26250
11927,45621
86208,88
86208,352
86208,36622
73248,138
22788,68672
22788,16604
23268,619
23268,542
23268,1907
23268,555
194148,316111
194148,97728
194148,290946
194148,298468
45048,352
45048,14944
45048,159982
45048,11192
45048,138
27708,1005
27708,161381
5088,108418
5088,655
5088,35151
16336,3910
16336,22030
16336,1840
19936,128046
19936,35606
19936,145604
158296,4201
158296,11895
158296,365
27796,468
27796,408
27796,6374
27796,65866
27796,365
181216,158832
181216,352
181216,138
181216,2199
34516,8755
34516,1005
34516,25580
34516,27708
4336,365
4336,93959
4336,1168
4336,46590
117256,103253
117256,117550
117256,348059
5296,308
5296,42
5296,5297
5296,3382
222736,72839
222736,174954
222736,53371
222736,14570
2476,83415
2476,1369
2476,1767
38296,1932
38296,76275
38296,356
38296,220
126016,104493
126016,161377
126016,127039
19396,9731
19396,5625
19396,143146
19396,22602
1996,22397
1996,22108
1996,33707
1996,5390
1996,165208
160876,83037
160876,162412
160876,365
160876,52905
43876,9590
43876,36358
43876,52
75076,352
75076,5116
75076,74373
75076,47040
83597,106566
83597,138
83597,3990
3377,5043
3377,27432
3377,317
3377,102567
41837,6583
96017,11581
96017,18906
96017,6855
193097,2077
193097,138
193097,67133
38837,28567
38837,26297
38837,5918
38837,1315
38837,333
82697,70620
82697,186577
82697,65181
121157,57175
121157,53977
121157,277137
121157,25094
121157,111593
57977,16533
57977,28097
57977,21595
57977,35325
57977,31337
6017,26129
6017,6355
110117,100547
110117,1295
110117,24914
110117,90180
110117,40536
110117,68958
29897,63364
29897,8755
29897,26498
29897,8883
29897,59162
396377,358966
396377,90217
396377,78528
73637,88
73637,108607
73637,46698
73637,42287
2417,83327
2417,138
2417,4201
2417,25071
2417,18107
85937,54280
85937,977
85937,32045
31697,33182
31697,15045
31697,2844
108197,139324
108197,144786
1818,98175
60798,59533
60798,59526
60798,301099
60798,59544
55098,12934
55098,138
55098,29191
18018,26129
18018,14977
18018,5810
18018,59739
4098,6405
4098,365
4098,4094
4098,74158
4098,4101
83538,11895
83538,11881
83538,7400
83538,5116
36258,677
36258,58514
36258,88
36258,138
3858,122520
3858,90359
3858,54447
3858,74709
3858,107481
41778,389
41778,11313
40398,12934
40398,7008
40398,7691
40398,5365
40398,150649
40218,3830
40218,38711
40218,100924
40218,96616
49638,533
49638,1896
49638,396
12918,131212
12918,47229
12918,56537
12918,20873
19338,4201
19338,155929
19338,95516
98838,352
98838,18393
98838,107556
98838,8005
428598,6166
428598,979
428598,67223
171258,78391
171258,6047
171258,3984
171258,817
33138,57316
33138,176179
33138,156980
33138,120606
39858,1
22998,23021
22998,677
22998,17021
22998,15045
22998,18152
22998,7373
18678,70259
18678,81608
18678,64943
18678,48833
181398,114938
181398,149435
181398,2697
181398,46368
6078,19540
6078,14404
6078,17803
6078,8398
6078,59096
24978,138
17358,11409
17358,10929
149718,149715
149718,29176
149718,133146
149718,7164
282678,167795
282678,54225
282678,68000
27378,41759
27378,178501
27378,33118
6918,11752
6918,7903
6918,4201
6918,7427
28879,40028
28879,11318
28879,179346
28879,48676
69679,73053
69679,26753
69679,68000
69679,69774
6199,138
6199,18893
6199,40028
6199,40043
129379,80528
129379,26017
129379,128702
129379,128289
129379,68596
129379,283239
94819,45694
94819,43322
94819,9458
94819,45137
11239,183818
11239,213595
11239,78008
11239,29505
46459,11463
46459,61817
46459,124526
46459,7969
50239,30849
50239,202179
50239,7569
50239,294205
210139,374188
210139,42459
210139,45828
39919,645
6079,56317
6079,83327
6079,7739
6079,6089
165679,54280
165679,52912
165679,291622
32179,138
32179,1322
32179,1840
32179,9131
112699,138
112699,40225
112699,66330
112699,43909
37159,6930
37159,33584
37159,35210
37159,33843
37159,33865
65059,8928
65059,135849
65059,86689
65059,98668
65059,83224
77059,196963
77059,70549
77059,68000
29299,29296
25279,44276
25279,18874
25279,18878
73879,117568
73879,397
73879,88
73879,220
26679,188052
26679,68707
43839,42679
43839,72569
43839,37305
60039,28114
60039,33616
60039,8755
60039,128424
151359,10865
151359,16965
151359,13708
151359,6081
151359,10647
75459,117162
75459,163615
11619,178844
11619,194575
11619,166143
11619,19291
2499,10431
2499,5686
2499,24459
2499,100197
8619,33949
8619,76783
8619,8618
13779,365
13779,26129
13779,7427
13779,518
288579,11880
288579,145316
288579,138
288579,88
288579,308
131559,179819
131559,25425
131559,9774
10959,138
10959,9180
37659,14805
37659,10
37659,19186
4479,11581
4479,7673
4479,365
67959,42
67959,40525
36579,4201
36579,8398
36579,36637
192279,22820
192279,20200
177159,266058
177159,90213
45704,1709
45704,6587
45704,85460
199064,38002
199064,29163
16424,16434
16424,16427
16424,443
16424,301
16424,4137
101384,101388
101384,308452
101384,51742
71504,29407
71504,138
71504,15450
146384,2250
146384,19685
88664,47992
88664,50329
88664,171760
88664,77772
123584,582
123584,7888
39524,28097
208004,570
208004,14726
208004,3471
208004,111873
55964,113019
55964,34797
55964,14662
110924,59945
110924,29144
110924,145316
110924,365
25304,70185
25304,4101
54224,77068
54224,68000
146024,144578
146024,107486
146024,149210
146024,36558
228044,245805
228044,68486
228044,173308
46664,16604
46664,20200
46664,38002
46664,22792
133544,73041
133544,66897
126824,301
126824,677
126824,138
31904,30743
31904,66011
31904,197904
31904,36243
27404,369979
27404,59541
27404,60798
64065,88
64065,10294
64065,6495
178725,420
178725,38748
178725,4137
178725,11504
218985,677
218985,24195
218985,21984
290205,220
290205,1260
290205,3311
290205,323
165,88
165,151464
165,1704
165,153
165,140382
165,3367
13845,136778
149925,74139
149925,100229
149925,126182
3345,325
3345,756
3345,1960
3345,2248
44325,126375
44325,65779
44325,59198
21825,138
21825,10
21825,221
21825,3983
52125,5752
52125,6081
52125,56634
52125,1503
52125,7814
52125,15242
97545,50514
97545,8398
97545,16013
56205,1083
56205,5000
56205,51448
56205,88
77446,36660
77446,142659
77446,32811
77446,8398
77446,301
137686,139312
137686,138
69646,10822
69646,93174
69646,248584
69646,171801
69646,42900
44266,74993
44266,138
29086,18284
29086,110832
29086,55102
29086,11339
29086,301
300766,26076
300766,104703
300766,2908
300766,20798
164626,48869
164626,43909
164626,3858
22666,1
32206,4201
32206,66201
36466,10
36466,10262
36466,762
36466,18033
36466,82562
36466,44022
43966,226222
43966,2676
43966,58026
11986,1
127966,43669
127966,105724
38386,291342
38386,140216
38386,271616
66886,68843
66886,26753
66886,68913
66886,66854
31966,90323
31966,365
31966,105954
29267,136216
29267,28686
29267,50682
29267,50645
4427,36981
4427,51785
4427,3969
4427,523
78287,69205
78287,71341
232607,138
232607,199509
232607,88
232607,37135
26927,49673
26927,365
26927,82567
707,84217
707,468
707,6014
707,42154
25727,180015
25727,48473
25727,6868
2327,6107
2327,26980
2327,14782
2327,1124
27407,5686
27407,202902
27407,93934
27407,94810
23027,2199
23027,114219
23027,2427
23027,11235
23027,134479
19187,3962
19187,1840
19187,5173
19187,6732
19187,1322
30467,59427
30467,92084
30467,59276
48287,4005
48287,13650
48287,3566
88547,88
88547,137013
88547,29059
88547,36558
88547,138
100547,67165
100547,67223
100547,24914
18528,4532
18528,352
18528,7766
18528,1939
8928,38155
8928,138
8928,153844
8928,8604
8928,7821
81828,31256
81828,36243
81828,7691
78408,97288
78408,76180
78408,175955
159168,88
159168,22788
159168,1988
159168,4022
159168,14880
28008,977
28008,27996
402708,37443
402708,7486
402708,129453
402708,26152
52788,4201
52788,277701
52788,64422
154488,93796
154488,158186
154488,196259
107628,55141
107628,12975
7428,3990
7428,138
7428,762
7428,6868
184308,32823
184308,523
263328,243108
263328,54447
263328,90213
4008,385
4008,28942
4008,33569
4008,33568
4008,14880
4008,25131
82608,49937
82608,98395
82608,60827
82608,77470
7008,6986
7008,4262
7008,5733
200028,367163
200028,105814
200028,7560
200028,1882
200028,8743
38208,15000
38208,89
38208,146054
38208,43667
8956,100008
8956,113106
8956,86704
8956,8960
68596,128289
68596,13740
68596,1190
16216,113250
16216,2199
16216,123901
33796,1
54796,1
262636,65411
262636,155689
262636,262635
262636,64897
65356,65360
65356,66869
33436,72603
33436,31004
33436,50271
136216,220
136216,88
136216,93
136216,84
136216,2940
66556,53578
66556,127039
66556,138
142516,37761
142516,138
142516,284979
142516,365
142516,36243
80056,26566
80056,121869
80056,104499
93796,677
93796,38231
93796,93769
33616,37008
33616,45589
33616,29564
33616,60039
33616,138
61516,61499
61516,62154
61516,44457
36916,9208
36916,26129
36916,31462
12016,6405
12016,677
12016,16427
208216,115990
208216,364979
208216,971
208216,52030
57316,88533
57316,94590
57316,8960
83716,112171
83716,42419
83716,8402
16456,138
16456,14662
16456,33411
9676,24015
9676,138
9676,137188
29296,43615
29296,138
29296,188176
36436,49591
36436,106570
26176,42419
26176,69633
256,100924
256,247
256,3830
256,100448
256,533
91576,123356
91576,1715
91576,56245
91576,88
91576,12062
2837,113613
2837,249
2837,48869
2837,164626
7697,13202
7697,53538
7697,352
7697,12924
150197,299233
150197,179507
150197,171183
201497,223
201497,3158
201497,201498
201497,30934
146297,88844
146297,36583
146297,146296
22397,60587
22397,11192
22397,119082
378977,14662
378977,299192
378977,14602
194837,138
194837,18284
194837,74915
194837,151803
194837,19174
130937,1988
130937,315085
130937,63808
130937,88
64097,32032
64097,88
64097,328383
24137,52466
24137,25580
24137,28088
24137,8755
24137,52476
120077,32972
120077,78140
120077,88
9797,17929
9797,8385
9797,36280
9797,18429
16877,817
16877,10
16877,2236
141557,42402
141557,6855
141557,5686
222977,36351
222977,67399
222977,112886
222977,24804
339917,311519
339917,209768
339917,33480
27617,86585
27617,46049
27617,58514
27617,3089
428597,428598
428597,67223
428597,309591
263597,88
263597,30230
263597,39909
5597,78408
5597,38627
5597,28911
5597,76180
5597,88
138557,54220
138557,138552
138557,73485
128238,163712
128238,113431
128238,88464
128238,61953
128238,128237
103518,83597
103518,50040
180978,4201
180978,17903
180978,2163
180978,32287
64578,138631
64578,85021
6798,5918
6798,6836
6798,138
60138,4545
85698,78985
85698,101156
38658,6544
38658,760
38658,994
38658,50578
24378,6855
24378,83844
24378,70800
26718,3794
26718,59198
26718,123956
26718,41524
26718,352
140898,80
140898,89
140898,16737
140898,761
30318,5918
30318,138
30318,4201
10518,22452
10518,2280
10518,12753
10518,4005
54198,43763
54198,66854
54198,1322
54198,68863
63978,352
63978,162552
63978,62190
678,4201
678,26120
678,32287
678,2163
68298,116541
68298,151177
68298,59383
68298,100507
96258,36224
96258,219595
96258,184363
103458,1426
103458,52972
108558,85221
108558,38227
108558,310383
108558,108553
335778,80148
335778,12425
335778,12311
10638,172070
10638,9892
10638,88
10638,677
10638,29564
266058,266059
266058,248184
266058,52413
68958,90180
68958,90185
68958,45319
25278,18898
25278,28890
25278,80751
19159,18223
19159,91721
19159,31224
19159,5037
119959,1205
119959,30021
119959,26152
119959,54265
65779,11192
65779,138
44539,265136
44539,3185
44539,154444
174139,11571
174139,8417
174139,290070
66319,206
66319,249
66319,42343
66319,106910
68839,69484
104719,118757
104719,132904
104719,202196
104719,8784
104719,85409
104719,88533
62959,33411
62959,27718
62959,69537
62959,35474
4339,20369
4339,10679
4339,2199
4339,1982
16459,7569
16459,69537
16459,14662
50119,4137
50119,39769
50119,511
50119,12753
50119,5918
64879,45501
64879,249
64879,3477
64879,26679
291199,78549
291199,73231
291199,80516
291199,360428
49579,48716
49579,49582
49579,32032
49579,49587
77839,13747
77839,1269
77839,52964
77839,31992
59539,1031
59539,33443
59539,80554
11959,404357
11959,210867
11959,65389
11959,11564
109879,7569
109879,144621
109879,42920
109879,7592
13219,1665
13219,132959
176779,219595
176779,40795
176779,174253
979,1
68059,1104
369979,59544
369979,353160
369979,60798
369979,27404
369979,59541
369979,59545
301099,60798
301099,59541
301099,242866
19,22966
19,88
19,138
19,9731
19,107836
67399,99935
208159,176924
208159,49443
208159,49470
36945,26763
36945,133532
36945,22663
36945,18942
36945,3335
64665,36216
64665,57093
54225,128779
54225,67581
14805,10234
14805,177652
14805,1818
14805,479
140985,24602
140985,42640
140985,12161
140985,6148
140985,84817
140985,140988
73845,142519
73845,31843
73845,55964
73845,31818
73845,68362
312765,154750
312765,66890
312765,73781
16965,151359
16965,58845
16965,6081
5205,70281
5205,202161
5205,77227
34665,46291
34665,138
34665,18388
99645,156949
99645,30743
99645,1808
14025,44457
14025,43948
14025,68362
93765,39716
93765,48157
93765,1205
70185,70191
70185,63605
70185,70188
70185,1247
70185,10
70185,25304
58965,99625
58965,220
58965,252
58965,266
58965,256
58965,45152
8025,39748
8025,138
8025,13643
8025,173252
36105,211
36105,57225
36105,66261
36105,11139
43185,43170
43185,20
43185,43143
219525,5676
7965,135332
7965,18981
7965,30526
102645,110402
102645,151743
102645,48869
118305,163184
118305,74411
118305,68096
118305,235558
86985,86139
86985,125331
86985,365
26085,218651
26085,186008
26085,122687
26085,169616
69165,166538
69165,2580
69165,90407
60526,113638
60526,60527
60526,111687
60526,113639
7486,4201
7486,365
7486,35325
7486,37761
7486,29616
358966,396377
358966,88
358966,394390
44386,6042
44386,2010
44386,29525
44386,379
257986,128275
257986,171167
257986,107507
257986,68303
257986,54229
74266,11211
74266,108197
360106,16466
360106,62904
360106,33443
153706,31504
153706,259629
26806,80420
26806,4403
26806,26657
26806,8005
1486,1337
1486,138
1486,1024
17446,29763
17446,115895
17446,1137
17446,17411
143146,23320
143146,6295
29146,6374
29146,15450
29146,48793
29146,88215
29146,25491
105466,65678
105466,78451
105466,7569
238246,11549
238246,216
238246,47650
6166,292862
6166,10647
6166,148858
1006,1005
1006,20484
1006,138
1006,28057
83146,317797
83146,124147
83146,82496
83146,125669
83146,78671
19186,365
19186,18107
19186,69
11866,1469
11866,2199
107506,26753
107506,73059
107506,66860
107506,65972
20386,8398
20386,408
20386,51244
20386,5733
20386,44609
129466,1793
129466,73227
129466,46923
129466,219425
886,762
886,893
886,892
393826,106
393826,228993
13126,2185
13126,10818
146267,101856
146267,201157
146267,129183
10007,86258
10007,10149
10007,2250
10007,10177
347,2480
347,8586
347,27952
15767,6544
15767,12094
15767,7766
179507,179470
179507,150300
179507,235635
49667,122520
49667,43909
49667,40225
19787,65181
19787,29984
19787,11720
19787,8271
19787,15119
68087,48628
68087,85771
68087,126575
68087,13151
68087,69173
66047,32287
66047,5686
159107,28097
8747,16730
8747,73380
6107,27575
6107,60481
6107,14801
6107,138948
6107,56
6107,1808
6107,1982
21467,6303
21467,15590
21467,333
21467,1443
21047,56771
21047,39241
21047,34797
6047,10795
6047,135529
6047,1205
6047,18311
160487,325248
160487,325251
160487,76165
160487,325254
60827,202798
60827,6088
60827,60821
60827,6089
159827,52509
159827,97055
159827,3836
159827,104322
42647,2590
42647,261679
42647,121714
42647,74585
62927,14890
67607,35210
67607,35711
67607,30991
67607,65678
162767,144129
162767,78925
162767,162764
62087,25094
62087,138
55967,138
55967,33751
55967,24028
134567,138
134567,72518
134567,124655
6587,18253
6587,2367
6587,45704
6587,30
96707,249
96707,138
68927,94436
68927,78293
68927,42
68927,81468
72167,2480
72167,352
72167,15185
72167,3549
26807,34452
26807,408
26807,14991
4487,82438
4487,4500
4487,4528
26928,54447
26928,42932
26928,90213
88608,59436
88608,7279
88608,131791
88608,55644
88608,13393
59208,2427
59208,3798
59208,138
59208,352
258948,1896
258948,2703
258948,311775
78528,4910
78528,47020
78528,14584
78528,53973
78528,14590
162828,6971
162828,40124
188088,56631
188088,341992
188088,258169
1068,9731
1068,760
1068,138
1068,2109
36468,13024
36468,8402
36468,18678
36468,88
36468,138
301248,65832
38748,4137
38748,45416
38748,61837
45648,5256
45648,85691
45648,45646
19968,105782
19968,74139
19968,57316
19968,35325
86148,13442
86148,8005
86148,8303
86148,1426
46368,10
46368,181398
202728,55680
202728,38172
202728,42930
202728,67553
40788,61499
40788,104554
35688,16662
35688,49784
35688,35681
35688,24477
52848,2837
52848,126353
52848,40225
243108,237146
49668,11844
49668,51742
49668,88
101388,263951
101388,113792
101388,101330
101388,263946
101388,35325
150648,6089
150648,7008
150648,150649
54528,5636
54528,13187
54528,36867
54528,898
201948,26538
201948,21203
201948,13258
201948,2356
