155642,9481
155642,22855
439805,2567
439805,88
439805,8268
137647,550
137647,597
137647,5
137647,1988
129642,104085
129642,50203
129642,36554
9481,44133
9481,16604
9481,42679
9481,138
5,9648
5,555
5,69
5,1315
1988,4201
1988,38328
1988,50896
1988,139218
1988,26129
1988,213160
550,365
550,14932
550,9180
550,5982
550,138
50203,134698
50203,195496
50203,74942
352,3549
352,8005
352,408
352,25883
352,308
1,5
4201,99935
4201,26120
4201,103549
74942,31256
74942,41594
74942,56680
365,1
23406,20273
23406,4201
23406,15628
15547,11075
15547,112640
15547,26377
15547,760
15547,36633
69,308
69,1850
69,25387
69,500
69,5
3549,17507
3549,12753
3549,88
10690,8200
10690,21450
10690,6495
128770,54200
128770,88
128770,78289
128770,11991
128770,109628
144911,68000
9731,71901
9731,14822
9731,34748
26129,3873
26129,7427
26129,31462
45209,6317
45209,52737
45209,138
45209,1971
45209,23162
12750,1982
12750,88
12750,4201
53550,38002
53550,138
211,3008
211,2480
211,82707
213160,408
213160,12928
213160,88
213160,11880
24400,38311
24400,12057
26922,46615
26922,301
26922,23255
26922,2854
26922,14241
26922,45501
1063,142
1063,1095
16604,20256
16604,38002
49200,10495
49200,12928
49200,92438
49200,78213
49200,11895
47280,42900
47280,10822
47280,93183
51900,2131
51900,1237
51900,24400
51900,1665
13740,1190
13740,25887
13740,138
54960,202902
54960,80069
54960,39417
481,379
481,41869
481,555
23162,2480
23162,1443
23162,333
23162,9746
14822,9731
105902,17278
105902,440
22742,61221
22742,42679
22742,138
22742,365
1982,4824
1982,8398
1024,138
1024,6355
1024,3962
21486,46590
21486,88
21486,19347
4026,1746
4026,1728
4026,30112
4026,3549
6,4005
6,18272
308,1168
308,2427
308,88
34748,2250
34748,9731
34748,9621
34748,138
3008,211
3008,26824
3008,14199
3008,37019
109628,128770
109628,68000
44289,37176
44289,43683
1469,42350
1469,1618
1469,91394
1469,2077
2250,39542
2250,5593
2250,28853
2250,47543
2250,9731
21450,31423
21450,677
21450,8005
46590,17507
46590,3979
46590,21486
46590,15844
38311,628
38311,3566
38311,2062
38311,14399
760,2099
760,10
760,1290
56680,175467
56680,102314
56680,58539
56680,74942
56680,63482
8200,1105
8200,408
8200,1254
8200,1264
20200,43835
20200,138
20200,53406
5622,17221
5622,189393
5622,89676
5622,146581
3762,88
3762,48928
3762,1988
193842,51261
70302,77721
70302,11895
70302,10213
24413,1426
24413,97053
24413,16762
20273,14977
20273,88
20273,155971
57060,138
57060,25953
57060,2295
57060,41869
2940,485
2940,2007
2940,211
2940,885
9180,138
9180,74929
9180,81529
42900,47280
42900,69626
42900,69608
63482,14093
63482,56680
63482,51054
1322,3116
1322,10655
1322,746
1322,30098
542,7427
542,38328
542,1469
542,518
542,2480
782,8211
782,19128
782,515
782,8522
782,26397
43742,1
78242,68000
78242,69237
78242,88
39542,2250
39542,99733
39542,39540
3962,10
3962,14
3962,147
38227,38225
10927,17175
10927,4201
10927,48199
10927,468
32287,140057
32287,44719
32287,110568
3969,956
3969,485
3969,1907
3969,20894
249,234
249,110870
249,110851
249,110845
249,107338
159429,88
159429,108607
80069,10647
80069,20007
80069,138
1290,760
1290,2676
1290,4290
26250,1793
26250,119067
26250,36537
26250,72867
126571,97719
126571,9460
126571,26120
126571,48473
1591,308
1591,25680
1591,70392
1591,41869
155971,677
155971,39887
155971,15518
155971,14109
155971,74766
155971,39899
66751,111415
66751,74021
66751,170953
2671,88
2671,138
2671,55386
511,31462
511,26129
2131,51900
2131,760
79300,47799
79300,14822
79300,112211
79300,32118
36280,8385
36280,77259
36280,10923
89740,188856
89740,99935
89740,81995
89740,83518
40960,71049
40960,138
40960,70259
40960,62937
101,379
101,24114
101,555
14801,1982
14801,7445
14801,14880
14801,12040
14801,15143
95561,36290
95561,43379
95561,5422
95561,13740
95561,1031
7961,335
7961,352
7961,301
202902,107660
202902,138
202902,365
42,24
42,1279
42,1426
42,308
75102,61353
75102,190025
75102,138
75102,43615
762,30154
762,30139
762,29112
762,36796
762,456
108882,8709
108882,315839
108882,352
3944,119563
3944,10
3944,6034
3944,42
3944,2778
68564,22792
68564,4450
68564,159800
68564,88
404,365
404,138
404,8266
93949,1
1369,7427
1369,2744
1369,97760
1369,72367
43129,67474
43129,352
43129,27536
43129,37176
69113,20894
69113,1988
69113,12597
28853,138
28853,8398
1793,1031
1793,9731
1793,1767
1793,7396
49673,113358
49673,76989
75423,90295
75423,46530
75423,84887
2163,7905
2163,10917
2163,139218
2163,408
51123,5686
10923,8398
10923,19204
10923,45137
10923,13052
10923,26129
29163,8550
29163,46682
7923,523
7923,11235
7923,17507
99425,90299
99425,22576
99425,18033
59945,88
59945,31850
59945,31327
33245,6426
33245,137505
33245,408
33245,352
51785,66238
51785,523
51785,2512
1205,105572
1205,301
1205,5989
1205,44401
1205,1206
68945,69237
68945,54200
38225,38227
38225,132287
38225,119727
38225,38235
38225,38231
74585,138
74585,13854
74585,365
74585,86853
485,2480
485,47040
485,41869
78245,68000
78245,77068
78245,69237
78245,43742
222305,37341
222305,108607
23105,1443
23105,308
23105,2427
6371,1767
6371,13740
6371,7427
6371,1168
6371,29176
12731,24301
12731,12710
12731,100708
12731,69260
38711,66341
38711,149546
1031,5444
1031,1793
1031,5625
49031,20200
49031,80316
49031,43835
19271,16708
19271,98111
6851,2099
6851,13030
6851,24337
6851,272418
38891,95885
38891,46698
38891,46537
38891,38328
31391,47280
31391,47229
31391,75915
31391,134479
31391,11211
97889,6855
97889,59077
97889,59739
97889,3883
97889,138
629,8129
629,8154
629,1305
7409,138
7409,124414
7409,16676
7409,365
7409,45137
7949,408
7949,88
7949,10917
7949,8398
7949,53954
79409,25887
79409,127039
79409,145013
79409,357904
67649,35923
67649,1426
67649,8298
67649,32009
67649,133581
12629,48793
12629,21921
12629,80410
23969,118682
23969,18079
23969,109972
23969,11043
5669,36905
72569,46527
72569,12949
29191,19191
29191,32118
29191,52298
29191,14871
110851,269
110851,249
98791,32098
98791,138
98791,57112
98791,66011
27811,365
27811,7427
27811,26129
153820,1823
153820,11192
4660,25521
4660,1823
4660,1322
25420,5562
25420,36909
25420,396
25420,282353
25420,165348
25420,2741
31720,1005
31720,8755
31720,64270
31720,8811
1840,25140
1840,35151
143680,101362
143680,104595
143680,159141
143680,55925
9460,126571
9460,8030
9460,1369
12040,18575
12040,23194
12040,1322
12040,14801
12040,1982
220,677
220,32426
220,11880
220,2185
220,762
144042,4728
144042,11895
144042,2250
204102,170952
204102,170938
204102,245805
91602,24766
91602,352
91602,44391
29802,27362
29802,2989
29802,22582
146742,11891
146742,16293
146742,172131
146742,192740
30162,39421
30162,18107
30162,7691
30162,5252
582,14944
582,8186
582,8463
582,45048
582,1426
11922,50796
11922,86852
11922,26365
11922,27510
128382,365
128382,11895
128382,88
128382,29802
41802,54280
41802,14890
41802,21321
148852,138
148852,8005
148852,88
2512,12710
2512,138
2512,70393
2512,98897
2512,43273
43732,123233
43732,1800
43732,137365
43732,43738
195772,73109
195772,10822
230332,274
230332,253872
230332,126355
91500,59818
91500,94921
91500,204672
91500,94907
47040,18635
47040,523
47040,9351
47040,533
1020,16604
1020,138
1020,2295
1020,1322
26820,12158
26820,3549
26820,352
42360,385
42360,1426
42360,19582
2280,110177
2280,121845
2280,365
11880,88
11880,5163
11880,75079
11880,1988
11880,677
11880,187577
1800,12738
1800,9774
1800,9731
1800,112913
25140,1322
25140,1840
25140,88
25140,25157
26400,59648
26400,40097
26400,13643
26400,56
9540,26120
9540,4201
9540,69
9540,20873
43320,1426
43320,5274
43320,17226
43320,440
168243,2515
168243,1331
168243,23385
4743,2042
4743,92410
4743,59689
4743,94894
11043,23969
11043,88990
11043,4201
11043,4005
222303,2244
222303,222305
222303,108607
222303,222304
54903,1
69063,74397
69063,65817
69063,15034
45783,128965
45783,5686
45783,1190
45783,247964
45783,118401
1443,4302
1443,1928
1443,138
1443,623
1803,13740
1803,5686
1803,49767
1803,1190
2463,123798
2463,21386
2463,25698
2463,26634
2463,352
17343,3549
17343,75158
17343,12062
17343,15325
17343,352
35827,4201
35827,88
35827,8398
35827,11998
111967,1190
111967,138
111967,5686
87907,81915
87907,19540
87907,6855
87907,138
87907,41759
2947,715
2947,385
2947,1322
40867,14954
40867,44838
40867,22506
75547,4055
75547,57362
75547,389
75547,50048
73027,4290
73027,13650
73027,29954
4447,1243
4447,4450
4447,4467
4447,4464
115687,158407
115687,45634
115687,308068
31327,35606
31327,33707
96847,52066
96847,42176
36909,4201
36909,5676
36909,25415
36909,209904
36909,25420
46929,1
71709,35559
71709,4440
71709,39406
58389,138
58389,11620
58389,977
58389,49447
189,1559
189,7890
189,73878
18129,81429
18129,4262
18129,60477
18129,3566
18129,26120
18129,4201
56889,74330
56889,68408
56889,46527
56889,68681
56889,42684
22989,1036
22989,87419
22989,762
22989,27359
22989,18311
22989,7072
22989,8398
65409,3830
65409,38012
65409,2869
65409,1426
65409,2889
65409,234
47229,8398
47229,78008
47229,66201
108909,128830
108909,194450
108909,74139
74969,2055
74969,1292
74969,335
78869,163615
78869,70375
269,85702
269,26842
269,32755
449,1
46469,117353
46469,18575
46469,26530
46469,2363
113249,105959
113249,50576
113249,113247
100229,74139
100229,31256
100229,31532
100229,34726
100229,31305
8129,8169
8129,13152
8129,629
8129,18011
8129,32700
23369,31625
23369,23297
23369,5810
23369,2109
44609,95516
44609,64494
44609,8398
35909,207506
35909,2395
35909,27510
35909,16427
35909,176875
69929,26753
69929,26057
73109,50909
73109,37191
73109,56305
13950,138
102090,78047
102090,254326
102090,319207
102090,138266
215970,9481
215970,173312
215970,91116
215970,20326
27510,196545
27510,86852
27510,11922
8550,29163
8550,189133
8550,115326
8550,114932
10110,28981
10110,80516
10110,80554
54210,26753
54210,73248
54210,66837
54210,99924
810,4576
5550,54476
5550,112097
5550,2109
5550,42402
46530,39697
46530,68419
95610,56357
95610,95725
95610,211154
95610,10647
95610,138
95610,86853
15450,3990
15450,10987
10410,4992
10410,138
10410,10399
36340,77436
36340,10944
36340,32828
54280,4201
54280,96979
54280,85937
209200,139756
209200,107338
209200,90107
209200,101713
91120,219790
91120,22820
91120,20200
91120,20194
91120,68445
41200,46590
41200,2163
243880,308068
243880,275835
243880,115687
280,7898
280,352
280,211
280,10606
280,308
19540,56325
19540,36637
19540,18393
76540,138
76540,308
76540,77920
25300,1871
25300,88
25300,74158
11020,29984
11020,19672
11020,34452
11020,6544
43420,43500
43420,138
51341,42900
51341,13740
2921,100924
2921,3863
2921,38711
2921,3830
19841,1137
19841,9405
19841,994
66341,38711
66341,249
73601,202042
73601,4408
73601,25415
73601,183539
2141,18107
2141,138
2141,6317
2141,29039
10901,165806
10901,150050
10901,50928
10901,19204
10901,13052
167681,42287
167681,88
167681,56399
167681,121760
167681,31337
167681,31843
236261,1
47441,13643
47441,14996
47441,2676
47441,308
1062,365
1062,2671
1062,88
1062,78
1062,301
38082,22564
38082,22966
38082,9774
38082,38067
153342,120485
153342,61817
153342,50796
42402,2515
42402,290
42402,14476
10542,7445
10542,1454
26682,252
26682,68710
57112,138
57112,36219
57112,301
52,41869
52,25395
52,69
52,29805
185212,26120
185212,56537
185212,19204
19672,19364
19672,292337
19672,1322
106432,138
106432,183539
106432,216
106432,45996
106432,5650
68932,67736
68932,70549
68932,138
68932,88
283972,184098
283972,288204
283972,302738
283972,107518
6112,1337
6112,43322
143632,69939
143632,4201
143632,138
31192,11107
31192,88215
31192,9590
31192,12699
61852,11917
61852,27510
61852,44494
61852,4137
61852,55027
48832,48842
48832,48847
48832,48852
48832,385
48832,48833
109972,26120
109972,4201
109972,23969
33472,39515
33472,86376
33472,40307
128392,5136
128392,26152
111780,88
111780,148374
111780,365
108840,73832
108840,33255
108840,219297
108840,15574
1200,5
1200,8338
36660,24804
36660,5252
36660,1373
36660,97545
43500,43420
43500,43435
43500,7961
267420,7592
267420,73810
267420,101202
267420,54313
16560,24009
16560,3335
16560,19819
16560,352
16560,782
337080,2839
337080,4336
337080,13437
337080,29138
63840,108749
63840,30934
63840,65742
63840,93861
41640,138
41640,27575
41640,36981
41640,30021
41640,47891
41640,6014
40860,102805
40860,2671
40860,2420
273780,20200
69060,69774
69060,66854
69060,68000
7560,23194
7560,408
7560,4201
7560,1982
65880,15643
65880,98915
65880,318583
65880,92509
18120,157080
18120,41265
18120,104493
157080,3419
157080,155355
157080,2153
157080,1247
139980,43273
139980,8902
139980,8603
139980,33138
62760,105861
62760,62756
75360,1
25622,67296
25622,52298
25622,18284
25622,11399
57362,11353
57362,14822
57362,75547
57362,12816
7262,48471
7262,48442
48302,48312
48302,98973
48302,8398
48302,48292
48302,10446
184982,677
184982,16708
184982,36660
184982,93664
18722,52
18722,179091
18722,2698
18722,42588
193862,120208
193862,10
193862,5551
7862,629
7862,408
7862,29984
7862,1322
100202,52788
100202,538
100202,169567
100202,26510
100202,3495
36302,10298
36302,36276
36302,5189
36302,23018
602,3566
602,7373
602,628
63842,35440
63842,292
63842,16344
63842,12738
48842,48832
48842,25304
48842,88
39902,1818
39902,1031
39902,20798
39902,80516
130982,1343
130982,2670
130982,2989
126182,149925
126182,88
126182,116930
126182,194450
270182,10927
270182,138
270182,86071
270182,8398
169862,138
169862,139863
169862,19904
169862,2676
13442,1190
13442,468
26282,6014
26282,5918
7322,5810
7322,45828
7322,46827
7322,7304
34324,58433
34324,11620
34324,90082
5284,7427
5284,468
5284,31192
57064,352
57064,2580
57064,45065
57064,125221
11104,150544
11104,3781
83224,65059
83224,39241
105724,127966
105724,43669
8224,1971
8224,33954
8224,138
14404,88
14404,1982
90486,54973
90486,277665
90486,137686
90486,26120
90486,8398
90486,41233
59586,46698
59586,66525
17226,84
17226,1895
52566,84448
52566,45961
52566,5188
52566,8619
75066,20566
75066,550
75066,8583
75066,36358
75066,85752
133146,149715
133146,29176
133146,8398
133146,138
35166,1957
35166,7963
35166,35950
666,747
666,4391
666,88
115326,352
115326,6014
115326,138
115326,48441
115326,1205
16086,8398
16086,10917
16086,8154
137106,2199
113226,2844
113226,155318
113226,163941
113226,249
107346,45488
107346,1882
107346,88
4830,27796
4830,2199
4830,26129
13650,994
13650,2077
13650,48287
13650,6527
150390,23401
150390,11581
150390,179243
150390,147203
40950,67736
40950,70549
40950,69237
7890,436
7890,41854
7890,461
7890,221
283110,110402
283110,45501
283110,90213
283110,220070
4230,408
4230,88
4230,8005
4230,30427
11790,43835
11790,46721
11790,46664
19290,46590
19290,36739
19290,17803
3990,1168
3990,66156
3990,202
3990,88
178531,113577
178531,41759
178531,27404
178531,27378
14431,35151
14431,2042
14431,138
13831,103517
13831,38296
13831,3397
28231,29505
28231,44266
28231,74993
28231,9685
28231,42095
33751,9731
33751,8755
33751,24156
33751,74470
153931,11895
153931,352
153931,62905
153931,4201
85771,67736
85771,138552
143851,408
143851,18079
143851,677
143851,10711
109471,230290
109471,33601
109471,128469
109471,56470
29311,29257
29311,2363
29311,26530
57451,52476
57451,28097
61051,8005
61051,10446
29071,1511
29071,36558
29071,29055
29071,29059
81211,81222
81211,45828
81211,20056
81211,21506
81211,189201
90811,1665
90811,25130
90811,22034
22051,220
22051,2698
22051,2014
22051,23214
22051,31319
22051,25094
78391,78387
78391,171258
78391,78388
78391,220
34836,1168
34836,479
34836,69
77436,142433
77436,23660
77436,112886
40596,2163
40596,32287
40596,158296
31656,28097
31656,8755
2316,8186
2316,645
91116,121989
91116,192028
91116,22851
13776,113792
13776,365
13776,18107
9456,9731
9456,4101
9456,20798
11556,51341
11556,13740
11556,9731
11556,7427
144336,82357
144336,1988
144336,162530
144336,9241
136536,24812
136536,4463
136536,10641
136536,136537
136536,1270
276,15573
276,84293
276,11763
276,37761
45996,5643
45996,10
45996,5676
26076,13321
26076,73231
26076,13740
26076,52120
47736,4201
47736,2644
47736,45476
47736,100493
118420,33751
118420,206242
118420,30493
118420,56021
118420,82496
159520,11192
159520,11571
159520,26250
3460,4349
3460,6282
3460,14735
3460,23829
3460,2222
7660,19745
7660,56339
7660,12975
7660,7905
38740,17607
38740,10609
38740,29505
95380,56880
95380,73610
95380,5686
95380,181762
2740,120543
2740,35661
2740,165348
2740,36854
140740,54355
140740,39515
140740,56680
11620,58514
11620,29462
11620,34324
11620,138
18040,468
18040,18033
18040,88
77920,317
28000,155355
28000,164771
28000,22883
28000,155433
8320,1586
8320,1322
8320,27664
46721,22792
46721,16604
46721,46537
46721,46698
246401,382164
246401,19113
246401,6081
246401,107750
5561,41204
5561,55867
5561,86842
5561,204409
169121,1503
169121,7428
169121,7922
169121,21985
2981,352
2981,3399
2981,2976
2981,19529
68681,61221
68681,44651
26381,199064
26381,48142
101501,110402
101501,16137
101501,249
34181,72603
34181,33458
34181,16449
34181,34178
7781,5423
7781,16768
7781,9127
2501,5918
2501,44391
2501,4728
8021,4259
29981,19804
29981,34292
29981,210261
29981,19808
29981,210260
150409,9754
150409,103253
150409,117256
72469,126575
72469,82112
72469,39877
72469,54200
72469,68853
2869,2889
2869,104322
2869,65409
228289,39769
228289,88
37009,138350
37009,42
37009,138
37009,51444
39589,137106
39589,18678
39589,46773
39589,22666
134989,12462
134989,88
134989,126013
26269,27664
26269,5918
43909,112699
43909,2854
155929,95516
155929,147021
155929,77831
72949,232070
72949,8976
72949,26498
19069,31462
19069,25724
19069,69626
6529,4201
107400,3979
107400,43688
9360,237634
9360,24585
9360,247964
9360,382055
208500,150197
173220,64943
173220,1999
9300,21331
9300,9292
9300,13321
9300,4941
211380,246612
211380,7274
211380,215160
41700,25685
41700,3008
184560,52905
184560,135375
184560,96985
184560,208159
184560,42176
41100,29537
41100,138
115560,57366
115560,163615
115560,232195
65940,84217
65940,41806
189180,93
189180,220
189180,9704
189180,677
73320,82108
73320,73329
73320,160487
73320,77049
73320,73319
193020,193019
193020,2851
193020,66319
193020,106317
191700,308
191700,45621
191700,172682
191700,77801
191700,357
3840,28462
3840,26928
3840,161502
37440,37761
37440,38328
37440,7427
37440,17175
99300,44343
99300,219595
99300,71918
99300,41894
99300,36224
293100,46998
293100,53371
293100,107023
30360,2199
30360,156702
22560,19623
22560,14932
56880,95380
56880,5205
56880,82042
67440,72130
67440,43481
67440,38346
67440,19804
30181,308
30181,49828
22681,13429
22681,5189
22681,172769
22681,147021
22681,103708
99181,105232
99181,4909
99181,107199
65161,166870
65161,21595
65161,26198
65161,139317
171781,511
171781,347
171781,13768
171781,12539
45961,4624
83461,31462
83461,2014
83461,308
32341,88
32341,130905
32341,9676
32341,762
32341,555
119641,16708
119641,29984
119641,29773
119641,56290
119641,34452
119641,17803
48481,33949
48481,10081
48481,355150
48481,61535
6121,43273
6121,2778
6121,2199
6121,138
47281,27561
47281,16598
65881,191965
65881,39515
65881,51054
1921,6979
1921,1823
1921,555
1921,9685
1921,1369
3781,30353
3781,14171
3781,30340
3781,30360
21781,88
21781,13747
21781,107346
21781,100492
21781,4760
8161,408
8161,18393
8161,103712
8161,8005
1441,1369
1441,22966
1441,2744
1441,2094
1441,2199
11881,3994
11881,138
11881,5123
11881,13501
23401,4201
23401,26120
76981,19370
76981,365
2644,2940
2644,88
2644,1275
2644,2654
10444,352
10444,408
10444,12753
57784,5857
57784,11211
57784,17507
171064,172365
171064,21880
171064,26254
51244,15844
51244,69
51244,4201
51244,44609
51244,36637
252364,352
252364,44022
252364,8005
252364,8398
252364,46590
16444,352
16444,107873
16444,79721
17164,102090
17164,112127
17164,582
36304,8385
36304,36300
36304,36280
127324,247
127324,3253
127324,106973
127324,40225
127324,68713
127324,2889
68704,3863
68704,2854
68704,102641
154924,677
154924,70832
154924,134503
131704,352
131704,98512
131704,77903
131704,138
274384,166035
274384,103057
274384,272294
31084,35606
31084,28097
31084,35325
11884,38328
11884,11866
11884,41557
57844,134929
57844,85752
57844,155795
57844,57824
11344,18866
11344,11318
11344,59717
11344,1988
11344,19851
11344,11308
904,909
904,8114
904,385
904,7858
31504,64822
31504,24146
31504,153706
31504,126404
1804,85351
1804,112913
1804,22582
1804,9731
176704,66350
176704,249
176704,352
150544,677
150544,17446
150544,211
150544,1426
30427,300944
30427,3393
30427,320368
30427,4230
30427,48319
46267,702
46267,5224
46267,12847
10267,58978
10267,90931
10267,61499
28567,138
28567,5686
28567,13643
126247,147811
126247,10985
126247,20893
126247,137558
126247,1896
286207,177322
286207,104137
8887,8976
8887,14922
8887,71968
8887,36192
9127,159620
9127,9208
9127,26120
9127,39029
9127,24747
55867,138179
55867,12689
55867,47563
55867,2141
55867,472
64027,70012
64027,1426
270547,104499
270547,66224
270547,4821
151927,182788
151927,325610
151927,119157
151927,215295
151927,393373
102067,2854
102067,249
102067,2901
102067,247
102067,45497
46687,26129
46687,93765
46687,38891
222307,26377
222307,352
222307,3549
57247,95943
57247,3549
57247,13442
57247,1793
43507,138
43507,44022
43507,24914
43507,207735
169567,42561
169567,88
169567,64097
49567,1971
49567,15450
133207,12016
133207,184071
133207,4137
133207,11912
133207,5585
66860,74492
66860,66854
115940,143890
115940,18079
115940,3549
115940,352
27740,63712
27740,33277
27740,57451
27740,150922
27740,48059
27740,48069
62600,43753
62600,39902
62600,28783
7400,6017
7400,5224
7400,518
7400,86009
68420,39697
68420,44408
159620,10927
159620,4376
159620,88
159620,20014
66680,1005
66680,61321
66680,180297
89060,5857
89060,138
29420,138
29420,5918
29420,1036
109040,158929
109040,45052
109040,11895
109040,88
39020,209408
39020,34088
39020,12366
39020,96530
39020,6231
71240,138
71240,69205
71240,257894
71240,4201
163700,144853
163700,67223
163700,106383
163700,81586
71780,1
16520,65303
16520,14553
16520,22631
16520,60036
16520,85698
42920,109879
42920,109806
76820,26129
76820,365
76820,468
76820,11998
65540,35121
65540,182526
65540,123529
65540,52213
183380,48793
183380,70287
183380,9572
183380,7961
183380,762
23660,98402
23660,48362
23660,32811
26240,677
26240,82961
26240,6089
26240,67399
65789,4543
65789,4479
65789,4011
49229,160817
49229,145881
49229,97375
45149,9509
45149,140895
45149,140898
45149,372
45149,2854
92249,26842
92249,228
92249,2844
92249,2905
92249,103221
89,9540
89,21220
89,2778
89,5
89,2199
52049,9653
52049,1237
19529,619
19529,17331
19529,93
19529,352
4109,25359
4109,4094
4109,24410
4109,4101
85409,71968
85409,8784
175769,301844
175769,189931
175769,74397
66869,68024
66869,68318
66869,88
26549,957
26549,93
26549,11907
104729,5249
104729,55019
104729,50119
104729,16259
104729,1651
4349,12084
4349,2691
4349,41278
4349,83716
68309,66854
68309,68083
21569,1443
21569,28057
21569,7377
21569,83415
131069,1941
131069,8163
131069,156571
131069,11682
131069,26806
86849,107712
86849,5561
29,5
29,3399
29,3402
154709,84794
154709,2137
154709,32
154709,1144
80249,56631
80249,40270
80249,28097
80249,82123
108749,11895
108749,26250
108749,120517
108749,31391
5189,25398
5189,9180
5189,5205
5189,18107
3810,2427
3810,5116
3810,468
3810,365
111690,385
111690,50982
111690,138
28050,1006
28050,65356
28050,68839
28050,69044
69690,92990
69690,160331
69690,66858
69690,74282
11550,78030
11550,203695
22470,42900
22470,10822
22470,77085
22470,29879
22470,93174
3270,1292
3270,13501
3270,11881
3270,3425
39510,52476
39510,56071
39510,39515
39510,33472
90210,26920
90210,54447
90210,138
42930,242033
42930,83224
42930,138
17310,11659
17310,8005
17310,45860
102870,6405
102870,30866
102870,96235
22710,22717
22710,333
22710,41127
105630,2837
105630,138
105630,101715
184470,67062
184470,138
66270,48670
66270,38451
66270,45319
83010,69693
108271,67736
108271,138
21331,21326
21331,301
21331,44283
21331,9300
21331,4941
104671,110845
104671,104519
104671,54476
17671,18107
17671,1982
17671,44609
17671,14801
131791,1971
131791,52
131791,4156
131791,88608
62851,88
62851,26530
62851,2412
73231,26076
73231,9731
73231,291199
73231,80516
86071,14871
86071,8618
86071,44287
49591,208216
49591,52919
49591,151887
49591,52905
22891,138
22891,22893
282751,67223
282751,67165
282751,24914
282751,138
49831,408
49831,45319
49831,67165
49831,66270
49831,70393
49831,67223
27151,50549
27151,13227
27151,96371
27151,41413
123571,13516
123571,1369
124291,15380
124291,249967
124291,93949
124291,10299
124291,151029
117811,17253
117811,6873
117811,24565
117811,3510
117811,45319
28531,33601
28531,7592
28531,33441
28531,33458
28531,37975
41380,138
41380,18165
28060,65834
28060,15034
28060,69774
28060,69678
263020,95039
263020,52355
94840,301
94840,1988
94840,20592
227380,88
227380,9704
227380,365
9340,45319
9340,66270
9340,10912
9340,3969
138520,45694
138520,80068
138520,10726
138520,182380
23680,20200
23680,20256
23680,43835
116620,36558
116620,297185
116620,232666
116620,243286
102820,107323
102820,160138
102820,58814
99280,42900
99280,45621
99280,11895
99280,645
99280,13321
26920,49673
26920,35442
26920,54447
26920,555
76000,206
76000,24137
76000,292
42640,19411
42640,2694
42640,140985
42640,64149
16420,25916
16420,2010
131080,138
131080,73224
131080,2676
131080,88
11740,6172
11740,2250
11740,408
11740,32427
66100,65920
66100,33537
66100,18107
66100,365
66100,92603
9292,14542
9292,13321
9292,301
9292,90125
9292,9300
292,1005
292,138
292,8755
112312,13475
112312,37035
112312,37105
112312,72846
32032,52815
32032,11634
32032,966
154552,138
154552,312489
154552,677
154552,51639
48292,138
48292,88
34732,7373
34732,138
34732,38311
34732,7427
64132,154444
64132,2676
64132,268017
472,19582
472,37150
472,1971
472,7886
52972,75534
52972,21486
52972,7937
52972,8158
53632,138
2992,26233
2992,156003
2992,41869
2992,352
26092,19887
26092,59739
26092,12928
26092,26098
12832,37176
12832,27536
12832,29176
12832,108602
12832,2306
341992,188088
16972,5810
16972,11235
16972,11211
16972,16598
16972,17507
277972,166998
277972,6971
277972,7592
131212,19370
131212,8398
131212,252460
131212,26120
111113,140629
111113,111114
111113,88
5393,9754
5393,333
5393,13740
5393,138
2153,26120
2153,15844
2153,67133
2153,58514
84293,276
84293,156571
84293,11763
84293,352
170093,13241
170093,29334
170093,43615
170093,149595
170093,13255
1373,129385
1373,16713
1373,5802
1373,42410
1373,3549
893,886
893,436
893,456
893,2670
122093,285937
122093,259787
122093,138
74993,46863
74993,44266
74993,1426
142433,49949
142433,112503
142433,24804
142433,98382
142433,77436
35933,11756
35933,18152
35933,3549
35933,10
248933,1
29513,54435
29513,69162
29513,70402
29513,2141
3053,55558
28493,74465
28493,30966
100493,220
100493,45472
100493,619
30353,762
30353,352
7793,12057
7793,1322
7793,38658
7793,138
164633,36916
164633,86522
164633,175687
115253,10753
115253,408
115253,3549
115253,36308
58433,138
58433,151887
58433,32045
58433,204144
29640,29299
29640,41068
29640,79261
29640,11472
68700,45177
68700,138
68700,105966
68700,206
13020,88650
13020,511
11340,555
11340,28981
11340,14822
64680,301
64680,36216
64680,8928
64680,23587
50100,1031
50100,5686
309720,265613
309720,369562
309720,304007
215160,202039
215160,5636
215160,211380
215160,215156
122520,66328
122520,3858
122520,38679
3720,55027
24060,138
24060,71709
24060,66394
24060,3979
15000,1254
15000,25039
15000,16877
15000,43667
86640,8960
86640,138
86640,57316
86640,109527
5820,994
5820,21506
5820,1705
90180,24804
90180,8398
90180,16013
90180,4201
179280,117735
179280,74132
179280,59972
45540,39748
45540,124955
45540,1665
104340,12462
104340,12440
104340,12475
104340,88
70620,188466
70620,30189
70620,100277
70620,82697
26100,1031
26100,78549
26100,26098
4560,352
4560,1322
4560,4500
15720,1322
15720,352
15720,6544
3540,18717
3540,3969
3540,1907
3540,25
97620,23618
1144,127815
1144,6608
1144,39791
4564,76454
4564,9786
4564,4201
122224,12366
122224,128918
122224,107240
80464,48163
80464,85258
80464,162347
80464,88610
34264,128437
34264,20990
34264,206244
204244,131539
204244,30230
204244,101132
49924,112506
49924,98383
49924,23660
49924,48362
49924,123089
18784,3008
18784,3798
18784,44821
11164,10559
11164,224587
11164,27811
11164,619
153844,8603
153844,36216
153844,8709
130504,234
130504,16319
130504,26682
68944,66892
68944,88746
68944,67736
68944,15034
4624,31128
4804,4105
4804,163524
4804,4070
81724,25904
81724,7691
81724,81718
81724,50632
81724,112232
106324,762
106324,1247
106324,301
106324,138
484,9152
484,41869
484,1999
484,3944
484,39456
139324,108197
26164,88
26164,365
26164,11998
26164,11895
154444,268017
154444,44539
154444,18575
76984,138
76984,365
49564,133688
49564,184515
86704,157376
86704,41894
86704,86689
52204,58978
52204,63202
52204,63123
1564,1458
1564,43288
1564,9731
1564,115528
80825,53902
80825,116144
80825,62161
50285,88
50285,35325
50285,31337
50285,80864
84185,12928
84185,27519
119105,119106
119105,68154
119105,121129
119105,73817
119105,10113
73925,167795
73925,69237
73925,138
73925,67736
73925,88
104945,1
9965,77308
9965,90227
9965,49215
9965,88
74465,117696
74465,6971
74465,33453
74465,31004
63605,1
90185,16092
90185,83435
90185,35841
90185,19117
90185,68958
90185,16103
88565,6199
88565,106761
88565,124856
30185,13644
30185,50518
16745,4201
16745,352
16745,137840
16745,8005
16745,32427
35405,209983
35405,8398
35405,1426
132005,2042
132005,44446
132005,14584
124085,216
124085,217635
124085,6496
42005,73386
42005,95105
42005,8960
42005,86640
50645,27266
50645,2356
50645,11907
50645,29267
77525,138
77525,133544
10985,126247
10985,49063
10985,9356
10985,1426
52505,185976
52505,4526
52505,1895
52505,34746
52505,503
85745,12731
85745,143559
85745,47280
85745,51393
85745,200968
5585,88
5585,110320
5585,1322
6785,756
6785,12057
76265,138
76265,88
76265,36192
297185,67785
297185,36622
297185,36558
297185,116620
90125,9292
90125,102792
90125,151578
3425,83538
3425,116957
79445,79430
79445,53632
69725,4877
69725,90603
69725,83765
45305,45296
45305,190210
45305,109724
45305,42679
21605,33309
21605,84368
21605,12344
38765,352
38765,308
38765,88605
38765,138
68285,138
68285,122457
68285,88
5000,1369
5000,1443
5000,5778
5000,333
7940,43795
7940,13248
7940,13808
7940,365
7940,78
62180,71560
62180,95039
62180,99053
62180,16533
111680,95090
111680,99058
45860,10722
45860,94823
45860,35745
45860,17310
45860,82965
63680,41894
63680,8723
63680,9020
63680,18388
63680,8709
156980,36224
156980,34797
52880,4279
52880,14455
4460,29564
4460,8639
4460,379
4460,4543
4460,1882
65360,68999
65360,65367
65360,2250
36500,481
36500,197597
36500,133712
227780,138
227780,301
227780,352
227780,187862
111380,112886
111380,24804
111380,21967
111380,18165
31160,126009
31160,145462
31160,31129
31160,199891
10940,90180
10940,8398
12440,3467
12440,12482
12440,86813
12440,3466
25580,1322
25580,94333
25580,91721
232400,253395
232400,74712
232400,29966
20300,20258
20300,20209
20300,114968
20300,63103
4220,4005
4220,7766
4220,760
134420,138
134420,8398
134420,6855
60680,133623
60680,9731
60680,73224
291920,70210
291920,68000
28940,994
28940,134558
28940,74929
28940,24
3449,32501
3449,172154
3449,33575
6749,45818
6749,19204
6749,164583
31949,39515
31949,86376
31949,40307
31949,52476
31949,33472
31949,4899
78809,57106
68729,103057
68729,38711
68729,101964
68729,244159
9929,29267
9929,3185
9929,352
9929,26530
9929,18575
9929,23460
109829,35210
109829,42927
109829,57339
263069,52066
263069,52877
263069,59841
68789,129786
68789,52049
68789,6608
68789,4614
94109,2141
94109,149252
94109,110017
94109,468
86009,50235
86009,13520
86009,4665
86009,404
6089,68144
6089,111759
11549,9864
11549,60512
33389,30980
33389,33399
33389,36386
33389,28455
50549,44501
50549,20668
50549,41424
3809,58504
3809,14203
172769,677
172769,18429
172769,3549
172769,13115
132929,15105
132929,32687
132929,93
132929,162841
132929,33030
33569,21585
33569,27519
33569,13520
50669,50642
50669,50660
50669,72103
47789,19414
47789,5
1709,930
1709,1228
1709,27986
69209,112196
69209,176866
118169,49701
118169,8603
118169,8928
118169,34797
299489,64132
299489,251994
12689,47563
12689,55867
12689,72912
65920,8005
65920,79774
65920,352
65920,408
2380,57744
2380,187405
2380,86774
2380,65185
73540,67736
73540,66892
73540,26753
73540,21363
1960,43046
1960,26746
1960,555
170080,77780
170080,7781
170080,677
170080,9938
39220,33443
39220,349358
39220,56399
39220,83239
39220,193296
252460,34168
252460,104427
252460,231621
252460,131212
3040,37758
3040,47949
3040,3021
53620,103525
53620,31706
53620,31838
53620,26361
47020,60426
47020,46998
47020,121157
158860,108622
158860,352
158860,10647
158860,8398
21880,1793
21880,81266
7540,13854
7540,31256
7540,15632
7540,31084
44800,3798
44800,352
44800,94810
26980,93
26980,1858
26980,677
26980,14780
26980,14782
182380,64610
182380,138520
71500,21278
71500,1971
71500,8402
71500,5896
13660,4204
13660,4256
31780,88
31780,59636
171760,11895
171760,35711
171760,88664
76180,78408
76180,28911
66700,36219
66700,34797
66700,255045
66700,36224
6760,25685
6760,6338
6760,85511
6760,2141
35020,21012
35020,226532
35020,233783
35020,87213
35020,40297
116080,1793
116080,5982
116080,138
201340,186457
201340,138
201340,103253
79721,7592
79721,16444
79721,34181
79721,28531
43781,119406
43781,88
51521,138
51521,150251
51521,53406
51521,42679
102641,2932
102641,66321
102641,68704
102641,100926
102641,187367
181061,88
181061,22851
181061,68445
23021,91263
23021,5744
23021,190529
23021,15054
82961,32604
82961,43025
82961,26120
82961,16103
82961,4201
58301,1808
58301,13442
71141,98865
71141,27900
71141,138
15161,6502
15161,2654
15161,1275
15161,86071
15161,146007
102221,247
102221,249
102221,54474
102221,51738
222041,302342
222041,230575
222041,146282
21701,43902
21701,35909
21701,21705
54161,1793
54161,232070
54161,63528
54161,36426
54161,13854
54161,59162
101141,56711
101141,206
101141,16452
101141,14584
14981,97545
14981,89036
14981,8398
14981,14968
101381,116408
101381,82567
101381,103253
101381,48869
2861,23255
2861,101718
2861,43909
30881,88
30881,32643
30881,26120
43481,73641
43481,133581
43481,16826
43481,143299
134381,46074
134381,193404
134381,64793
72103,11481
72103,43521
72103,28651
72103,88
134503,408
134503,86230
134503,4464
134503,8005
134503,352
4543,1879
4543,4290
4543,4022
4543,6544
28783,166991
28783,97475
28783,9731
82123,14057
82123,80249
82123,1005
231883,8069
231883,37596
231883,75721
231883,62428
107023,55964
107023,104905
107023,293100
324343,317
324343,51337
324343,44719
324343,3502
177523,133790
177523,208165
177523,208187
2263,1337
2263,99884
2263,13854
2263,34616
76783,29407
76783,67129
76783,138
76783,3990
76783,1971
23323,23297
23323,74018
23323,9731
196963,138
196963,280353
196963,308
196963,69194
33823,133078
33823,22681
33823,33807
403,555
403,19142
403,645
47563,12689
47563,55867
47563,533
47563,301
47563,138
7423,2010
7423,91
7423,5011
7423,25388
78823,95462
78823,70223
78823,77049
78823,112215
10903,86016
10903,12158
10903,3549
10903,352
10903,408
32383,33807
68323,66869
68323,104087
68323,260847
68323,26753
206083,83694
206083,118080
206083,3549
47443,1
185323,4909
185323,28097
185323,324321
185323,112097
463,1
3169,99625
3169,15286
3169,38713
23269,271367
23269,88
23269,2837
23269,86644
67609,33458
67609,6951
28009,138
28009,299124
28009,169567
15889,1322
15889,8282
15889,54665
15889,38873
15889,718
18229,28783
18229,276
18229,18114
96709,38713
96709,43909
96709,249
289489,138
289489,10
289489,1971
13789,13771
13789,13764
13789,242485
13789,10772
107809,41806
215149,192995
215149,107481
215149,129434
215149,101343
215149,192998
37489,33177
37489,14025
37489,67721
37489,19148
25489,38762
25489,33194
25489,246613
25489,15346
25489,24907
529,4201
529,8618
529,66719
158749,68218
158749,215149
158749,103054
158749,101709
158749,102731
110629,2908
110629,101718
110629,68704
110629,74709
110629,108285
13429,96326
13429,19540
13429,20007
13429,71671
123529,59250
123529,377899
123529,35345
123529,65540
123529,16351
123529,14602
86689,50063
86689,65059
86689,86704
86689,8828
140629,88
140629,111113
158929,185251
158929,582
158929,26250
158929,1031
3049,1554
3049,16196
3049,3021
365569,31224
365569,14602
365569,95216
365569,37489
40669,88
40669,511
40669,12462
40669,1988
40669,4201
49969,49937
49969,10959
49969,98402
49969,60847
39049,9218
39049,39081
39049,9212
39049,77336
73789,162793
73789,88
73789,1283
73789,46
17569,107253
17569,26076
17569,16950
17569,1443
17569,13740
118253,184693
118253,102471
118253,106993
99053,19148
99053,196117
99053,19572
99053,16533
99053,24028
13553,26120
13553,4201
13553,20007
16313,101511
16313,53018
16313,2676
37793,54280
37793,34352
59873,160730
59873,199410
59873,160751
7973,34685
7973,762
7973,308
7973,1443
102473,125095
102473,89833
102473,48178
18893,6199
18893,4201
18893,146534
31793,288088
31793,56798
40193,116957
40193,71049
40193,145316
9833,138
9833,365
9833,162814
9833,13854
9833,70174
9833,479
13313,6374
13313,5
13313,994
13313,45617
13313,1315
13313,1999
211133,3365
211133,6544
116213,60613
116213,14590
116213,34910
116213,35295
10433,10452
10433,4201
10433,44870
10433,56537
251333,538
251333,20228
251333,537
251333,750
22193,26510
22193,408
22193,79347
22193,555
22193,677
46433,15467
46433,6759
46433,10061
46433,12026
46433,88
46433,12013
17213,10927
17213,1988
17213,51155
17213,91932
31733,35325
31733,28097
31733,55964
31733,52476
106973,38694
106973,55544
106973,103738
106973,108460
106973,2869
106973,38676
4973,15418
4973,168654
4973,88515
4973,11472
4973,71094
7673,2940
7673,93
7673,7683
187493,45075
187493,187489
187493,169710
187493,1284
187493,187490
88733,28659
88733,27266
88733,50682
88733,62824
88733,56135
9653,1322
9653,18575
107873,34181
107873,33601
107873,28531
107873,67553
111593,46998
111593,121157
111593,46991
111593,53973
