27554,1095
27554,88
27554,1398
27554,12988
36554,3525
36554,23123
36554,211
36554,1426
1095,174
1095,1190
1095,1063
1095,994
1095,1046
1095,15547
392214,352
392214,10299
392214,105476
392214,138
392214,3549
22855,3776
22855,21386
22855,46698
22855,91547
62895,4037
62895,23159
62895,194636
11895,49200
11895,70302
11895,58114
555,5
555,1298
555,565
555,379
1190,13740
1190,19623
4134,484
4134,17425
4134,211
4134,1511
4134,164533
1315,6355
1315,4824
1315,5
1315,1337
7452,518
7452,137505
7452,70393
7452,2480
7452,108926
164533,114443
164533,221
164533,4134
164533,301
20894,3969
20894,69113
14,1559
14,308
14,1522
14,7888
3434,138
41594,31284
41594,31305
41594,41492
41594,15643
41594,31256
11235,98111
11235,11211
11235,51261
6495,2199
6495,109931
6495,39993
6495,64065
6495,29879
2055,138
2055,29537
2055,479
26377,7698
26377,224844
26377,46590
26377,1747
39697,46698
39697,36290
39697,38227
39697,95930
16598,13643
16598,17507
16598,14367
3998,88
3998,13813
12710,16598
12710,93949
5390,89619
5390,8030
5390,9648
1850,7445
1850,69
1850,6317
1850,18416
3951,25491
3951,2940
3951,3399
1971,9152
1971,2671
1971,7079
1971,597
93174,93183
93174,42900
93174,47280
93174,69626
17875,365
17875,14890
17875,138
46615,46895
46615,46897
46615,26922
6355,1315
6355,2035
6355,5
6355,7445
163092,46527
163092,138
163092,68585
163092,42679
20293,68585
20293,22851
70393,41869
70393,138
5593,2250
5593,2712
5593,5582
5593,5669
13813,3998
13813,13811
13813,88
13813,1988
10213,13321
10213,29407
91394,138
91394,1469
91394,2077
6374,78190
6374,28468
6374,6560
54435,152923
54435,41869
14235,79882
14235,84291
14235,1840
136130,153791
136130,12731
136130,183393
136130,141362
8030,1454
8030,1031
8030,2031
42350,32287
42350,1469
42350,2776
42350,11107
95930,48679
95930,29163
95930,38230
95930,9465
36290,29163
36290,6979
79671,3549
79671,37803
79671,17507
79671,677
11211,11235
11211,31391
11211,11224
11211,35813
11211,8005
22851,22861
22851,68585
22851,113238
22851,68445
25491,480
25491,109994
25491,3951
25491,221
11571,58269
11571,34761
11571,425376
11571,112362
25494,301
25494,1458
25494,702
345534,5224
345534,69113
345534,3969
1254,677
1254,1260
1254,352
4675,2427
4675,1686
4675,15361
4675,185863
10495,59739
10495,300140
10495,11895
10495,222399
4992,28419
4992,17639
4992,10410
4992,138
4992,3883
16092,19204
16092,69397
2712,138
2712,1158
29112,9731
29112,85351
29112,40859
70392,12261
45972,57648
45972,19204
45972,32287
45972,98310
159433,20117
159433,12949
159433,42679
159433,44133
159433,22727
129973,72367
129973,11895
129973,1168
129973,43742
170953,204102
79993,4201
79993,35827
79993,138
79993,8398
127693,29191
127693,138
99733,308
99733,39542
38234,42588
38234,1205
38234,5793
89714,5733
89714,81995
208754,130454
208754,85864
1454,1443
1454,8030
1454,1322
1454,10542
1454,1808
164534,114443
164534,9590
164534,114446
164534,221
164534,3011
109994,25491
109994,48793
109994,9572
77114,69678
77114,9672
77114,88
96734,42360
96734,677
96734,217784
164594,138
164594,9180
164594,13854
164594,236355
2295,26002
2295,8186
2295,1315
17175,26120
17175,45137
17175,89805
17175,138
17175,365
81915,54890
81915,138
81915,113778
81915,87907
81915,44848
6855,1031
6855,19772
88215,29879
88215,25724
88215,13142
88215,35813
88215,2199
35415,2179
35415,619
35415,11998
35415,5541
329055,88
329055,365
329055,46590
181095,138
181095,11192
181095,32287
70238,13520
70238,352
70238,138
70238,41511
698,15844
698,5390
698,47040
698,555
998,1369
998,2295
998,2306
998,1024
13058,37761
13058,6167
13058,8005
13058,35827
4718,645
4718,4201
4718,14890
4718,2306
4718,4022
24338,1
2918,249
2918,26682
2918,285
67178,93183
67178,97375
67178,47280
67178,16676
30098,2940
30098,352
30098,34117
30098,308
30098,1322
95618,89878
95618,177266
95618,245002
95618,45392
95618,5686
1478,78008
1478,50928
1478,89805
1478,26129
15518,39887
15518,677
15518,20014
15518,13768
74330,20256
74330,20200
74330,42679
9590,42095
9590,44211
9590,20798
9590,108322
19550,308
19550,352
19550,4835
19550,15450
19550,141411
110870,249
110870,248
110870,43905
110870,62756
110870,4628
37490,14057
37490,63482
37490,46983
37490,14093
30230,2164
30230,28097
30230,7533
5810,46805
5810,46827
5810,7304
2630,77
2630,253
2630,1754
35390,18107
35390,93959
35390,37761
41511,4201
41511,29805
41511,8266
41511,511
41511,13520
2031,8030
84291,308
84291,3549
84291,29159
84291,14235
74031,22727
74031,39697
74031,16604
74031,88
74031,46698
8211,40107
8211,352
172131,16293
172131,10606
172131,221
132351,7285
132351,19887
132351,782
145671,11192
145671,6855
145671,86329
145671,26250
23034,365
23034,4290
23034,63440
23034,96135
23034,1982
23034,7905
41334,138
41334,4824
69594,12699
69594,10213
69594,51341
51054,352246
51054,14093
51054,63482
51054,82236
234,3167
234,65409
234,65424
94374,56889
94374,66525
3534,385
3534,37685
3534,3008
3534,31462
4614,9672
4614,28977
4614,1454
24114,120234
24114,5005
24114,126013
24114,104603
43615,72428
43615,1322
43615,29257
111415,42679
111415,45296
111415,128601
76795,45828
76795,17507
76795,8398
76795,42446
225055,190106
225055,619
225055,8298
40075,17221
40075,20579
2035,6355
2035,138
2035,34616
2035,66167
97375,6855
97375,77721
97375,55377
2515,168243
2515,1443
2515,42134
2515,23162
9672,42
9672,2708
9672,6374
22452,352
22452,22457
22452,3549
22452,138
22452,2427
253872,52509
253872,97055
16452,479
16452,138
16452,57112
170952,68446
170952,60490
170952,9481
170952,20276
170952,20227
77772,11224
77772,7922
77772,69
147132,11178
147132,51256
147132,147139
147132,73722
64032,14880
64032,50918
64032,12847
64032,115616
64032,62814
5713,1158
5713,666
5713,11107
48793,1
43273,6121
43273,3798
43273,139980
43273,133623
106993,108909
106993,126182
106993,74139
106993,118253
54973,56537
54973,185212
54973,26120
126013,134989
126013,92603
126013,163302
126013,24114
126013,148374
60013,33751
60013,18223
60013,50796
60013,101613
30493,99378
30493,138
30493,36224
30493,57112
232753,73050
232753,645
108133,47280
108133,93183
108133,138266
253,18575
253,23996
253,3944
163213,1279
163213,1988
163213,88
94094,138
94094,29407
94094,13740
94094,81608
130454,365
130454,11998
58514,11620
58514,137106
58514,1850
53954,468
53954,13768
53954,88
53954,9458
6074,5708
6074,677
6074,885
6074,1310
14954,44838
14954,555
14954,148923
14954,3425
14954,22506
14954,404
6014,1205
6014,301
6014,38234
6014,5793
22034,93902
22034,13643
22034,1665
22034,69554
22034,89772
25094,88
25094,2014
25094,30077
25094,9340
25094,22051
27314,4201
27314,26129
27314,106570
66854,71756
66854,68843
66854,69060
255494,93
255494,30799
255494,3237
255494,10808
5654,6855
5654,5676
104595,14399
104595,68939
104595,13950
38235,9465
38235,38224
38235,26381
3795,2463
3795,88
3795,440
25395,54425
25395,48864
25395,67133
73635,35166
73635,88
73635,130545
147015,352
147015,3549
147015,10715
155355,157080
155355,9131
155355,2744
155355,136010
12735,13058
12735,69397
12735,4005
12735,20369
12735,18079
75915,2250
75915,26250
75915,9754
75915,31391
1995,130271
1995,323
1995,3237
1995,138
1995,885
236355,4201
236355,408
236355,1988
96135,11728
96135,67631
96135,1736
96135,23034
68083,71355
68083,82095
6463,80516
6463,296773
6463,95943
14323,10
14323,2676
14323,85336
14323,26657
14323,14324
58603,523
58603,15380
58603,48656
58603,28957
236143,246401
236143,40582
236143,9892
35923,77812
35923,677
35923,6544
1243,46
1243,84
1243,1228
38563,43863
38563,94921
38563,38627
128863,138
128863,1982
1310,2199
1310,138
1310,7427
1310,7905
38030,26682
38030,2348
38030,234
194450,74139
194450,106993
194450,126182
273590,352
273590,762
3410,11111
3410,500
3410,316
3410,28231
47690,83679
47690,8005
47690,1988
181430,146842
181430,146834
181430,83101
181430,178703
73610,138
73610,58269
73610,95380
73610,111415
224870,53139
224870,232835
224870,219131
224870,337080
224870,136976
5150,33954
5150,3969
5150,1036
44391,44022
44391,15573
44391,6317
44391,38234
44391,72546
75111,23865
75111,17507
75111,8005
75111,88
75111,26120
75111,4201
35151,5088
35151,66983
35151,655
44211,17507
44211,94671
44211,9590
44211,15995
471,19142
471,21486
471,8005
471,88
471,173913
471,408
139371,352
139371,62635
139371,42
11331,18107
11331,138
11331,29191
14871,8335
14871,27505
14871,7164
14871,23095
19191,29191
19191,14890
19191,270182
42171,28404
42171,138
42171,29039
42171,88
8811,18223
8811,8765
8811,1005
8811,8755
69774,66831
69774,67736
69774,65834
69774,69098
8154,16086
8154,8005
8154,629
8154,408
55554,9754
55554,9731
55554,2444
55554,38067
9774,74585
9774,7396
9774,6796
9774,9731
9774,2527
22434,408
22434,67474
22434,4515
13854,9180
13854,38335
13854,98180
102954,67474
102954,98033
102954,18878
61794,100708
61794,130899
61794,88
173334,677
173334,47710
173334,91143
33954,138
33954,33956
33954,13854
33954,100783
33954,9180
2094,28614
2094,1441
2094,88
2094,21278
90295,37341
90295,75423
90295,38580
90295,16604
15115,13187
15115,2595
15115,150476
126355,230332
126355,249
287575,71336
287575,77078
287575,72265
287575,28063
287575,54215
287575,70550
8755,1005
8755,16619
10795,4201
10795,182489
10795,3477
10795,2480
10795,136237
4435,3205
4435,280
4435,6496
4435,206
52255,61221
52255,1426
52255,44143
53215,1031
53215,1767
53215,9731
53215,41599
62215,40307
62215,39515
62215,107199
174655,247391
174655,518
174655,88
177355,1793
177355,23685
177355,8898
177355,164
23515,15632
23515,15579
23515,81893
23515,8723
6295,333
6295,2433
6295,2414
6295,998
68408,16604
68408,61221
68408,20200
5708,1559
5708,84293
5708,19370
5708,11763
74048,138
74048,156135
74048,156146
93008,1982
93008,128292
16688,1078
16688,59201
16688,8514
81608,8618
81608,138
32828,36340
32828,248933
32828,49915
2708,10559
2708,9672
2708,33771
50048,138
50048,56305
50048,75547
50048,39858
80528,34761
80528,48142
80528,46923
80528,146384
96728,167063
96728,57112
96728,146120
96728,138
36308,115253
36308,210961
36308,408
36308,3549
69788,68000
69788,43742
69788,77068
59648,88
59648,138
59648,151506
59648,352
89168,20200
89168,38002
89708,49215
89708,142580
6608,25521
2348,88
2348,138
2348,308
48852,48843
48852,48846
48852,38386
48852,48832
1692,4011
1692,1718
1692,1322
1692,24015
252,301
252,249
252,102067
252,228
149832,11192
149832,37230
149832,11235
149832,15874
8472,44401
8472,92184
8472,7285
8472,1586
8472,21829
91932,159620
91932,286868
91932,81718
9552,66201
9552,90259
9552,4201
99072,39515
89772,30531
89772,8256
89772,1591
89772,352
89772,22034
101592,18311
101592,138
101592,6374
101592,2163
13152,37761
13152,37721
74352,51433
74352,1988
74352,27872
74352,8402
492,138
492,7427
492,26129
492,10577
115032,3008
115032,22328
108372,108369
108372,28419
108372,42171
108372,71854
108372,28394
34452,8398
34452,13643
34452,32783
296773,6463
296773,236177
296773,10647
296773,6872
7813,3549
7813,16928
2173,404
2173,30181
2173,13520
2173,1988
39853,29191
39853,11318
144853,38458
144853,100547
144853,181335
144853,163700
13933,145316
13933,11895
136993,73578
136993,7937
136993,19066
136993,208055
136993,26240
19813,19804
19813,96093
19813,88
19813,19819
19813,2077
43753,1
26233,113095
26233,25054
26233,408
41233,13321
41233,69626
41233,26120
243553,277466
243553,413527
243553,300295
973,13020
973,308
973,511
973,468
86893,42679
86893,16604
86893,61221
1633,1322
1633,555
1633,108197
9373,46805
9373,18906
9373,163524
9373,24410
189133,1205
189133,5793
189133,67057
101713,66350
101713,2921
101713,38711
101713,3830
184933,352
184933,138
184933,677
184933,31128
79693,62154
79693,50271
614,166121
614,137480
614,10726
614,184963
614,49994
45374,27664
45374,55077
45374,318823
65774,21321
65774,4062
65774,4201
146834,352
146834,16972
146834,3549
146834,9305
44474,32783
44474,119641
44474,13643
53054,301
53054,67955
53054,138
53054,24804
69554,20468
69554,83582
69554,22034
69554,352
111734,4134
111734,67118
111734,8065
111734,41100
2414,4824
2414,1586
2414,1369
16994,44661
16994,8398
16994,45972
16994,10039
35894,3549
35894,12738
4514,13779
4514,4528
4514,4479
4514,18942
3794,2559
3794,30360
3794,139442
3794,3798
65834,73329
65834,69774
65834,73320
52514,45501
52514,3012
52514,52509
52514,182307
58814,138
58814,13740
58814,39961
29954,202
29954,12666
29954,138
29954,994
24914,110117
24914,43507
24914,100551
24914,37676
84794,42
84794,154709
84794,138
84794,174716
6555,13650
6555,69
6555,1879
158655,174
158655,29059
177315,184470
177315,185978
177315,185976
177315,185977
1275,2644
1275,15138
1275,15185
37815,20056
37815,47568
37815,81298
37815,37803
37815,3549
37815,45828
140895,45149
140895,2854
21375,2459
21375,27536
21375,8005
21375,352
21375,138
47355,408
47355,518
47355,88
47355,24804
2595,232753
2595,201308
2595,93902
71355,68083
22755,29812
22755,42679
22755,104499
22755,46664
22755,16604
82095,69285
82095,83010
82095,68083
82095,71355
4515,4201
4515,155241
4515,60135
4515,29176
222135,88
222135,43742
222135,113596
222135,138
222135,365
30495,41594
30495,106773
30495,31267
30495,31256
275835,119067
275835,292144
275835,92494
275835,115687
149715,29176
149715,7194
149715,8303
149715,149718
12097,28567
12097,25943
136237,39542
136237,10795
136237,72399
136237,182489
161377,158892
161377,18114
161377,208167
161377,42419
69397,10917
69397,16576
69397,8398
54217,75356
54217,54200
54217,109628
54217,69237
68317,77067
68317,95462
68317,77068
1837,1274
1837,45656
1837,1042
36637,19540
36637,51244
162757,69343
162757,149917
162757,352
40297,40307
40297,62215
40297,39515
18037,39774
18037,86258
18037,173220
18037,18033
18037,179243
156817,89259
156817,16533
156817,19148
68617,20194
68617,128601
35437,23519
35437,31843
35437,68362
35437,118420
10177,143381
10177,154341
28957,18874
28957,138
28957,58603
120517,171911
120517,26250
120517,11192
15590,333
15590,29888
15590,4479
15590,29876
15590,29879
4370,205416
4370,19347
4370,125605
4370,47281
69830,68672
69830,164771
69830,33807
69830,138
163970,206
163970,762
163970,2799
163970,10
70550,67736
70550,70549
70550,299708
54890,81915
54890,138
92330,138
92330,39081
92330,3053
53930,365
53930,26129
53930,103557
35210,117696
35210,37159
35210,9731
35210,16444
113630,2014
113630,28419
113630,43352
113630,14721
66350,2889
66350,38711
66350,176704
66350,100924
38690,3167
38690,138
38690,2676
7850,28241
7850,7854
7850,1322
7850,11008
329510,71243
329510,167791
138050,73810
138050,105237
95690,36304
95690,87521
8930,26498
8930,33751
8930,73386
251510,8898
251510,80516
251510,26076
290,3021
290,6231
290,3434
290,1337
3830,100924
3830,2889
3830,247
3830,100448
38451,66270
38451,45319
38451,55222
52431,73576
52431,762
14991,44474
14991,34452
177111,108386
177111,32341
177111,3979
5691,25705
5691,45024
5691,60345
5691,88087
2331,17671
2331,14801
9351,29036
9351,45319
9351,88
94671,31411
94671,220
94671,44211
59031,62937
59031,187953
59031,53110
24771,77305
24771,29039
24771,120208
24771,4830
64911,121412
64911,170861
64911,7427
66831,54205
66831,72531
66831,69774
37191,56305
37191,73109
37191,18874
37191,365
21294,37440
21294,56305
21294,25521
21294,76413
82074,6
82074,93
82074,91957
5274,43320
5274,440
162654,5676
162654,9180
162654,352
162654,138
24954,8186
24954,45621
24954,22328
24954,25705
24954,2480
83274,191690
83274,42920
83274,27288
93654,16013
93654,59096
93654,677
93654,13437
158334,7691
158334,64270
158334,30230
158334,33283
62814,88
62814,29984
62814,26549
62814,69554
64494,408
64494,352
64494,16708
64494,44609
64494,12030
64494,3969
79074,8755
79074,6855
79074,243493
79074,56399
71094,44258
71094,260589
71094,146411
28614,28615
28614,756
28614,28618
28614,28619
174954,167679
174954,222736
174954,102471
174954,14570
5635,69646
5635,138
5635,3969
5635,352
52015,111543
52015,133691
52015,29257
52015,134426
32755,45998
32755,11740
32755,10
115135,110402
115135,138
115135,2819
115135,105966
51355,81608
51355,25724
51355,19117
51355,10081
36115,1971
36115,30493
36115,138
36115,32098
8635,29876
8635,48687
8635,24978
8635,962
86035,27789
86035,352
86035,56951
86035,10647
86035,54903
37135,49238
37135,232607
37135,27568
37135,199509
37135,16343
38335,61535
113095,26233
113095,1283
113095,81972
2395,1
15175,38762
15175,34897
15175,6527
15175,117183
15175,6555
62635,29375
62635,131069
62635,25883
62635,108622
655,5088
655,645
655,69993
8335,1718
8335,103821
8335,138
143875,4201
143875,18079
143875,5733
163615,75459
163615,115560
163615,78869
180475,61953
180475,11895
180475,11998
21595,39171
21595,57977
21595,65161
21595,10267
23095,73109
23095,98033
23095,4201
70375,3979
70375,538
70375,2199
201308,385
201308,67346
201308,1871
201308,2595
353048,46590
353048,4526
8,69
8,88
8,308
8,555
8,13643
109508,159520
109508,26250
43688,97085
43688,36224
43688,265390
43688,45638
8828,138
8828,33394
13988,32182
13988,1718
13988,1237
13988,1995
25868,6069
17648,28940
17648,3814
17648,909
95648,126398
95648,133775
95648,12699
45488,301
45488,20662
45488,138
45488,1988
69188,67736
69188,72261
69188,65817
69188,71243
19508,6017
19508,10
19508,408
47528,9241
47528,77336
47528,518
14648,52476
14648,14057
14648,49172
14648,28097
14648,37494
248,102186
248,108885
248,108894
248,108890
20348,42679
20348,74330
20348,61221
20348,20200
286868,10927
286868,9797
286868,112602
44408,48142
44408,39697
44408,46698
44408,88610
19148,44457
19148,5037
19148,33954
16328,116080
16328,40478
13088,89805
13088,19254
13088,14782
13088,73082
147308,35442
147308,3858
147308,113672
100448,3830
100448,247
100448,6268
100448,2889
19088,80068
19088,11763
19088,352
6552,88232
6552,2744
6552,629
3012,110402
3012,249
3012,2822
3012,138
65832,301248
65832,26753
65832,88
65832,277610
75912,100294
75912,86230
75912,10213
75912,80516
13392,54422
13392,138
13392,49567
13392,48864
128292,9590
128292,80683
128292,86552
128292,6855
128292,1793
94632,3549
94632,3798
94632,655
94632,677
138552,68083
138552,138557
102972,677
102972,352
102972,74783
102972,857
81672,194761
81672,12710
81672,144754
81672,98897
55932,26682
55932,2918
66732,138
66732,42679
66732,22792
109572,9180
109572,138
109572,263814
103872,13764
103872,160468
103872,54489
103872,151350
103872,238745
137412,150430
137412,262888
31992,1322
31992,1237
31992,77839
123312,36243
123312,99645
123312,138
123312,32098
372,1315
372,1982
19572,31949
19572,4877
19572,28097
81972,19204
81972,47229
81972,2199
47592,26120
47592,8398
47592,22210
158892,677
158892,138
158892,138158
74712,232401
74712,62760
74712,11844
74712,232400
37452,468
37452,6374
37452,15190
10452,6236
10452,10433
10452,10399
86952,18079
86952,8398
86952,3549
86952,16013
109152,106324
109152,52509
913,941
913,962
913,408
10693,32783
10693,34452
159853,68285
159853,222041
159853,146267
38893,74048
38893,26890
38893,6374
38893,677
187993,49591
187993,85937
187993,7905
187993,53620
187993,37457
172933,83139
172933,6119
172933,85401
172933,14511
135493,151474
135493,138
162553,308
162553,130748
162553,352
46933,1254
46933,16877
46933,817
200413,25420
200413,25415
200413,33954
200413,88
243493,65540
243493,79074
29773,1665
29773,63981
29773,119641
138613,172879
138613,106510
138613,130956
138613,371852
138613,83224
138613,50218
54313,99935
54313,11998
54313,4201
54313,365
54313,518
139513,762
139513,248873
139513,138
136093,11344
136093,115397
136093,124776
78253,1416
78253,26753
78253,66837
72193,16013
72193,36660
23653,1971
23653,23650
23653,32823
11353,172739
11353,11308
11353,127693
11353,352
89833,72795
89833,14602
89833,59412
89833,109851
89833,102473
142333,29289
142333,47443
142333,29296
1274,308
1274,138
1274,352
36854,12928
36854,36905
15674,92686
15674,13520
15674,1168
15674,25452
258314,242386
258314,258313
258314,266665
258314,258315
31394,9180
31394,69
31394,13854
8114,756
8114,46
8114,7845
8114,1228
8114,88
8114,11966
28394,115086
28394,468
28394,15450
153674,60911
153674,6868
153674,1205
153674,550
9914,8154
9914,149832
9914,629
25214,138
25214,10
25214,308
25214,88826
49994,61171
49994,44661
49994,32289
3734,22807
3734,38627
3734,46698
3734,16604
156135,17122
156135,19604
156135,220
156135,43742
156135,88
24015,9676
24015,1692
24015,14431
24015,66983
17715,142
17715,352
17715,7813
17715,408
17715,19236
258315,102080
258315,248
258315,289970
258315,54817
416415,301
416415,10
416415,2295
416415,1337
416415,138
3495,19142
3495,88
3495,8398
3495,3549
3495,408
83415,9774
83415,2476
83415,2250
33255,35405
33255,88
33255,32287
33255,11895
12975,408
12975,88
12975,7660
181335,144853
181335,151809
49215,9731
49215,140157
49215,2250
49215,9965
217635,215331
217635,87658
217635,152578
217635,211
217635,124085
106215,301
106215,33954
106215,100783
60135,4532
60135,60138
60135,4515
60135,47124
60135,33981
29055,29063
29055,29059
29055,29071
29055,29067
72518,17481
72518,134567
72518,72519
74438,74397
74438,74492
74438,118305
74438,160331
74438,66854
97598,352
97598,100094
97598,108197
97598,88119
97598,88
14078,135084
14078,52972
14078,93656
233858,42927
233858,7569
233858,242033
233858,33443
29138,3595
29138,6892
29138,5423
29138,99613
29138,39412
16898,628
16898,7798
8618,138
8618,25801
8618,14932
155318,245
155318,201871
155318,132793
155318,96709
155318,284708
23018,4201
23018,138
23018,61535
37358,308
37358,189942
37358,280
37358,19675
37358,1858
37358,25685
7898,9685
7898,65456
7898,18107
7898,408
18038,468
18038,18033
18038,518
18038,29805
240518,59205
240518,23983
240518,220
38018,249
38018,3979
38018,138
185978,114530
185978,101451
185978,52505
185978,185976
15278,33971
15278,1322
15278,4729
15278,98211
136778,3549
136778,13845
136778,677
136778,17175
136778,10753
1718,1692
1718,1728
1718,4011
45998,32755
45998,106
45998,10
45998,5676
86258,64943
86258,150390
86258,142832
86258,43273
86258,10007
23618,133902
23618,619
23618,77411
23618,29978
23618,97620
33458,34181
33458,34178
33458,40124
33458,107873
45818,3549
34178,28455
34178,34181
112358,26250
112358,352
112358,11192
112358,112362
170861,3998
170861,13811
170861,88
170861,64911
167801,167795
167801,73925
167801,69188
87521,19540
87521,64790
87521,20007
87521,138
166121,677
166121,25883
166121,614
37721,15596
37721,138
37721,3399
37721,4824
56021,121575
57101,118253
57101,324483
57101,109311
6221,645
6221,138
6221,67165
143381,3994
143381,1971
143381,163134
143381,10149
143381,8398
28241,352
28241,7850
161381,1005
161381,27708
161381,34516
10061,46433
10061,36637
10061,13244
161081,207833
161081,4201
2441,9731
2441,333
97901,3311
97901,45621
97901,2055
97901,523
67721,14662
67721,14602
67721,37489
67721,14617
35681,16662
35681,24477
35681,76656
35681,49784
941,59841
941,138
43961,19148
43961,16533
43961,116144
43961,44457
43961,4877
47030,48896
47030,29805
47030,1971
88610,48142
88610,80464
88610,39716
84410,30130
84410,20551
19370,352
19370,138
138350,26230
138350,22955
138350,37009
138350,88
232070,72949
232070,54161
191690,25680
191690,138
21710,21701
21710,13650
21710,26782
21710,5550
21710,4137
107750,8283
107750,13110
1010,5918
1010,138
1010,8618
7610,3962
7610,202
7610,1458
7610,8030
22970,72367
22970,129973
22970,7427
25130,19672
25130,69554
101330,49673
101330,82567
101330,677
95090,120925
95090,57144
95090,74195
95090,111680
121250,12847
121250,677
121250,244102
121250,56961
69230,69188
69230,69205
85910,10917
85910,51199
85910,16576
19130,2412
19130,88
19130,10399
116930,79523
9110,308
9110,352
9110,216
9110,1971
9110,523
124850,99216
124850,158664
124850,104945
124850,124876
26510,22193
26510,6813
26510,100202
24410,63605
24410,42
24410,56371
24410,619
24410,4094
162530,138
162530,11895
162530,365
162530,2199
110,174
110,1228
110,308
110,12549
1790,21467
1790,9731
1790,108522
1790,53215
1790,7396
220070,102221
220070,158749
220070,236
220070,369968
52851,230332
52851,40225
52851,80829
70191,21710
70191,56910
70191,6855
23391,138
23391,1982
23391,629
23391,43294
23391,181366
362931,10518
362931,1503
362931,317
362931,2185
33771,10567
33771,53535
33771,24378
33771,126988
33771,54059
44751,1501
44751,1454
44751,138
33411,7569
33411,7592
33411,33441
33411,57916
33411,16456
30471,17798
30471,8575
30471,15328
21111,29736
21111,21164
21111,29721
21111,29723
21111,29727
4011,11581
4011,5173
4011,1718
4011,65789
72531,66831
72531,26753
72531,138
39171,35325
39171,86985
33591,166998
33591,33389
114231,18893
114231,88
114231,66261
54291,1
100551,45319
100551,24914
100551,9351
6951,308
6951,99753
6951,43753
6951,138
48471,1274
48471,396
48471,529
48471,301
34911,34987
34911,57284
34911,138
34911,39515
43671,36224
43671,308
43671,15579
43671,71141
43671,28077
65331,68944
65331,65972
65331,21479
65331,301
179091,6868
179091,1205
101511,66778
101511,138
101511,308
148374,11998
148374,73462
148374,138
148374,365
174,1264
174,110
174,9693
174,1095
39774,2199
39774,64943
251994,93
251994,299489
251994,220538
251994,32246
251994,30185
354,138
354,308
354,352
354,2480
354,63588
7194,4564
7194,13273
7194,7164
7194,4528
7194,56304
7194,16641
7194,4507
7194,22434
185334,39261
185334,74195
185334,116785
8514,677
8514,83578
62154,63789
62154,40788
62154,62161
17094,6074
17094,10
17094,110069
17094,138
17094,151495
37494,9786
37494,4201
37494,28097
37494,55964
48954,20268
48954,16604
48954,12949
48954,46668
48954,38002
114534,38007
114534,112538
114534,193019
120354,286814
120354,179507
120354,235635
120354,171183
143634,42
143634,82775
143634,69939
143634,18143
7854,7850
7854,1305
7854,6544
201834,10987
201834,8247
18114,123119
18114,10923
18114,4348
135954,138
135954,352
135954,2480
178614,65004
178614,74195
178614,116775
178614,19159
178614,116681
148015,36669
148015,16745
148015,52972
148015,32427
65815,1044
65815,69565
65815,54200
28615,28614
28615,3121
28615,10
28615,70736
4075,3477
4075,4094
4075,6405
3115,2295
3115,9653
3115,138
3115,18575
47995,6241
47995,48091
47995,7467
221635,67165
55195,66854
55195,69060
78175,20139
78175,38574
213595,171442
213595,131069
213595,11239
213595,90181
159895,51747
159895,103057
159895,58522
164875,288204
164875,69205
164875,257894
164875,69188
94135,74929
94135,3998
94135,3103
94135,15182
169555,335
169555,6
169555,5301
169555,220
120835,85232
120835,38335
32395,65678
32395,93
32395,301
26755,468
26755,50329
26755,88
26755,67382
49915,21585
49915,88
49915,49969
49915,49026
163135,24766
163135,86230
163135,2671
163135,17104
163135,21984
112495,2889
112495,2921
112495,3830
219595,107401
219595,176779
219595,96258
219595,97089
3235,66328
3235,68700
3235,138
54355,89233
54355,137709
54355,8747
54355,19159
1855,6851
43435,1205
43435,885
43435,43500
43435,97824
300295,243553
300295,129563
2412,323461
2412,62851
2412,153764
30852,7569
30852,58583
30852,32458
30852,16449
30852,88
107712,200532
107712,25415
107712,5676
107712,161158
269292,106548
59412,56798
59412,57503
59412,116352
59412,138
380052,56860
380052,353422
7932,7937
7932,2042
7932,22678
3912,128382
3912,1596
3912,14241
25272,39666
25272,129600
25272,21386
25272,41705
25272,28853
37992,1
25452,24
25452,724
25452,709
25452,5
25452,1322
1932,36949
1932,1168
1932,45206
1932,333
85752,2141
85752,1469
85752,48275
85752,472
85752,2199
219252,352
219252,38762
219252,4526
219252,7698
116352,59412
116352,56771
116352,33751
116352,33472
13812,26371
158832,14729
158832,13640
158832,8417
158832,5252
110832,301
110832,74915
110832,7068
188052,77604
188052,26679
188052,40214
188052,52413
134352,18906
134352,606
134352,40891
134352,88
3072,94746
3072,3029
3072,3021
27432,3377
27432,1275
27432,10832
5173,4011
5173,2635
5173,15723
5173,352
26413,2427
26413,33924
26413,2940
198073,160381
198073,299132
198073,180526
77053,70217
77053,68913
77053,69066
99613,18284
99613,440
99613,63625
99613,4637
99613,99680
52213,90927
52213,119303
52213,19159
52213,65540
89233,28097
89233,16344
89233,14611
89233,8806
393373,298696
393373,43994
393373,14570
10753,180565
10753,46590
10753,201439
258313,258314
258313,7124
258313,266665
258313,258315
41413,28586
41413,24871
41413,132106
41413,28318
41413,2367
168073,298198
168073,299957
168073,347454
230833,82530
230833,72339
230833,52355
230833,211678
69733,56631
69733,64309
69733,35345
22333,67758
22333,22328
132793,155318
132793,43905
132793,26842
73213,72381
73213,69926
73213,76162
97153,6665
97153,1971
97153,13596
97153,8385
59533,59523
59533,250397
59533,43250
68713,100924
68713,38711
68713,132983
68713,38007
68713,3253
68713,2869
3253,2889
3253,247
3253,52828
3253,3830
37753,55804
37753,88
37753,55558
37753,3053
20893,106332
20893,126247
20893,14078
20893,8158
66974,352
66974,39748
7274,1971
7274,1982
7274,19873
7274,14404
201734,1
2654,22083
2654,1275
2654,38316
2654,2644
4094,74154
4094,4075
4094,4090
4094,10
110054,24156
110054,143263
110054,135428
110054,88
286814,172488
286814,337271
286814,277966
100094,1291
100094,124189
100094,110606
100094,1247
100094,18004
83174,63528
83174,39241
83174,22966
65594,72603
65594,7605
65594,7592
292394,96622
292394,274
292394,310
292394,182307
292394,51757
41894,72033
41894,115350
41894,8960
49694,113106
49694,49701
49694,9589
49694,8913
49694,72037
76454,88
76454,4201
76454,17358
27854,88
27854,10987
27854,37758
39194,321852
39194,52957
6734,40028
6734,11318
6734,21585
6734,6199
251654,181775
251654,95908
251654,217610
251654,256022
69194,69205
69194,68000
69194,196963
40214,52413
40214,45491
146054,817
146054,51757
146054,38208
146054,43667
104294,2250
104294,13740
193094,9298
193094,76919
3014,10726
3014,582
3014,100918
554,22966
554,8618
554,138
554,1036
194714,25363
194714,48842
194714,25304
4215,47128
4215,24141
4215,352
4215,7373
67695,26400
67695,352
67695,301
67695,24787
67695,158800
67695,69343
67695,13219
25515,66556
37035,138
37035,66011
37035,91388
124695,21092
124695,20993
124695,102115
124695,110457
24195,8398
24195,46590
24195,154319
24195,10647
52815,11635
52815,977
166035,159914
166035,103199
166035,100924
66855,66854
66855,70210
66855,68843
66855,69038
66855,85049
66855,65972
180015,352
180015,762
180015,6014
121575,48178
121575,138
439155,22890
439155,220
207735,816
207735,37676
207735,93
207735,43507
28455,30841
28455,33389
28455,33384
82875,11096
82875,226326
82875,3802
82875,84
82875,504
82875,59204
53535,33818
53535,10
53535,994
53535,19582
53535,7905
98175,46923
98175,1818
98175,1031
98175,83274
72795,74195
72795,101100
72795,58204
72795,31808
72795,89833
70755,352
70755,138
135375,172821
135375,87165
135375,46328
129495,49215
129495,88
129495,10213
101715,3863
101715,249
101715,100924
101715,3830
126375,59198
126375,3008
76275,1617
76275,2042
76275,206
215295,90050
215295,28097
215295,4909
235635,270278
235635,232655
235635,150300
116775,118452
116775,178614
289970,370345
289970,103271
289970,297465
277610,65832
277610,190885
277610,221777
277610,78242
58670,41850
58670,1426
58670,52
58670,60753
58670,54425
217610,150197
217610,179507
217610,172488
217610,206627
64790,10446
64790,7903
64790,10647
96530,320345
96530,324824
73790,533
73790,308
73790,20591
261890,1904
261890,220
261890,93
261890,234507
325610,283037
325610,151927
325610,62215
325610,155453
325610,39515
114530,174310
114530,52505
114530,101451
149210,138
149210,286650
149210,36558
41510,365
41510,39887
41510,20014
41510,11998
14570,16533
14570,19148
14570,28088
14570,53371
14570,55964
126590,47891
126590,6014
126590,138
33290,20937
33290,1005
33290,61705
33290,26186
10730,7789
10730,8138
10730,48
10730,2295
21350,531
21350,63605
21350,4085
62090,19148
62090,138
30531,75149
30531,8186
30531,85511
30531,2295
41631,352
41631,138
41631,24644
33651,56711
109311,34636
109311,41440
67431,78306
67431,11603
24111,379
24111,555
184071,281229
184071,6405
184071,133207
184071,138
92811,3393
92811,144564
92811,144119
92811,104426
92811,8005
6231,23704
6231,994
6231,13854
17871,20007
17871,23162
17871,216313
17871,86552
2691,629
2691,156859
56631,28097
56631,55964
56631,61724
56631,288994
98211,677
98211,365
98211,511
98211,2480
56031,28114
56031,21089
56031,138
56031,20990
32691,4201
32691,35841
32691,35813
25071,44838
25071,138
25071,12440
25071,22485
25071,468
32811,77446
32811,98359
32811,49969
32811,49915
32811,98402
8271,90821
8271,2412
8271,102046
291,555
291,26746
291,2306
109851,71990
109851,89833
109851,41953
109851,81260
14511,172933
14511,138
228591,12490
228591,84368
228591,12366
10431,10399
10431,5028
10431,53578
10431,1031
14331,138
14331,37882
14331,42679
14331,3930
101451,5530
101451,202
101451,114530
101451,1274
3471,2077
3471,25395
3471,15182
202191,56399
202191,36192
202191,138
28494,16449
28494,6971
28494,33458
29334,155534
29334,1247
29334,170093
29334,88
16434,138
16434,33073
16434,10587
16434,206
16434,2670
75534,9305
75534,365
75534,4201
11634,160876
11634,14377
111114,76592
111114,365
111114,111113
111114,88
19254,26120
19254,365
19254,4201
263814,109572
263814,138
263814,57
263814,81529
263814,301
32334,750
32334,5253
32334,25406
32334,76047
56634,132042
56634,52125
56634,58627
44514,28642
44514,3477
44514,138
101394,42900
60954,408
60954,3549
60954,10927
24294,2199
24294,217165
92154,179434
92154,2046
92154,18629
108894,192281
108894,249
145494,210903
107334,43909
107334,241930
107334,2889
107334,74723
46914,53406
46914,138
46914,43835
38574,53550
38574,20200
38574,80316
38574,38002
163134,147203
298194,298198
298194,299957
298194,236766
298194,225909
11934,11072
3414,22051
3414,25094
3414,677
3414,29
3414,2014
50514,86208
50514,218184
50514,352
166374,297762
166374,14677
166374,129994
166374,16533
26034,211
26034,817
26034,385
105954,40783
105954,30966
105954,83550
105954,7556
11635,48687
11635,172821
11635,58386
11635,32045
11635,48756
37975,37957
37975,28531
37975,127347
3595,16598
3595,518
3595,3798
3595,143606
3595,2163
13255,24874
13255,170093
13255,53574
203695,97261
203695,44736
203695,11550
203695,20719
18595,42095
18595,352
18595,30531
18595,994
45595,45658
45595,57228
45595,34630
45595,40774
57175,58996
57175,253807
57175,121157
57175,177513
57175,46998
9175,138
9175,6660
9175,8404
9175,1503
96835,7854
96835,27575
96835,13442
27295,99581
27295,45783
27295,22966
81955,26120
81955,152762
81955,18129
81955,8398
81955,88
33355,44454
33355,14602
33355,138
33355,58146
33355,14612
130795,174657
130795,88
130795,66656
98395,206819
98395,110397
98395,88
98395,130235
26515,94490
26515,42
26515,1808
26515,27910
26515,61856
26515,151506
79315,13520
79315,31462
79315,11998
8695,19936
8695,18442
8695,8607
107215,199714
107215,3830
107215,2889
68875,100116
68875,45907
202375,122314
202375,153065
202375,8603
194575,167057
194575,88
194575,14367
194575,7427
13915,11898
13915,85382
232195,85594
232195,18284
232195,14890
232195,7691
96235,18223
96235,30866
96235,102870
8575,16762
8575,16598
8575,9590
