(4640104,100)
(5913173,100)
(8780039,300)
(54325,200)
(4989504,100)
(697252,300)
(1292793,100)
(8777376,100)
(1296203,100)
(1292694,100)
(243697,100)
(60922,100)
(660414,100)
(76402,300)
(1580928,100)
(1223122,100)
(1511212,100)
(92396,300)
(73883,100)
(1511113,100)
(8820430,100)
(2608102,100)
(623398,500)
(7214713,300)
(565906,100)
(1955748,100)
(8764686,100)
(1513599,100)
(97580,200)
(566374,100)
(720480,100)
(29288,100)
(1284044,100)
(1576879,100)
(245181,300)
(134049,100)
(1381703,200)
(415182,100)
(1082606,300)
(67015,100)
(415344,100)
(23004,100)
(1380533,100)
(552360,600)
(654547,200)
(629950,100)
(91649,100)
(263244,100)
(1850492,100)
(286645,100)
(4682351,400)
(5392163,200)
(4106413,100)
(217920,100)
(1318668,100)
(6735923,100)
(239700,400)
(46108,300)
(266449,100)
(299669,100)
(1500971,100)
(1850555,100)
(8769401,400)
(692464,200)
(621426,100)
(1911755,200)
(1196349,100)
(4164428,100)
(19847,500)
(421211,100)
(476086,100)
(405976,100)
(2143423,100)
(515037,500)
