(1314263,100)
(743590,100)
(4404464,100)
(214803,100)
(416179,100)
(196011,200)
(681977,100)
(432973,100)
(293347,300)
(2771342,100)
(408259,100)
(4193658,100)
(1501337,100)
(677125,400)
(292474,300)
(3231575,100)
(3061556,100)
(1691102,100)
(934976,100)
(1061877,100)
(496469,3600)
(262800,500)
(1294644,100)
(497323,100)
(4229630,100)
(70748,200)
(47357,100)
(3084777,100)
(2174813,100)
(726760,100)
(2792114,1100)
(6898308,100)
(4414328,100)
(259165,400)
(1510328,100)
(1548138,100)
(620424,100)
(1947852,100)
(620280,300)
(456751,100)
(214795,300)
(2422114,100)
(64088,100)
(8781530,200)
(8770064,500)
(1219124,200)
(3105250,100)
(238294,100)
(1228809,100)
(2701051,11800)
(4629609,100)
(3113413,100)
(43900,800)
(4852872,100)
(5346684,100)
(1063028,200)
(16171,300)
(696863,200)
(103130,200)
(1849068,100)
(1589502,100)
(4026310,100)
(2421674,100)
(3043934,400)
(1509906,100)
(482554,200)
(10357,100)
(4029254,100)
(946793,700)
(2620367,100)
(187237,100)
(644491,100)
(672139,200)
