(516236,600)
(4258183,200)
(53012,200)
(1850584,200)
(694752,100)
(194513,200)
(1637837,100)
(1506977,100)
(4989236,100)
(443354,200)
(1159072,200)
(8780941,100)
(1389905,200)
(432699,200)
(893607,200)
(63345,100)
(257054,300)
(4214929,100)
(621239,200)
(46849,1000)
(176153,100)
(2249969,300)
(3383446,200)
(1543192,100)
(1956569,100)
(1502089,100)
(467961,200)
(34752,500)
(47208,100)
(481668,600)
(3384139,100)
(251618,100)
(55281,200)
(2437140,100)
(447927,200)
(8794126,100)
(1040505,100)
(1458764,100)
(1056021,200)
(440663,100)
(151943,200)
(48414,100)
(1554145,100)
(8839199,100)
(795390,100)
(1061430,100)
(3389224,100)
(155660,200)
(1158992,100)
(2799572,100)
(444425,100)
(1178819,100)
(25031,100)
(1627892,100)
(95692,100)
(1850566,100)
(238703,100)
(545199,2600)
(808872,100)
(8763201,100)
(1293677,100)
(8807329,100)
(985173,300)
(138948,200)
(97816,100)
(1292533,200)
(1513375,100)
(3046189,200)
(1368476,100)
