(3910672,100)
(1434136,300)
(1849547,100)
(8789048,200)
(161110,100)
(1007842,100)
(653961,100)
(414399,100)
(102971,200)
(787710,900)
(573951,200)
(4176848,23400)
(97732,100)
(2516914,100)
(568678,100)
(149934,100)
(4390813,100)
(606161,200)
(8776952,100)
(11907,200)
(5521483,100)
(30672,100)
(1201387,100)
(8917450,100)
(2811493,100)
(38944,300)
(499422,300)
(1846973,100)
(1384691,100)
(284042,100)
(3869,300)
(2077471,100)
(119720,200)
(4320522,100)
(289209,100)
(8790640,100)
(7677502,100)
(120142,100)
(107183,400)
(1051528,100)
(1756883,100)
(1019281,1600)
(552233,300)
(3235078,100)
(1268113,100)
(20123,400)
(5335363,100)
(3088081,100)
(613488,100)
(152615,100)
(1852228,100)
(108173,300)
(134101,200)
(81360,200)
(8147275,100)
(886882,700)
(5981654,400)
(251732,100)
(585255,100)
(1673203,100)
(2472427,100)
(629111,100)
(689692,100)
(565888,100)
(134750,400)
(8824570,100)
(98407,1300)
(1471306,200)
