(655025,200)
(1850223,100)
(440456,100)
(1291813,100)
(238352,100)
(692448,100)
(261428,100)
(1294063,900)
(9857,200)
(1422899,100)
(934971,200)
(10569,300)
(5574361,100)
(561614,100)
(55786,200)
(1484323,200)
(655359,100)
(5514231,100)
(1505699,200)
(2376166,100)
(726990,200)
(2936128,100)
(785706,100)
(1073734,200)
(1514987,100)
(5446,200)
(76990,800)
(8810190,100)
(1314538,200)
(655223,200)
(153392,100)
(5466866,100)
(47587,400)
(1955885,100)
(498408,100)
(628782,100)
(199725,100)
(1580966,100)
(56604,200)
(2131581,100)
(213449,600)
(728240,100)
(732245,200)
(55614,400)
(181373,100)
(2095807,100)
(4339,200)
(2282124,100)
(6535468,700)
(593781,8300)
(266315,400)
(1705026,100)
(7415109,300)
(792951,100)
(439854,100)
(598713,1100)
(7103619,100)
(2238141,100)
(2604676,100)
(215014,100)
(1164733,400)
(1147462,100)
(8231067,100)
(939561,300)
(16680,300)
