(238701,100)
(48782,100)
(8830222,100)
(1064552,700)
(4985175,100)
(56215,300)
(16633,100)
(623037,100)
(3407870,100)
(47990,100)
(4140145,3500)
(2595693,100)
(71182,100)
(9053,200)
(1502311,100)
(8813168,100)
(1216355,100)
(1503590,100)
(3130624,100)
(1951328,100)
(1977474,100)
(2648694,200)
(198364,200)
(98426,200)
(268276,100)
(1538178,100)
(1111937,100)
(618718,200)
(8797897,100)
(1714673,300)
(32338,300)
(950313,100)
(1350996,100)
(22988,200)
(189869,100)
(1641975,100)
(3310165,300)
(55991,200)
(101487,100)
(45325,100)
(8918207,100)
(243273,100)
(409549,1800)
(76411,100)
(31960,200)
(1504607,100)
(410880,200)
(1516596,100)
(2109926,100)
(548149,300)
(8781588,100)
(1311917,100)
(471234,100)
(663015,100)
(612246,100)
(8787168,400)
(48188,500)
(8804375,300)
(444775,300)
(2168552,100)
(680340,100)
(4231126,100)
(4106107,100)
(951493,100)
(490206,200)
(1499965,100)
(444720,100)
(5138,100)
(1315274,100)
(8783054,200)
(3354095,100)
