(1386583,100)
(16166,100)
(6524243,100)
(621625,100)
(68457,100)
(214357,100)
(7028216,200)
(8766711,4500)
(733018,200)
(2160038,100)
(3377118,100)
(107004,100)
(268961,100)
(5931985,100)
(1341979,200)
(7722,100)
(3341522,100)
(125572,100)
(548537,100)
(217264,100)
(585211,100)
(8793441,100)
(2860392,200)
(3593587,200)
(426569,100)
(1203143,100)
(5332287,100)
(217994,100)
(1291056,100)
(1238578,500)
(133393,200)
(1222070,200)
(992417,100)
(388003,300)
(455936,100)
(2172864,400)
(29135,300)
(59448,100)
(8824923,100)
(222123,100)
(106087,100)
(1449745,100)
(8777421,100)
(23456,700)
(699963,300)
(4106135,100)
(48693,700)
(91910,100)
(8820288,200)
(2674885,100)
(1605372,1800)
(88789,100)
(645025,1900)
(8767459,300)
(1485727,100)
(1368646,100)
(240042,100)
(4628190,100)
(386654,100)
(2257068,100)
(1430411,100)
(2073549,300)
(3389133,100)
(2206604,100)
(2175302,100)
(265775,300)
(8775126,200)
(3898264,400)
(4831086,200)
(732145,300)
(47153,200)
(1629,100)
(142014,200)
(216670,100)
(7579,100)
(68736,100)
(206752,100)
(1504194,200)
(397922,2900)
