(8768876,200)
(397638,100)
(293435,300)
(1299197,200)
(218014,200)
(13235,1300)
(429984,100)
(2660866,100)
(4179364,100)
(1510371,100)
(474876,100)
(125666,100)
(421694,100)
(925299,100)
(4404534,100)
(952965,100)
(1560367,100)
(498401,100)
(193599,100)
(8786461,100)
(3586354,100)
(1292239,300)
(428804,100)
(258858,100)
(654065,200)
(1315161,100)
(233404,200)
(1514728,100)
(89872,100)
(1449064,100)
(1675856,400)
(1162017,200)
(72375,100)
(1371592,100)
(654443,300)
(1287208,100)
(507545,100)
(8776228,300)
(629883,200)
(8791735,100)
(458496,100)
(654227,200)
(6535795,300)
(197180,400)
(31488,100)
(1455742,100)
(8765653,200)
(3910209,100)
(389790,1100)
(733706,200)
(8764979,100)
(1851441,100)
(8765338,9500)
(956763,100)
(2113296,100)
(939735,200)
(1498664,100)
(443753,100)
(269685,200)
(1471285,100)
(63050,200)
(1374625,400)
(1307971,100)
(128889,100)
(383381,200)
