(56326,100)
(8765444,1200)
(5400049,200)
(547666,100)
(1506301,300)
(8778251,100)
(1041299,200)
(13837,3400)
(773548,800)
(1126574,100)
(2090083,100)
(222503,100)
(194875,100)
(700052,100)
(109121,200)
(4230977,100)
(228318,100)
(1851944,100)
(1498554,200)
(2472458,100)
(889135,1100)
(234852,300)
(8787503,100)
(270122,100)
(4412083,100)
(4234603,200)
(120371,100)
(8764436,8400)
(863061,100)
(496131,300)
(1288061,100)
(81715,500)
(52113,100)
(8767758,100)
(221964,100)
(604572,200)
(949903,200)
(895318,100)
(566395,100)
(41025,100)
(1848254,100)
(1506734,100)
(1499210,100)
(694609,100)
(1852439,100)
(1457234,100)
(8873390,200)
(8777108,100)
(569329,100)
(1190834,1500)
(443706,100)
(1581182,100)
(953016,200)
(136842,100)
(266910,100)
(86738,100)
(6564520,100)
(161600,200)
(1581209,100)
(948355,200)
(1143467,200)
(2443982,500)
(2765534,100)
(1844870,100)
(8776217,100)
(1068894,100)
(1029275,100)
(3252226,100)
(1685,400)
(4409762,100)
(694249,100)
(548098,100)
(4675299,100)
(5333062,200)
