(853955,100)
(23422,500)
(638134,200)
(1286541,300)
(1290744,100)
(437425,100)
(872350,100)
(91832,300)
(217285,100)
(72428,100)
(3530,1700)
(1561897,100)
(1383129,100)
(593710,200)
(3008697,100)
(404520,200)
(222108,100)
(1801652,3400)
(1119807,3200)
(963133,100)
(1105091,400)
(4196049,100)
(1484659,100)
(260160,100)
(1208880,100)
(42485,100)
(949562,100)
(1823685,100)
(1303910,100)
(979604,100)
(1292481,100)
(150450,100)
(1541385,500)
(3353441,100)
(7743,4500)
(115404,100)
(684430,300)
(55751,200)
(1070748,100)
(1755717,100)
(200742,200)
(854747,600)
(956636,100)
(4142886,300)
(8769324,100)
(1842242,100)
(15575,100)
(61772,500)
(4860294,100)
(2884669,100)
(1012634,700)
(3406082,100)
(4193934,100)
(4404560,1100)
(98259,100)
(1517049,200)
(4148033,3700)
(195136,300)
(899711,300)
(599822,200)
(1313865,100)
(652291,100)
(249721,100)
(4410798,100)
(1851765,100)
(1330640,100)
(3614892,100)
(1170990,300)
(187865,100)
