(3033308,100)
(1506543,100)
(5959020,100)
(54056,100)
(407687,100)
(2330,1300)
(1323591,100)
(743819,100)
(3032714,100)
(854375,100)
(550886,100)
(83496,100)
(512220,100)
(1224041,100)
(3128042,100)
(203872,100)
(3995518,100)
(23906,200)
(1052556,700)
(1094433,200)
(620608,100)
(5949292,400)
(515498,200)
(80552,300)
(985767,200)
(5479366,100)
(251590,100)
(4133469,100)
(1663602,100)
(3335880,100)
(3406566,100)
(1314762,100)
(8774307,200)
(85692,200)
(731407,100)
(292496,200)
(8772679,100)
(2458146,100)
(71561,300)
(1564224,100)
(1541616,100)
(1025943,100)
(1395,1100)
(2319708,100)
(124654,100)
(2266130,100)
(1296330,100)
(2791623,100)
(6617727,200)
(1234888,100)
(1291010,100)
(65009,100)
(4014317,200)
(108292,300)
(719357,100)
(2936848,800)
(2811675,100)
(20576,100)
(151483,100)
(489029,700)
(2706041,200)
(1786909,100)
(7252280,300)
(8852832,100)
(228875,100)
(3333431,100)
(4192734,100)
(8692038,300)
(781141,200)
(21232,300)
(5457171,100)
(878883,100)
(2863966,100)
(97716,200)
(266495,500)
(2661618,100)
