(1292871,100)
(547381,100)
(72322,200)
(131553,100)
(42938,100)
(3895317,100)
(8824893,100)
(1505991,100)
(220734,100)
(2700782,2700)
(1552962,100)
(414946,200)
(610632,100)
(302445,300)
(693514,100)
(219420,100)
(2208815,100)
(269272,100)
(91808,200)
(3476583,400)
(1847772,100)
(224055,100)
(648181,100)
(120348,200)
(3386222,100)
(1553097,100)
(85977,200)
(2610043,100)
(1217054,100)
(442684,200)
(1230545,100)
(2444354,100)
(234135,200)
(2960775,100)
(1312751,100)
(33118,100)
(549497,1200)
(203742,200)
(1389135,500)
(1850273,200)
(8768049,100)
(483102,100)
(1849239,200)
(196417,800)
(1581096,100)
(5398416,100)
(150543,600)
(2905848,100)
(7900024,700)
(410715,100)
(119070,100)
(499646,200)
(565110,2100)
(676342,200)
(269416,200)
(593759,200)
(1955466,100)
(1846944,100)
(185167,100)
(151713,100)
(1219016,100)
(28655,200)
(253396,100)
(98252,100)
(1657182,100)
(80594,100)
(1548084,100)
(217143,100)
(3309416,200)
(1207569,100)
(6769617,3800)
(1179192,100)
(1690400,100)
