(3060529,100)
(1328492,100)
(1488936,100)
(1846637,100)
(8769263,100)
(652004,100)
(8784770,100)
(1236944,2000)
(97649,200)
(558801,300)
(20814,300)
(1514774,100)
(149634,200)
(151181,300)
(1383130,100)
(867493,200)
(476910,400)
(3407669,2000)
(1722553,100)
(62746,100)
(235728,100)
(59353,100)
(3353281,100)
(2665015,600)
(2463785,1400)
(3384214,100)
(1499213,100)
(266814,100)
(1427735,100)
(152289,100)
(281682,100)
(3378509,100)
(102932,100)
(1486604,100)
(122219,100)
(3353362,100)
(479917,200)
(4723009,600)
(1510327,200)
(598519,200)
(55159,300)
(1749095,100)
(5472106,100)
(649675,200)
(1197344,100)
(2141250,100)
(4078123,400)
(17494,200)
(950896,100)
(620702,200)
(952957,200)
(96028,1100)
(1848194,100)
(8838211,200)
(565056,100)
(2883662,100)
(713501,400)
(884133,100)
(1069751,3600)
(5660738,200)
