(13216,100)
(2475933,100)
(4457490,400)
(2285222,100)
(3895710,100)
(44041,200)
(402388,200)
(414628,100)
(3245621,100)
(1850234,100)
(3387624,100)
(443789,200)
(220614,100)
(3391746,600)
(44005,500)
(134700,700)
(655414,100)
(8791789,300)
(1087461,100)
(4963605,100)
(5662446,100)
(1498267,200)
(1214261,100)
(116322,100)
(2871537,100)
(2655438,1700)
(3347844,200)
(1850135,100)
(951505,100)
(8781690,100)
(270547,200)
(614608,100)
(4451504,100)
(2744673,1100)
(375406,100)
(378052,100)
(1873275,100)
(102840,100)
(1319256,100)
(152700,200)
(429136,300)
(80591,200)
(948860,100)
(8784246,100)
(258776,200)
(557396,7000)
(618875,300)
(1498410,100)
(773792,200)
(1839336,100)
(71429,16900)
(620809,300)
(8764428,20300)
(4647020,5300)
(42025,100)
