(4195294,100)
(414755,500)
(6529512,100)
(4971003,100)
(391535,500)
(195272,300)
(11679,200)
(482336,100)
(1390771,200)
(6820752,300)
(1291717,100)
(678014,100)
(364698,900)
(2066460,1400)
(1845132,100)
(1308835,200)
(790622,2100)
(429542,200)
(55914,200)
(494388,100)
(875141,100)
(261133,100)
(1212200,800)
(1516339,200)
(486585,200)
(1581210,100)
(19356,200)
(1745818,400)
(1005381,100)
(4194565,100)
(43872,300)
(46725,300)
(38904,100)
(55617,200)
(618830,100)
(3432840,100)
(505475,300)
(3061888,100)
(1658693,1100)
(3332355,100)
(722645,100)
(1293337,100)
(619901,200)
(1292707,200)
(1335628,100)
(5952698,100)
(3562530,100)
(4525477,600)
(539270,100)
(217943,500)
(644912,300)
(950408,100)
(3482953,200)
(917531,200)
(1588745,100)
(1403479,200)
(1353682,200)
(250081,100)
(653110,100)
(257499,100)
(8817772,100)
(3353659,100)
(1090585,100)
(4602,600)
(3367915,100)
(1542105,100)
(232801,100)
(981927,100)
(8831181,100)
