(653490,100)
(7754,200)
(8879496,100)
(5047298,100)
(8786165,100)
(1315180,100)
(268263,100)
(1517438,100)
(5971896,100)
(8781395,100)
(8787650,100)
(8768921,300)
(2114188,200)
(8824720,100)
(1133263,100)
(4987638,1800)
(2452075,100)
(258426,100)
(33487,100)
(5672924,100)
(2437504,100)
(549496,3100)
(1287227,100)
(2689514,100)
(140246,100)
(1696115,300)
(629389,200)
(2561100,100)
(1510688,100)
(1983545,100)
(2662711,100)
(6539954,400)
(984286,100)
(676936,200)
(421406,200)
(1504153,100)
(3578255,100)
(8802427,100)
(4163984,200)
(408681,500)
(3169808,100)
(270134,200)
(1159256,1700)
(144936,100)
(10031,200)
(420830,100)
(819018,100)
(2648483,100)
(1546904,100)
(4074019,100)
(1293130,100)
(197343,100)
(243792,100)
(1509374,100)
(1210681,200)
(268506,100)
(2787641,1400)
(134423,100)
(1351937,100)
(594414,400)
(11319,100)
(1291187,100)
(16026,9100)
(4106725,100)
