(1012642,100)
(8854201,100)
(4024174,100)
(1309238,4700)
(8774110,300)
(1603349,100)
(1532212,100)
(4627238,500)
(3911710,100)
(377043,300)
(1512548,100)
(226248,100)
(1641996,100)
(1458314,200)
(1893191,100)
(235301,100)
(589930,100)
(101002,100)
(294874,100)
(502098,500)
(8793588,100)
(1314746,300)
(548115,200)
(293136,300)
(2084251,100)
(134619,100)
(5029277,100)
(4192501,100)
(218067,100)
(1619207,100)
(5889,100)
(1292101,100)
(1015810,100)
(94289,300)
(5398232,100)
(3389081,100)
(4224019,600)
(145329,200)
(667528,100)
(1501405,100)
(1449026,100)
(3278183,100)
(1173419,100)
(77279,100)
(299581,200)
(64787,100)
(3087536,100)
(239550,100)
(8800408,100)
(950514,400)
(120326,100)
(1057166,200)
(1846364,100)
(1593071,100)
(34339,100)
(406879,100)
(594565,200)
(203559,500)
(954565,300)
(453471,100)
