(234091,300)
(1845298,100)
(1512417,100)
(122644,100)
(2683341,400)
(2968868,100)
(4117914,100)
(667154,100)
(1514569,200)
(1217532,100)
(55188,200)
(4075047,700)
(2802005,100)
(195662,200)
(257988,400)
(68986,100)
(4440988,3600)
(1017985,100)
(2091546,100)
(517899,200)
(6964,200)
(1186609,100)
(8834677,100)
(399459,400)
(54891,200)
(1376130,100)
(8832228,200)
(1846945,100)
(62180,100)
(383131,100)
(1227586,100)
(983162,100)
(32543,100)
(1288570,100)
(684407,100)
(8765656,900)
(1352172,100)
(293456,200)
(395147,200)
(4571947,100)
(4106349,100)
(3388933,100)
(8841787,100)
(3032702,200)
(3368890,100)
(401013,100)
(3203711,100)
(8926288,100)
(485813,200)
(1042842,100)
(1509,100)
(952931,100)
(8787670,200)
(1174288,100)
(686298,800)
(1511779,100)
