(2907856,200)
(1778284,500)
(444124,200)
(1433640,100)
(1755739,100)
(107227,300)
(566264,100)
(8764260,200)
(4411557,100)
(263710,100)
(1150509,100)
(3281139,100)
(1846107,100)
(649109,200)
(1848321,100)
(8767942,800)
(4960747,100)
(718166,100)
(2716173,100)
(17973,100)
(627428,100)
(56051,100)
(2808144,100)
(97533,500)
(5456403,100)
(984594,100)
(2421576,100)
(1697152,100)
(2396980,100)
(341010,400)
(3472975,100)
(633151,100)
(2166,6900)
(376409,100)
(3561660,800)
(1462828,100)
(1221311,200)
(3192516,100)
(2513880,100)
(56583,100)
(4191624,100)
(2208960,100)
(47321,200)
(2068740,100)
(8785726,100)
(195194,300)
(2101788,100)
(510634,100)
(3154716,100)
(4368899,200)
(3072230,300)
(1180380,100)
(150391,200)
(1870605,100)
(558722,100)
(8778373,100)
(3073932,100)
(1900142,100)
(1516657,100)
(25398,100)
