(18991,200)
(91710,100)
(1353758,100)
(3602854,100)
(67069,100)
(877350,100)
(601247,100)
(1818352,100)
(4960793,100)
(7626599,100)
(93529,100)
(287094,200)
(440390,200)
(211033,100)
(427917,100)
(194259,100)
(2885852,100)
(1556627,100)
(368634,500)
(774039,300)
(1048405,100)
(1414110,300)
(2237761,1600)
(22428,100)
(40365,100)
(616232,100)
(645159,2400)
(12861,100)
(3353419,100)
(2944793,100)
(72676,300)
(430788,300)
(8838278,100)
(513290,300)
(1846531,100)
(506603,100)
(1160752,200)
(3144547,100)
(36621,700)
(52380,300)
(52407,300)
(53073,100)
(1513624,100)
(3351817,100)
(724601,100)
(429177,400)
(370424,700)
(2116053,100)
(3383948,100)
(2872117,100)
(8777195,100)
(1910089,300)
(547996,300)
(1499694,100)
(2085797,100)
(148836,400)
(146694,300)
(480747,100)
(44028,100)
